175 615 100 5 75 0.01 0.5
98 628 100 5 75 0.01 0.5
189 769 100 5 75 0.01 0.5
93 596 100 5 75 0.01 0.5
74 608 100 5 75 0.01 0.52
100 640 100 5 75 0.01 0.52
80 652 100 5 75 0.01 0.52
98 628 100 5 75 0.01 0.52
89 738 100 5 75 0.01 0.54
69 562 100 5 75 0.01 0.54
88 724 100 5 75 0.01 0.54
87 721 100 5 75 0.01 0.54
93 604 100 5 75 0.01 0.56
99 738 100 5 75 0.01 0.56
123 821 100 5 75 0.01 0.56
88 725 100 5 75 0.01 0.56
60 487 100 5 75 0.01 0.58
74 632 100 5 75 0.01 0.58
82 590 100 5 75 0.01 0.58
84 736 100 5 75 0.01 0.58
45 401 100 5 75 0.01 0.6
36 321 100 5 75 0.01 0.6
61 539 100 5 75 0.01 0.6
51 471 100 5 75 0.01 0.6
45 404 100 5 75 0.01 0.62
36 339 100 5 75 0.01 0.62
44 394 100 5 75 0.01 0.62
56 518 100 5 75 0.01 0.62
45 407 100 5 75 0.01 0.64
38 345 100 5 75 0.01 0.64
52 466 100 5 75 0.01 0.64
49 451 100 5 75 0.01 0.64
30 276 100 5 75 0.01 0.66
35 320 100 5 75 0.01 0.66
47 388 100 5 75 0.01 0.66
39 372 100 5 75 0.01 0.66
36 339 100 5 75 0.01 0.68
46 424 100 5 75 0.01 0.68
51 473 100 5 75 0.01 0.68
38 358 100 5 75 0.01 0.68
43 396 100 5 75 0.01 0.7
34 316 100 5 75 0.01 0.7
45 418 100 5 75 0.01 0.7
87 819 100 5 75 0.01 0.7
56 477 100 5 75 0.015 0.5
55 476 100 5 75 0.015 0.5
75 615 100 5 75 0.015 0.5
43 375 100 5 75 0.015 0.5
50 429 100 5 75 0.015 0.52
45 394 100 5 75 0.015 0.52
64 532 100 5 75 0.015 0.52
57 490 100 5 75 0.015 0.52
60 521 100 5 75 0.015 0.54
57 491 100 5 75 0.015 0.54
60 518 100 5 75 0.015 0.54
78 666 100 5 75 0.015 0.54
46 401 100 5 75 0.015 0.56
77 646 100 5 75 0.015 0.56
69 601 100 5 75 0.015 0.56
62 540 100 5 75 0.015 0.56
58 502 100 5 75 0.015 0.58
49 427 100 5 75 0.015 0.58
46 401 100 5 75 0.015 0.58
72 607 100 5 75 0.015 0.58
42 388 100 5 75 0.015 0.6
28 256 100 5 75 0.015 0.6
48 443 100 5 75 0.015 0.6
26 236 100 5 75 0.015 0.6
33 303 100 5 75 0.015 0.62
24 225 100 5 75 0.015 0.62
43 393 100 5 75 0.015 0.62
31 293 100 5 75 0.015 0.62
27 255 100 5 75 0.015 0.64
24 218 100 5 75 0.015 0.64
39 354 100 5 75 0.015 0.64
28 260 100 5 75 0.015 0.64
17 167 100 5 75 0.015 0.66
26 234 100 5 75 0.015 0.66
31 289 100 5 75 0.015 0.66
18 175 100 5 75 0.015 0.66
29 268 100 5 75 0.015 0.68
29 263 100 5 75 0.015 0.68
39 347 100 5 75 0.015 0.68
26 241 100 5 75 0.015 0.68
37 303 100 5 75 0.015 0.7
30 282 100 5 75 0.015 0.7
41 320 100 5 75 0.015 0.7
34 315 100 5 75 0.015 0.7
51 426 100 5 75 0.02 0.5
50 432 100 5 75 0.02 0.5
84 696 100 5 75 0.02 0.5
38 340 100 5 75 0.02 0.5
81 675 100 5 75 0.02 0.52
38 342 100 5 75 0.02 0.52
46 405 100 5 75 0.02 0.52
78 651 100 5 75 0.02 0.52
34 301 100 5 75 0.02 0.54
33 285 100 5 75 0.02 0.54
50 439 100 5 75 0.02 0.54
37 329 100 5 75 0.02 0.54
27 238 100 5 75 0.02 0.56
54 460 100 5 75 0.02 0.56
46 402 100 5 75 0.02 0.56
40 357 100 5 75 0.02 0.56
44 344 100 5 75 0.02 0.58
48 405 100 5 75 0.02 0.58
69 556 100 5 75 0.02 0.58
73 629 100 5 75 0.02 0.58
30 246 100 5 75 0.02 0.6
24 225 100 5 75 0.02 0.6
33 276 100 5 75 0.02 0.6
29 270 100 5 75 0.02 0.6
15 145 100 5 75 0.02 0.62
29 265 100 5 75 0.02 0.62
28 261 100 5 75 0.02 0.62
36 342 100 5 75 0.02 0.62
19 181 100 5 75 0.02 0.64
27 245 100 5 75 0.02 0.64
27 254 100 5 75 0.02 0.64
34 324 100 5 75 0.02 0.64
17 157 100 5 75 0.02 0.66
40 359 100 5 75 0.02 0.66
38 353 100 5 75 0.02 0.66
22 205 100 5 75 0.02 0.66
37 338 100 5 75 0.02 0.68
33 302 100 5 75 0.02 0.68
49 450 100 5 75 0.02 0.68
32 293 100 5 75 0.02 0.68
31 278 100 5 75 0.02 0.7
21 185 100 5 75 0.02 0.7
30 273 100 5 75 0.02 0.7
35 312 100 5 75 0.02 0.7
89 650 100 5 100 0.01 0.5
98 710 100 5 100 0.01 0.5
116 791 100 5 100 0.01 0.5
89 642 100 5 100 0.01 0.5
78 564 100 5 100 0.01 0.52
73 577 100 5 100 0.01 0.52
84 617 100 5 100 0.01 0.52
99 833 100 5 100 0.01 0.52
92 843 100 5 100 0.01 0.54
78 728 100 5 100 0.01 0.54
71 668 100 5 100 0.01 0.54
106 952 100 5 100 0.01 0.54
90 821 100 5 100 0.01 0.56
67 615 100 5 100 0.01 0.56
87 796 100 5 100 0.01 0.56
90 836 100 5 100 0.01 0.56
87 781 100 5 100 0.01 0.58
57 553 100 5 100 0.01 0.58
89 821 100 5 100 0.01 0.58
67 652 100 5 100 0.01 0.58
34 372 100 5 100 0.01 0.6
50 526 100 5 100 0.01 0.6
43 470 100 5 100 0.01 0.6
42 452 100 5 100 0.01 0.6
39 419 100 5 100 0.01 0.62
31 346 100 5 100 0.01 0.62
37 407 100 5 100 0.01 0.62
44 491 100 5 100 0.01 0.62
28 298 100 5 100 0.01 0.64
36 398 100 5 100 0.01 0.64
30 330 100 5 100 0.01 0.64
46 519 100 5 100 0.01 0.64
34 377 100 5 100 0.01 0.66
29 317 100 5 100 0.01 0.66
45 486 100 5 100 0.01 0.66
30 354 100 5 100 0.01 0.66
31 325 100 5 100 0.01 0.68
48 455 100 5 100 0.01 0.68
36 382 100 5 100 0.01 0.68
46 428 100 5 100 0.01 0.68
40 351 100 5 100 0.01 0.7
41 443 100 5 100 0.01 0.7
54 494 100 5 100 0.01 0.7
30 331 100 5 100 0.01 0.7
71 648 100 5 100 0.015 0.5
54 511 100 5 100 0.015 0.5
68 611 100 5 100 0.015 0.5
73 660 100 5 100 0.015 0.5
44 405 100 5 100 0.015 0.52
45 440 100 5 100 0.015 0.52
63 581 100 5 100 0.015 0.52
98 889 100 5 100 0.015 0.52
62 583 100 5 100 0.015 0.54
46 424 100 5 100 0.015 0.54
64 586 100 5 100 0.015 0.54
63 577 100 5 100 0.015 0.54
57 497 100 5 100 0.015 0.56
60 580 100 5 100 0.015 0.56
66 568 100 5 100 0.015 0.56
73 673 100 5 100 0.015 0.56
69 570 100 5 100 0.015 0.58
58 541 100 5 100 0.015 0.58
81 664 100 5 100 0.015 0.58
58 542 100 5 100 0.015 0.58
30 299 100 5 100 0.015 0.6
21 230 100 5 100 0.015 0.6
34 354 100 5 100 0.015 0.6
25 275 100 5 100 0.015 0.6
22 260 100 5 100 0.015 0.62
26 296 100 5 100 0.015 0.62
28 315 100 5 100 0.015 0.62
31 352 100 5 100 0.015 0.62
35 357 100 5 100 0.015 0.64
22 252 100 5 100 0.015 0.64
27 301 100 5 100 0.015 0.64
33 363 100 5 100 0.015 0.64
22 238 100 5 100 0.015 0.66
22 249 100 5 100 0.015 0.66
31 340 100 5 100 0.015 0.66
17 201 100 5 100 0.015 0.66
32 346 100 5 100 0.015 0.68
25 283 100 5 100 0.015 0.68
38 409 100 5 100 0.015 0.68
22 236 100 5 100 0.015 0.68
21 231 100 5 100 0.015 0.7
26 290 100 5 100 0.015 0.7
21 236 100 5 100 0.015 0.7
39 436 100 5 100 0.015 0.7
52 474 100 5 100 0.02 0.5
52 486 100 5 100 0.02 0.5
39 389 100 5 100 0.02 0.5
70 629 100 5 100 0.02 0.5
56 509 100 5 100 0.02 0.52
49 455 100 5 100 0.02 0.52
77 688 100 5 100 0.02 0.52
33 333 100 5 100 0.02 0.52
42 396 100 5 100 0.02 0.54
56 520 100 5 100 0.02 0.54
72 645 100 5 100 0.02 0.54
44 424 100 5 100 0.02 0.54
65 584 100 5 100 0.02 0.56
36 344 100 5 100 0.02 0.56
52 486 100 5 100 0.02 0.56
69 648 100 5 100 0.02 0.56
48 451 100 5 100 0.02 0.58
41 399 100 5 100 0.02 0.58
62 572 100 5 100 0.02 0.58
35 337 100 5 100 0.02 0.58
19 210 100 5 100 0.02 0.6
41 453 100 5 100 0.02 0.6
42 454 100 5 100 0.02 0.6
22 252 100 5 100 0.02 0.6
24 260 100 5 100 0.02 0.62
23 260 100 5 100 0.02 0.62
26 281 100 5 100 0.02 0.62
24 265 100 5 100 0.02 0.62
23 254 100 5 100 0.02 0.64
33 279 100 5 100 0.02 0.64
40 429 100 5 100 0.02 0.64
32 296 100 5 100 0.02 0.64
24 275 100 5 100 0.02 0.66
21 231 100 5 100 0.02 0.66
33 358 100 5 100 0.02 0.66
34 382 100 5 100 0.02 0.66
26 229 100 5 100 0.02 0.68
22 245 100 5 100 0.02 0.68
27 241 100 5 100 0.02 0.68
26 285 100 5 100 0.02 0.68
24 261 100 5 100 0.02 0.7
15 165 100 5 100 0.02 0.7
20 213 100 5 100 0.02 0.7
37 404 100 5 100 0.02 0.7
103 852 100 5 125 0.01 0.5
43 394 100 5 125 0.01 0.5
117 946 100 5 125 0.01 0.5
69 614 100 5 125 0.01 0.5
55 484 100 5 125 0.01 0.52
68 571 100 5 125 0.01 0.52
85 695 100 5 125 0.01 0.52
85 733 100 5 125 0.01 0.52
77 641 100 5 125 0.01 0.54
77 618 100 5 125 0.01 0.54
81 677 100 5 125 0.01 0.54
94 784 100 5 125 0.01 0.54
81 677 100 5 125 0.01 0.56
67 587 100 5 125 0.01 0.56
103 827 100 5 125 0.01 0.56
91 751 100 5 125 0.01 0.56
52 466 100 5 125 0.01 0.58
66 548 100 5 125 0.01 0.58
83 692 100 5 125 0.01 0.58
68 600 100 5 125 0.01 0.58
28 301 100 5 125 0.01 0.6
37 382 100 5 125 0.01 0.6
33 349 100 5 125 0.01 0.6
40 418 100 5 125 0.01 0.6
31 308 100 5 125 0.01 0.62
39 412 100 5 125 0.01 0.62
38 387 100 5 125 0.01 0.62
33 349 100 5 125 0.01 0.62
34 348 100 5 125 0.01 0.64
27 273 100 5 125 0.01 0.64
42 432 100 5 125 0.01 0.64
42 431 100 5 125 0.01 0.64
23 247 100 5 125 0.01 0.66
43 434 100 5 125 0.01 0.66
63 627 100 5 125 0.01 0.66
43 474 100 5 125 0.01 0.66
31 316 100 5 125 0.01 0.68
50 498 100 5 125 0.01 0.68
37 380 100 5 125 0.01 0.68
50 511 100 5 125 0.01 0.68
33 342 100 5 125 0.01 0.7
29 292 100 5 125 0.01 0.7
33 339 100 5 125 0.01 0.7
39 407 100 5 125 0.01 0.7
44 385 100 5 125 0.015 0.5
79 648 100 5 125 0.015 0.5
53 462 100 5 125 0.015 0.5
95 740 100 5 125 0.015 0.5
41 363 100 5 125 0.015 0.52
60 507 100 5 125 0.015 0.52
84 679 100 5 125 0.015 0.52
51 467 100 5 125 0.015 0.52
72 596 100 5 125 0.015 0.54
73 590 100 5 125 0.015 0.54
107 835 100 5 125 0.015 0.54
67 554 100 5 125 0.015 0.54
45 388 100 5 125 0.015 0.56
65 524 100 5 125 0.015 0.56
76 603 100 5 125 0.015 0.56
63 523 100 5 125 0.015 0.56
68 508 100 5 125 0.015 0.58
42 367 100 5 125 0.015 0.58
71 528 100 5 125 0.015 0.58
78 653 100 5 125 0.015 0.58
34 331 100 5 125 0.015 0.6
23 240 100 5 125 0.015 0.6
35 357 100 5 125 0.015 0.6
31 314 100 5 125 0.015 0.6
30 311 100 5 125 0.015 0.62
35 357 100 5 125 0.015 0.62
27 302 100 5 125 0.015 0.62
39 398 100 5 125 0.015 0.62
26 269 100 5 125 0.015 0.64
36 375 100 5 125 0.015 0.64
27 279 100 5 125 0.015 0.64
36 360 100 5 125 0.015 0.64
28 286 100 5 125 0.015 0.66
31 315 100 5 125 0.015 0.66
26 274 100 5 125 0.015 0.66
42 424 100 5 125 0.015 0.66
28 296 100 5 125 0.015 0.68
33 337 100 5 125 0.015 0.68
40 414 100 5 125 0.015 0.68
24 246 100 5 125 0.015 0.68
26 272 100 5 125 0.015 0.7
27 283 100 5 125 0.015 0.7
35 346 100 5 125 0.015 0.7
22 228 100 5 125 0.015 0.7
54 454 100 5 125 0.02 0.5
46 410 100 5 125 0.02 0.5
61 503 100 5 125 0.02 0.5
43 370 100 5 125 0.02 0.5
28 257 100 5 125 0.02 0.52
44 377 100 5 125 0.02 0.52
48 412 100 5 125 0.02 0.52
56 488 100 5 125 0.02 0.52
47 412 100 5 125 0.02 0.54
57 487 100 5 125 0.02 0.54
55 469 100 5 125 0.02 0.54
60 487 100 5 125 0.02 0.54
58 497 100 5 125 0.02 0.56
50 417 100 5 125 0.02 0.56
99 781 100 5 125 0.02 0.56
65 546 100 5 125 0.02 0.56
41 368 100 5 125 0.02 0.58
36 318 100 5 125 0.02 0.58
48 414 100 5 125 0.02 0.58
35 317 100 5 125 0.02 0.58
16 161 100 5 125 0.02 0.6
23 233 100 5 125 0.02 0.6
26 262 100 5 125 0.02 0.6
17 187 100 5 125 0.02 0.6
34 343 100 5 125 0.02 0.62
22 228 100 5 125 0.02 0.62
27 281 100 5 125 0.02 0.62
30 313 100 5 125 0.02 0.62
21 220 100 5 125 0.02 0.64
35 282 100 5 125 0.02 0.64
38 304 100 5 125 0.02 0.64
22 243 100 5 125 0.02 0.64
20 214 100 5 125 0.02 0.66
19 213 100 5 125 0.02 0.66
23 210 100 5 125 0.02 0.66
26 271 100 5 125 0.02 0.66
22 227 100 5 125 0.02 0.68
31 306 100 5 125 0.02 0.68
33 332 100 5 125 0.02 0.68
31 324 100 5 125 0.02 0.68
16 163 100 5 125 0.02 0.7
16 176 100 5 125 0.02 0.7
25 263 100 5 125 0.02 0.7
19 204 100 5 125 0.02 0.7
216 1651 100 10 75 0.01 0.5
215 1602 100 10 75 0.01 0.5
244 1868 100 10 75 0.01 0.5
188 1365 100 10 75 0.01 0.5
76 627 100 10 75 0.01 0.52
82 656 100 10 75 0.01 0.52
103 821 100 10 75 0.01 0.52
111 905 100 10 75 0.01 0.52
71 573 100 10 75 0.01 0.54
72 563 100 10 75 0.01 0.54
103 823 100 10 75 0.01 0.54
68 522 100 10 75 0.01 0.54
81 572 100 10 75 0.01 0.56
74 611 100 10 75 0.01 0.56
118 856 100 10 75 0.01 0.56
91 749 100 10 75 0.01 0.56
69 515 100 10 75 0.01 0.58
91 726 100 10 75 0.01 0.58
125 938 100 10 75 0.01 0.58
38 304 100 10 75 0.01 0.58
31 267 100 10 75 0.01 0.6
56 476 100 10 75 0.01 0.6
61 496 100 10 75 0.01 0.6
44 384 100 10 75 0.01 0.6
47 387 100 10 75 0.01 0.62
35 305 100 10 75 0.01 0.62
37 303 100 10 75 0.01 0.62
47 403 100 10 75 0.01 0.62
55 439 100 10 75 0.01 0.64
39 340 100 10 75 0.01 0.64
46 396 100 10 75 0.01 0.64
51 433 100 10 75 0.01 0.64
37 310 100 10 75 0.01 0.66
51 426 100 10 75 0.01 0.66
45 368 100 10 75 0.01 0.66
47 389 100 10 75 0.01 0.66
41 344 100 10 75 0.01 0.68
29 262 100 10 75 0.01 0.68
32 280 100 10 75 0.01 0.68
56 483 100 10 75 0.01 0.68
25 218 100 10 75 0.01 0.7
24 206 100 10 75 0.01 0.7
46 382 100 10 75 0.01 0.7
26 243 100 10 75 0.01 0.7
169 1222 100 10 75 0.015 0.5
100 776 100 10 75 0.015 0.5
121 872 100 10 75 0.015 0.5
159 1215 100 10 75 0.015 0.5
45 364 100 10 75 0.015 0.52
52 433 100 10 75 0.015 0.52
62 497 100 10 75 0.015 0.52
70 573 100 10 75 0.015 0.52
48 385 100 10 75 0.015 0.54
38 313 100 10 75 0.015 0.54
70 558 100 10 75 0.015 0.54
52 439 100 10 75 0.015 0.54
52 397 100 10 75 0.015 0.56
66 518 100 10 75 0.015 0.56
75 566 100 10 75 0.015 0.56
46 384 100 10 75 0.015 0.56
57 448 100 10 75 0.015 0.58
71 523 100 10 75 0.015 0.58
70 543 100 10 75 0.015 0.58
69 451 100 10 75 0.015 0.58
26 195 100 10 75 0.015 0.6
73 288 100 10 75 0.015 0.6
52 319 100 10 75 0.015 0.6
67 355 100 10 75 0.015 0.6
28 242 100 10 75 0.015 0.62
30 254 100 10 75 0.015 0.62
41 346 100 10 75 0.015 0.62
33 280 100 10 75 0.015 0.62
26 225 100 10 75 0.015 0.64
18 163 100 10 75 0.015 0.64
34 297 100 10 75 0.015 0.64
42 355 100 10 75 0.015 0.64
33 240 100 10 75 0.015 0.66
36 312 100 10 75 0.015 0.66
46 331 100 10 75 0.015 0.66
38 326 100 10 75 0.015 0.66
18 165 100 10 75 0.015 0.68
23 204 100 10 75 0.015 0.68
42 353 100 10 75 0.015 0.68
26 238 100 10 75 0.015 0.68
30 265 100 10 75 0.015 0.7
19 160 100 10 75 0.015 0.7
18 164 100 10 75 0.015 0.7
33 277 100 10 75 0.015 0.7
76 608 100 10 75 0.02 0.5
53 421 100 10 75 0.02 0.5
76 590 100 10 75 0.02 0.5
81 640 100 10 75 0.02 0.5
60 421 100 10 75 0.02 0.52
41 319 100 10 75 0.02 0.52
49 338 100 10 75 0.02 0.52
54 438 100 10 75 0.02 0.52
37 298 100 10 75 0.02 0.54
30 254 100 10 75 0.02 0.54
38 326 100 10 75 0.02 0.54
49 408 100 10 75 0.02 0.54
38 313 100 10 75 0.02 0.56
37 316 100 10 75 0.02 0.56
56 448 100 10 75 0.02 0.56
37 321 100 10 75 0.02 0.56
42 344 100 10 75 0.02 0.58
38 318 100 10 75 0.02 0.58
45 372 100 10 75 0.02 0.58
52 432 100 10 75 0.02 0.58
21 181 100 10 75 0.02 0.6
29 229 100 10 75 0.02 0.6
25 212 100 10 75 0.02 0.6
25 200 100 10 75 0.02 0.6
22 196 100 10 75 0.02 0.62
30 219 100 10 75 0.02 0.62
25 225 100 10 75 0.02 0.62
38 272 100 10 75 0.02 0.62
25 216 100 10 75 0.02 0.64
15 129 100 10 75 0.02 0.64
26 223 100 10 75 0.02 0.64
31 267 100 10 75 0.02 0.64
16 138 100 10 75 0.02 0.66
25 223 100 10 75 0.02 0.66
25 220 100 10 75 0.02 0.66
21 190 100 10 75 0.02 0.66
21 186 100 10 75 0.02 0.68
23 200 100 10 75 0.02 0.68
22 191 100 10 75 0.02 0.68
23 208 100 10 75 0.02 0.68
16 135 100 10 75 0.02 0.7
21 187 100 10 75 0.02 0.7
29 243 100 10 75 0.02 0.7
15 137 100 10 75 0.02 0.7
189 1259 100 10 100 0.01 0.5
220 1440 100 10 100 0.01 0.5
312 2002 100 10 100 0.01 0.5
2324 23026 100 10 100 0.01 0.5
86 623 100 10 100 0.01 0.52
75 554 100 10 100 0.01 0.52
172 1166 100 10 100 0.01 0.52
71 548 100 10 100 0.01 0.52
110 776 100 10 100 0.01 0.54
91 656 100 10 100 0.01 0.54
117 818 100 10 100 0.01 0.54
120 861 100 10 100 0.01 0.54
109 791 100 10 100 0.01 0.56
172 1179 100 10 100 0.01 0.56
186 1261 100 10 100 0.01 0.56
142 1022 100 10 100 0.01 0.56
110 778 100 10 100 0.01 0.58
74 547 100 10 100 0.01 0.58
130 898 100 10 100 0.01 0.58
106 774 100 10 100 0.01 0.58
52 413 100 10 100 0.01 0.6
70 520 100 10 100 0.01 0.6
79 615 100 10 100 0.01 0.6
54 441 100 10 100 0.01 0.6
51 393 100 10 100 0.01 0.62
54 429 100 10 100 0.01 0.62
48 380 100 10 100 0.01 0.62
62 469 100 10 100 0.01 0.62
48 378 100 10 100 0.01 0.64
46 357 100 10 100 0.01 0.64
50 393 100 10 100 0.01 0.64
66 526 100 10 100 0.01 0.64
38 285 100 10 100 0.01 0.66
48 374 100 10 100 0.01 0.66
48 361 100 10 100 0.01 0.66
55 426 100 10 100 0.01 0.66
25 211 100 10 100 0.01 0.68
48 378 100 10 100 0.01 0.68
31 259 100 10 100 0.01 0.68
53 414 100 10 100 0.01 0.68
42 271 100 10 100 0.01 0.7
25 209 100 10 100 0.01 0.7
49 332 100 10 100 0.01 0.7
30 242 100 10 100 0.01 0.7
151 1001 100 10 100 0.015 0.5
74 507 100 10 100 0.015 0.5
153 1015 100 10 100 0.015 0.5
142 930 100 10 100 0.015 0.5
80 577 100 10 100 0.015 0.52
61 453 100 10 100 0.015 0.52
95 664 100 10 100 0.015 0.52
64 476 100 10 100 0.015 0.52
92 417 100 10 100 0.015 0.54
61 455 100 10 100 0.015 0.54
76 334 100 10 100 0.015 0.54
86 596 100 10 100 0.015 0.54
59 403 100 10 100 0.015 0.56
39 294 100 10 100 0.015 0.56
53 361 100 10 100 0.015 0.56
73 527 100 10 100 0.015 0.56
49 360 100 10 100 0.015 0.58
63 460 100 10 100 0.015 0.58
70 506 100 10 100 0.015 0.58
110 778 100 10 100 0.015 0.58
35 278 100 10 100 0.015 0.6
27 230 100 10 100 0.015 0.6
32 259 100 10 100 0.015 0.6
37 271 100 10 100 0.015 0.6
46 354 100 10 100 0.015 0.62
30 244 100 10 100 0.015 0.62
52 388 100 10 100 0.015 0.62
24 204 100 10 100 0.015 0.62
30 250 100 10 100 0.015 0.64
46 314 100 10 100 0.015 0.64
57 430 100 10 100 0.015 0.64
50 351 100 10 100 0.015 0.64
33 271 100 10 100 0.015 0.66
32 250 100 10 100 0.015 0.66
33 266 100 10 100 0.015 0.66
33 265 100 10 100 0.015 0.66
28 227 100 10 100 0.015 0.68
51 362 100 10 100 0.015 0.68
41 306 100 10 100 0.015 0.68
46 366 100 10 100 0.015 0.68
16 137 100 10 100 0.015 0.7
24 181 100 10 100 0.015 0.7
21 175 100 10 100 0.015 0.7
24 166 100 10 100 0.015 0.7
111 596 100 10 100 0.02 0.5
99 435 100 10 100 0.02 0.5
19397 200000 100 10 100 0.02 0.5
116 776 100 10 100 0.02 0.5
48 346 100 10 100 0.02 0.52
30 228 100 10 100 0.02 0.52
25 201 100 10 100 0.02 0.52
63 461 100 10 100 0.02 0.52
41 279 100 10 100 0.02 0.54
31 238 100 10 100 0.02 0.54
46 313 100 10 100 0.02 0.54
44 324 100 10 100 0.02 0.54
55 381 100 10 100 0.02 0.56
52 394 100 10 100 0.02 0.56
35 275 100 10 100 0.02 0.56
72 496 100 10 100 0.02 0.56
56 427 100 10 100 0.02 0.58
27 219 100 10 100 0.02 0.58
54 399 100 10 100 0.02 0.58
52 385 100 10 100 0.02 0.58
27 229 100 10 100 0.02 0.6
28 225 100 10 100 0.02 0.6
43 328 100 10 100 0.02 0.6
21 175 100 10 100 0.02 0.6
25 202 100 10 100 0.02 0.62
22 181 100 10 100 0.02 0.62
33 252 100 10 100 0.02 0.62
21 169 100 10 100 0.02 0.62
19 167 100 10 100 0.02 0.64
21 169 100 10 100 0.02 0.64
18 154 100 10 100 0.02 0.64
26 203 100 10 100 0.02 0.64
29 239 100 10 100 0.02 0.66
29 236 100 10 100 0.02 0.66
39 313 100 10 100 0.02 0.66
30 211 100 10 100 0.02 0.66
22 192 100 10 100 0.02 0.68
22 181 100 10 100 0.02 0.68
31 241 100 10 100 0.02 0.68
32 257 100 10 100 0.02 0.68
17 148 100 10 100 0.02 0.7
15 132 100 10 100 0.02 0.7
20 170 100 10 100 0.02 0.7
14 117 100 10 100 0.02 0.7
306 1728 100 10 125 0.01 0.5
217 1264 100 10 125 0.01 0.5
311 1769 100 10 125 0.01 0.5
302 1723 100 10 125 0.01 0.5
106 670 100 10 125 0.01 0.52
104 672 100 10 125 0.01 0.52
139 883 100 10 125 0.01 0.52
171 1068 100 10 125 0.01 0.52
91 590 100 10 125 0.01 0.54
121 755 100 10 125 0.01 0.54
126 780 100 10 125 0.01 0.54
142 921 100 10 125 0.01 0.54
95 622 100 10 125 0.01 0.56
134 840 100 10 125 0.01 0.56
144 890 100 10 125 0.01 0.56
115 732 100 10 125 0.01 0.56
74 500 100 10 125 0.01 0.58
69 463 100 10 125 0.01 0.58
127 813 100 10 125 0.01 0.58
92 634 100 10 125 0.01 0.58
52 387 100 10 125 0.01 0.6
48 351 100 10 125 0.01 0.6
50 377 100 10 125 0.01 0.6
51 379 100 10 125 0.01 0.6
35 283 100 10 125 0.01 0.62
70 503 100 10 125 0.01 0.62
65 457 100 10 125 0.01 0.62
67 484 100 10 125 0.01 0.62
56 401 100 10 125 0.01 0.64
50 370 100 10 125 0.01 0.64
83 580 100 10 125 0.01 0.64
83 586 100 10 125 0.01 0.64
72 515 100 10 125 0.01 0.66
56 416 100 10 125 0.01 0.66
65 474 100 10 125 0.01 0.66
71 494 100 10 125 0.01 0.66
58 421 100 10 125 0.01 0.68
50 360 100 10 125 0.01 0.68
74 523 100 10 125 0.01 0.68
79 568 100 10 125 0.01 0.68
32 229 100 10 125 0.01 0.7
27 210 100 10 125 0.01 0.7
32 232 100 10 125 0.01 0.7
36 281 100 10 125 0.01 0.7
178 871 100 10 125 0.015 0.5
221 1084 100 10 125 0.015 0.5
228 1083 100 10 125 0.015 0.5
186 928 100 10 125 0.015 0.5
101 599 100 10 125 0.015 0.52
78 478 100 10 125 0.015 0.52
100 586 100 10 125 0.015 0.52
81 492 100 10 125 0.015 0.52
72 457 100 10 125 0.015 0.54
68 412 100 10 125 0.015 0.54
68 448 100 10 125 0.015 0.54
103 604 100 10 125 0.015 0.54
34 250 100 10 125 0.015 0.56
103 587 100 10 125 0.015 0.56
91 565 100 10 125 0.015 0.56
69 471 100 10 125 0.015 0.56
71 404 100 10 125 0.015 0.58
80 515 100 10 125 0.015 0.58
82 487 100 10 125 0.015 0.58
90 577 100 10 125 0.015 0.58
34 251 100 10 125 0.015 0.6
32 239 100 10 125 0.015 0.6
35 244 100 10 125 0.015 0.6
40 299 100 10 125 0.015 0.6
59 407 100 10 125 0.015 0.62
32 229 100 10 125 0.015 0.62
63 418 100 10 125 0.015 0.62
37 267 100 10 125 0.015 0.62
28 212 100 10 125 0.015 0.64
47 320 100 10 125 0.015 0.64
36 265 100 10 125 0.015 0.64
40 299 100 10 125 0.015 0.64
27 221 100 10 125 0.015 0.66
41 306 100 10 125 0.015 0.66
41 295 100 10 125 0.015 0.66
41 305 100 10 125 0.015 0.66
39 274 100 10 125 0.015 0.68
28 215 100 10 125 0.015 0.68
34 252 100 10 125 0.015 0.68
43 300 100 10 125 0.015 0.68
21 142 100 10 125 0.015 0.7
18 146 100 10 125 0.015 0.7
23 166 100 10 125 0.015 0.7
26 214 100 10 125 0.015 0.7
96 579 100 10 125 0.02 0.5
148 810 100 10 125 0.02 0.5
129 771 100 10 125 0.02 0.5
167 903 100 10 125 0.02 0.5
33 237 100 10 125 0.02 0.52
55 382 100 10 125 0.02 0.52
56 358 100 10 125 0.02 0.52
52 355 100 10 125 0.02 0.52
76 470 100 10 125 0.02 0.54
41 280 100 10 125 0.02 0.54
69 449 100 10 125 0.02 0.54
53 363 100 10 125 0.02 0.54
53 336 100 10 125 0.02 0.56
68 455 100 10 125 0.02 0.56
91 544 100 10 125 0.02 0.56
50 346 100 10 125 0.02 0.56
42 286 100 10 125 0.02 0.58
54 325 100 10 125 0.02 0.58
27 187 100 10 125 0.02 0.58
80 478 100 10 125 0.02 0.58
17 136 100 10 125 0.02 0.6
38 277 100 10 125 0.02 0.6
25 199 100 10 125 0.02 0.6
31 232 100 10 125 0.02 0.6
38 283 100 10 125 0.02 0.62
37 257 100 10 125 0.02 0.62
60 406 100 10 125 0.02 0.62
31 244 100 10 125 0.02 0.62
23 177 100 10 125 0.02 0.64
29 200 100 10 125 0.02 0.64
31 230 100 10 125 0.02 0.64
30 237 100 10 125 0.02 0.64
32 238 100 10 125 0.02 0.66
30 222 100 10 125 0.02 0.66
37 274 100 10 125 0.02 0.66
42 309 100 10 125 0.02 0.66
34 250 100 10 125 0.02 0.68
24 184 100 10 125 0.02 0.68
53 358 100 10 125 0.02 0.68
42 320 100 10 125 0.02 0.68
24 190 100 10 125 0.02 0.7
18 139 100 10 125 0.02 0.7
23 174 100 10 125 0.02 0.7
20 153 100 10 125 0.02 0.7
461 2759 100 15 75 0.01 0.5
399 2414 100 15 75 0.01 0.5
526 3175 100 15 75 0.01 0.5
633 3894 100 15 75 0.01 0.5
334 2031 100 15 75 0.01 0.52
448 2718 100 15 75 0.01 0.52
431 2618 100 15 75 0.01 0.52
1018 6323 100 15 75 0.01 0.52
153 928 100 15 75 0.01 0.54
209 1302 100 15 75 0.01 0.54
225 1377 100 15 75 0.01 0.54
198 1258 100 15 75 0.01 0.54
172 1036 100 15 75 0.01 0.56
350 2092 100 15 75 0.01 0.56
529 3178 100 15 75 0.01 0.56
302 1925 100 15 75 0.01 0.56
344 2120 100 15 75 0.01 0.58
194 1218 100 15 75 0.01 0.58
312 1929 100 15 75 0.01 0.58
324 2014 100 15 75 0.01 0.58
89 575 100 15 75 0.01 0.6
113 733 100 15 75 0.01 0.6
69 463 100 15 75 0.01 0.6
148 930 100 15 75 0.01 0.6
152 912 100 15 75 0.01 0.62
68 447 100 15 75 0.01 0.62
126 758 100 15 75 0.01 0.62
225 1439 100 15 75 0.01 0.62
120 738 100 15 75 0.01 0.64
112 699 100 15 75 0.01 0.64
142 887 100 15 75 0.01 0.64
142 823 100 15 75 0.01 0.64
89 586 100 15 75 0.01 0.66
101 665 100 15 75 0.01 0.66
126 803 100 15 75 0.01 0.66
83 556 100 15 75 0.01 0.66
35 240 100 15 75 0.01 0.68
41 287 100 15 75 0.01 0.68
52 351 100 15 75 0.01 0.68
71 475 100 15 75 0.01 0.68
45 297 100 15 75 0.01 0.7
35 243 100 15 75 0.01 0.7
47 318 100 15 75 0.01 0.7
71 494 100 15 75 0.01 0.7
311 1879 100 15 75 0.015 0.5
161 992 100 15 75 0.015 0.5
113 709 100 15 75 0.015 0.5
483 2933 100 15 75 0.015 0.5
231 1354 100 15 75 0.015 0.52
227 1359 100 15 75 0.015 0.52
352 2055 100 15 75 0.015 0.52
189 1169 100 15 75 0.015 0.52
101 623 100 15 75 0.015 0.54
146 916 100 15 75 0.015 0.54
114 714 100 15 75 0.015 0.54
140 867 100 15 75 0.015 0.54
109 697 100 15 75 0.015 0.56
62 406 100 15 75 0.015 0.56
107 631 100 15 75 0.015 0.56
103 652 100 15 75 0.015 0.56
50 335 100 15 75 0.015 0.58
74 461 100 15 75 0.015 0.58
206 1271 100 15 75 0.015 0.58
91 604 100 15 75 0.015 0.58
46 310 100 15 75 0.015 0.6
41 276 100 15 75 0.015 0.6
55 369 100 15 75 0.015 0.6
48 327 100 15 75 0.015 0.6
70 472 100 15 75 0.015 0.62
36 241 100 15 75 0.015 0.62
64 432 100 15 75 0.015 0.62
55 369 100 15 75 0.015 0.62
54 358 100 15 75 0.015 0.64
65 428 100 15 75 0.015 0.64
66 445 100 15 75 0.015 0.64
81 531 100 15 75 0.015 0.64
42 291 100 15 75 0.015 0.66
45 307 100 15 75 0.015 0.66
65 434 100 15 75 0.015 0.66
43 294 100 15 75 0.015 0.66
26 176 100 15 75 0.015 0.68
28 199 100 15 75 0.015 0.68
32 221 100 15 75 0.015 0.68
39 267 100 15 75 0.015 0.68
31 211 100 15 75 0.015 0.7
21 152 100 15 75 0.015 0.7
25 172 100 15 75 0.015 0.7
34 235 100 15 75 0.015 0.7
148 893 100 15 75 0.02 0.5
105 647 100 15 75 0.02 0.5
194 1170 100 15 75 0.02 0.5
126 793 100 15 75 0.02 0.5
47 302 100 15 75 0.02 0.52
231 1397 100 15 75 0.02 0.52
143 880 100 15 75 0.02 0.52
170 1039 100 15 75 0.02 0.52
64 416 100 15 75 0.02 0.54
69 451 100 15 75 0.02 0.54
50 321 100 15 75 0.02 0.54
131 827 100 15 75 0.02 0.54
65 363 100 15 75 0.02 0.56
71 460 100 15 75 0.02 0.56
89 519 100 15 75 0.02 0.56
65 428 100 15 75 0.02 0.56
71 446 100 15 75 0.02 0.58
58 380 100 15 75 0.02 0.58
87 550 100 15 75 0.02 0.58
47 319 100 15 75 0.02 0.58
26 183 100 15 75 0.02 0.6
38 259 100 15 75 0.02 0.6
46 304 100 15 75 0.02 0.6
35 250 100 15 75 0.02 0.6
34 238 100 15 75 0.02 0.62
42 261 100 15 75 0.02 0.62
53 318 100 15 75 0.02 0.62
47 323 100 15 75 0.02 0.62
55 360 100 15 75 0.02 0.64
30 209 100 15 75 0.02 0.64
61 398 100 15 75 0.02 0.64
55 366 100 15 75 0.02 0.64
26 183 100 15 75 0.02 0.66
41 276 100 15 75 0.02 0.66
33 232 100 15 75 0.02 0.66
41 287 100 15 75 0.02 0.66
30 212 100 15 75 0.02 0.68
30 208 100 15 75 0.02 0.68
32 220 100 15 75 0.02 0.68
38 251 100 15 75 0.02 0.68
21 150 100 15 75 0.02 0.7
25 166 100 15 75 0.02 0.7
53 356 100 15 75 0.02 0.7
28 205 100 15 75 0.02 0.7
993 5119 100 15 100 0.01 0.5
414 2060 100 15 100 0.01 0.5
974 5038 100 15 100 0.01 0.5
895 4572 100 15 100 0.01 0.5
817 4216 100 15 100 0.01 0.52
361 1910 100 15 100 0.01 0.52
397 2067 100 15 100 0.01 0.52
1043 5411 100 15 100 0.01 0.52
204 1085 100 15 100 0.01 0.54
331 1820 100 15 100 0.01 0.54
329 1744 100 15 100 0.01 0.54
406 2191 100 15 100 0.01 0.54
179 1002 100 15 100 0.01 0.56
211 1169 100 15 100 0.01 0.56
224 1251 100 15 100 0.01 0.56
318 1728 100 15 100 0.01 0.56
214 1185 100 15 100 0.01 0.58
243 1334 100 15 100 0.01 0.58
322 1739 100 15 100 0.01 0.58
614 3318 100 15 100 0.01 0.58
109 640 100 15 100 0.01 0.6
110 640 100 15 100 0.01 0.6
87 542 100 15 100 0.01 0.6
147 867 100 15 100 0.01 0.6
130 747 100 15 100 0.01 0.62
71 441 100 15 100 0.01 0.62
115 676 100 15 100 0.01 0.62
129 745 100 15 100 0.01 0.62
105 631 100 15 100 0.01 0.64
87 529 100 15 100 0.01 0.64
156 890 100 15 100 0.01 0.64
144 850 100 15 100 0.01 0.64
120 712 100 15 100 0.01 0.66
126 749 100 15 100 0.01 0.66
166 935 100 15 100 0.01 0.66
121 722 100 15 100 0.01 0.66
67 413 100 15 100 0.01 0.68
47 305 100 15 100 0.01 0.68
55 342 100 15 100 0.01 0.68
66 405 100 15 100 0.01 0.68
66 414 100 15 100 0.01 0.7
46 296 100 15 100 0.01 0.7
100 596 100 15 100 0.01 0.7
100 597 100 15 100 0.01 0.7
219 1089 100 15 100 0.015 0.5
436 2241 100 15 100 0.015 0.5
312 1559 100 15 100 0.015 0.5
457 2350 100 15 100 0.015 0.5
145 773 100 15 100 0.015 0.52
151 796 100 15 100 0.015 0.52
254 1328 100 15 100 0.015 0.52
336 1774 100 15 100 0.015 0.52
84 482 100 15 100 0.015 0.54
101 581 100 15 100 0.015 0.54
75 434 100 15 100 0.015 0.54
125 703 100 15 100 0.015 0.54
110 628 100 15 100 0.015 0.56
80 468 100 15 100 0.015 0.56
103 601 100 15 100 0.015 0.56
167 930 100 15 100 0.015 0.56
103 582 100 15 100 0.015 0.58
117 663 100 15 100 0.015 0.58
104 595 100 15 100 0.015 0.58
145 814 100 15 100 0.015 0.58
71 423 100 15 100 0.015 0.6
49 288 100 15 100 0.015 0.6
70 427 100 15 100 0.015 0.6
109 616 100 15 100 0.015 0.6
65 399 100 15 100 0.015 0.62
48 287 100 15 100 0.015 0.62
54 342 100 15 100 0.015 0.62
79 461 100 15 100 0.015 0.62
57 344 100 15 100 0.015 0.64
84 477 100 15 100 0.015 0.64
105 599 100 15 100 0.015 0.64
60 371 100 15 100 0.015 0.64
52 289 100 15 100 0.015 0.66
81 486 100 15 100 0.015 0.66
104 559 100 15 100 0.015 0.66
59 370 100 15 100 0.015 0.66
38 232 100 15 100 0.015 0.68
44 268 100 15 100 0.015 0.68
47 276 100 15 100 0.015 0.68
39 241 100 15 100 0.015 0.68
39 257 100 15 100 0.015 0.7
23 149 100 15 100 0.015 0.7
51 327 100 15 100 0.015 0.7
46 284 100 15 100 0.015 0.7
99 546 100 15 100 0.02 0.5
91 516 100 15 100 0.02 0.5
179 942 100 15 100 0.02 0.5
259 1372 100 15 100 0.02 0.5
100 506 100 15 100 0.02 0.52
220 1157 100 15 100 0.02 0.52
245 1223 100 15 100 0.02 0.52
216 1143 100 15 100 0.02 0.52
68 395 100 15 100 0.02 0.54
75 438 100 15 100 0.02 0.54
146 771 100 15 100 0.02 0.54
65 394 100 15 100 0.02 0.54
63 368 100 15 100 0.02 0.56
66 393 100 15 100 0.02 0.56
92 513 100 15 100 0.02 0.56
102 582 100 15 100 0.02 0.56
94 521 100 15 100 0.02 0.58
125 695 100 15 100 0.02 0.58
113 629 100 15 100 0.02 0.58
114 614 100 15 100 0.02 0.58
52 317 100 15 100 0.02 0.6
27 180 100 15 100 0.02 0.6
57 332 100 15 100 0.02 0.6
53 341 100 15 100 0.02 0.6
33 201 100 15 100 0.02 0.62
32 197 100 15 100 0.02 0.62
52 333 100 15 100 0.02 0.62
44 273 100 15 100 0.02 0.62
56 358 100 15 100 0.02 0.64
39 248 100 15 100 0.02 0.64
57 353 100 15 100 0.02 0.64
41 266 100 15 100 0.02 0.64
49 299 100 15 100 0.02 0.66
25 173 100 15 100 0.02 0.66
41 255 100 15 100 0.02 0.66
50 321 100 15 100 0.02 0.66
15 102 100 15 100 0.02 0.68
25 159 100 15 100 0.02 0.68
26 157 100 15 100 0.02 0.68
18 120 100 15 100 0.02 0.68
19 135 100 15 100 0.02 0.7
35 214 100 15 100 0.02 0.7
45 288 100 15 100 0.02 0.7
26 169 100 15 100 0.02 0.7
928 4180 100 15 125 0.01 0.5
638 2906 100 15 125 0.01 0.5
1244 5552 100 15 125 0.01 0.5
1089 4942 100 15 125 0.01 0.5
637 2878 100 15 125 0.01 0.52
458 2097 100 15 125 0.01 0.52
881 3920 100 15 125 0.01 0.52
1120 5081 100 15 125 0.01 0.52
218 1047 100 15 125 0.01 0.54
348 1642 100 15 125 0.01 0.54
285 1349 100 15 125 0.01 0.54
383 1782 100 15 125 0.01 0.54
263 1271 100 15 125 0.01 0.56
298 1425 100 15 125 0.01 0.56
382 1807 100 15 125 0.01 0.56
261 1284 100 15 125 0.01 0.56
167 829 100 15 125 0.01 0.58
233 1128 100 15 125 0.01 0.58
241 1152 100 15 125 0.01 0.58
171 841 100 15 125 0.01 0.58
202 967 100 15 125 0.01 0.6
70 415 100 15 125 0.01 0.6
161 810 100 15 125 0.01 0.6
192 1003 100 15 125 0.01 0.6
126 656 100 15 125 0.01 0.62
103 532 100 15 125 0.01 0.62
125 684 100 15 125 0.01 0.62
138 712 100 15 125 0.01 0.62
103 563 100 15 125 0.01 0.64
97 536 100 15 125 0.01 0.64
97 539 100 15 125 0.01 0.64
126 657 100 15 125 0.01 0.64
123 652 100 15 125 0.01 0.66
91 515 100 15 125 0.01 0.66
110 593 100 15 125 0.01 0.66
216 1101 100 15 125 0.01 0.66
50 306 100 15 125 0.01 0.68
98 516 100 15 125 0.01 0.68
106 567 100 15 125 0.01 0.68
69 398 100 15 125 0.01 0.68
84 487 100 15 125 0.01 0.7
48 291 100 15 125 0.01 0.7
104 580 100 15 125 0.01 0.7
46 287 100 15 125 0.01 0.7
314 1451 100 15 125 0.015 0.5
116 575 100 15 125 0.015 0.5
449 2011 100 15 125 0.015 0.5
367 1697 100 15 125 0.015 0.5
236 1092 100 15 125 0.015 0.52
413 1860 100 15 125 0.015 0.52
425 1919 100 15 125 0.015 0.52
446 2022 100 15 125 0.015 0.52
86 483 100 15 125 0.015 0.54
84 450 100 15 125 0.015 0.54
140 730 100 15 125 0.015 0.54
108 571 100 15 125 0.015 0.54
93 490 100 15 125 0.015 0.56
132 665 100 15 125 0.015 0.56
166 829 100 15 125 0.015 0.56
108 581 100 15 125 0.015 0.56
169 814 100 15 125 0.015 0.58
75 414 100 15 125 0.015 0.58
105 570 100 15 125 0.015 0.58
156 818 100 15 125 0.015 0.58
73 409 100 15 125 0.015 0.6
49 285 100 15 125 0.015 0.6
94 503 100 15 125 0.015 0.6
92 526 100 15 125 0.015 0.6
77 421 100 15 125 0.015 0.62
45 270 100 15 125 0.015 0.62
96 540 100 15 125 0.015 0.62
46 285 100 15 125 0.015 0.62
65 370 100 15 125 0.015 0.64
70 364 100 15 125 0.015 0.64
88 489 100 15 125 0.015 0.64
95 510 100 15 125 0.015 0.64
54 312 100 15 125 0.015 0.66
65 363 100 15 125 0.015 0.66
110 570 100 15 125 0.015 0.66
64 376 100 15 125 0.015 0.66
40 178 100 15 125 0.015 0.68
83 246 100 15 125 0.015 0.68
33 154 100 15 125 0.015 0.68
96 276 100 15 125 0.015 0.68
41 252 100 15 125 0.015 0.7
48 271 100 15 125 0.015 0.7
40 247 100 15 125 0.015 0.7
58 340 100 15 125 0.015 0.7
110 542 100 15 125 0.02 0.5
167 773 100 15 125 0.02 0.5
189 879 100 15 125 0.02 0.5
242 1116 100 15 125 0.02 0.5
285 1303 100 15 125 0.02 0.52
254 1156 100 15 125 0.02 0.52
301 1380 100 15 125 0.02 0.52
288 1336 100 15 125 0.02 0.52
69 376 100 15 125 0.02 0.54
70 363 100 15 125 0.02 0.54
54 292 100 15 125 0.02 0.54
120 596 100 15 125 0.02 0.54
111 550 100 15 125 0.02 0.56
89 448 100 15 125 0.02 0.56
138 697 100 15 125 0.02 0.56
91 507 100 15 125 0.02 0.56
96 493 100 15 125 0.02 0.58
79 432 100 15 125 0.02 0.58
104 540 100 15 125 0.02 0.58
97 486 100 15 125 0.02 0.58
32 203 100 15 125 0.02 0.6
63 345 100 15 125 0.02 0.6
65 360 100 15 125 0.02 0.6
93 489 100 15 125 0.02 0.6
52 270 100 15 125 0.02 0.62
48 267 100 15 125 0.02 0.62
101 489 100 15 125 0.02 0.62
59 353 100 15 125 0.02 0.62
52 283 100 15 125 0.02 0.64
45 254 100 15 125 0.02 0.64
52 284 100 15 125 0.02 0.64
48 267 100 15 125 0.02 0.64
39 242 100 15 125 0.02 0.66
37 223 100 15 125 0.02 0.66
33 208 100 15 125 0.02 0.66
48 262 100 15 125 0.02 0.66
30 180 100 15 125 0.02 0.68
26 165 100 15 125 0.02 0.68
26 162 100 15 125 0.02 0.68
48 290 100 15 125 0.02 0.68
33 158 100 15 125 0.02 0.7
28 170 100 15 125 0.02 0.7
55 272 100 15 125 0.02 0.7
27 175 100 15 125 0.02 0.7
4362 22131 100 20 75 0.01 0.5
1541 7902 100 20 75 0.01 0.5
4566 23196 100 20 75 0.01 0.5
8954 47001 100 20 75 0.01 0.5
1240 6163 100 20 75 0.01 0.52
1627 8197 100 20 75 0.01 0.52
2313 11631 100 20 75 0.01 0.52
1174 6035 100 20 75 0.01 0.52
714 3663 100 20 75 0.01 0.54
1038 5294 100 20 75 0.01 0.54
2009 10341 100 20 75 0.01 0.54
3435 18151 100 20 75 0.01 0.54
720 3713 100 20 75 0.01 0.56
615 3172 100 20 75 0.01 0.56
550 2835 100 20 75 0.01 0.56
1290 6682 100 20 75 0.01 0.56
970 4976 100 20 75 0.01 0.58
567 2914 100 20 75 0.01 0.58
553 2839 100 20 75 0.01 0.58
1013 5165 100 20 75 0.01 0.58
349 1814 100 20 75 0.01 0.6
148 793 100 20 75 0.01 0.6
376 1962 100 20 75 0.01 0.6
234 1238 100 20 75 0.01 0.6
334 1735 100 20 75 0.01 0.62
452 2348 100 20 75 0.01 0.62
288 1506 100 20 75 0.01 0.62
502 2602 100 20 75 0.01 0.62
541 2781 100 20 75 0.01 0.64
175 912 100 20 75 0.01 0.64
560 2894 100 20 75 0.01 0.64
286 1494 100 20 75 0.01 0.64
130 712 100 20 75 0.01 0.66
99 541 100 20 75 0.01 0.66
222 1176 100 20 75 0.01 0.66
272 1466 100 20 75 0.01 0.66
114 622 100 20 75 0.01 0.68
106 571 100 20 75 0.01 0.68
302 1573 100 20 75 0.01 0.68
198 1082 100 20 75 0.01 0.68
48 270 100 20 75 0.01 0.7
53 290 100 20 75 0.01 0.7
61 322 100 20 75 0.01 0.7
114 624 100 20 75 0.01 0.7
946 4783 100 20 75 0.015 0.5
1238 6240 100 20 75 0.015 0.5
1737 8820 100 20 75 0.015 0.5
930 4785 100 20 75 0.015 0.5
548 2798 100 20 75 0.015 0.52
448 2307 100 20 75 0.015 0.52
595 3022 100 20 75 0.015 0.52
480 2472 100 20 75 0.015 0.52
794 4087 100 20 75 0.015 0.54
369 1910 100 20 75 0.015 0.54
1054 5347 100 20 75 0.015 0.54
389 2059 100 20 75 0.015 0.54
592 3061 100 20 75 0.015 0.56
189 1009 100 20 75 0.015 0.56
354 1831 100 20 75 0.015 0.56
430 2215 100 20 75 0.015 0.56
289 1487 100 20 75 0.015 0.58
144 770 100 20 75 0.015 0.58
263 1367 100 20 75 0.015 0.58
445 2328 100 20 75 0.015 0.58
81 447 100 20 75 0.015 0.6
73 403 100 20 75 0.015 0.6
140 743 100 20 75 0.015 0.6
196 1043 100 20 75 0.015 0.6
94 509 100 20 75 0.015 0.62
88 472 100 20 75 0.015 0.62
133 712 100 20 75 0.015 0.62
126 685 100 20 75 0.015 0.62
156 821 100 20 75 0.015 0.64
118 637 100 20 75 0.015 0.64
233 1229 100 20 75 0.015 0.64
215 1148 100 20 75 0.015 0.64
65 362 100 20 75 0.015 0.66
82 444 100 20 75 0.015 0.66
99 530 100 20 75 0.015 0.66
72 409 100 20 75 0.015 0.66
52 294 100 20 75 0.015 0.68
73 398 100 20 75 0.015 0.68
101 536 100 20 75 0.015 0.68
57 318 100 20 75 0.015 0.68
35 205 100 20 75 0.015 0.7
51 276 100 20 75 0.015 0.7
44 240 100 20 75 0.015 0.7
69 379 100 20 75 0.015 0.7
334 1717 100 20 75 0.02 0.5
633 3209 100 20 75 0.02 0.5
734 3724 100 20 75 0.02 0.5
632 3258 100 20 75 0.02 0.5
275 1404 100 20 75 0.02 0.52
167 871 100 20 75 0.02 0.52
375 1896 100 20 75 0.02 0.52
390 2053 100 20 75 0.02 0.52
250 1285 100 20 75 0.02 0.54
280 1457 100 20 75 0.02 0.54
214 1110 100 20 75 0.02 0.54
344 1772 100 20 75 0.02 0.54
162 850 100 20 75 0.02 0.56
151 788 100 20 75 0.02 0.56
168 874 100 20 75 0.02 0.56
182 945 100 20 75 0.02 0.56
164 817 100 20 75 0.02 0.58
179 918 100 20 75 0.02 0.58
199 976 100 20 75 0.02 0.58
141 735 100 20 75 0.02 0.58
51 285 100 20 75 0.02 0.6
61 296 100 20 75 0.02 0.6
144 726 100 20 75 0.02 0.6
81 444 100 20 75 0.02 0.6
56 313 100 20 75 0.02 0.62
87 475 100 20 75 0.02 0.62
120 638 100 20 75 0.02 0.62
101 559 100 20 75 0.02 0.62
49 276 100 20 75 0.02 0.64
76 418 100 20 75 0.02 0.64
106 561 100 20 75 0.02 0.64
92 510 100 20 75 0.02 0.64
49 288 100 20 75 0.02 0.66
39 226 100 20 75 0.02 0.66
56 298 100 20 75 0.02 0.66
61 346 100 20 75 0.02 0.66
36 206 100 20 75 0.02 0.68
50 275 100 20 75 0.02 0.68
51 287 100 20 75 0.02 0.68
46 259 100 20 75 0.02 0.68
31 179 100 20 75 0.02 0.7
29 161 100 20 75 0.02 0.7
25 142 100 20 75 0.02 0.7
45 251 100 20 75 0.02 0.7
2223 9873 100 20 100 0.01 0.5
3819 17011 100 20 100 0.01 0.5
2017 8929 100 20 100 0.01 0.5
4090 17943 100 20 100 0.01 0.5
2125 9463 100 20 100 0.01 0.52
1766 7749 100 20 100 0.01 0.52
2334 10406 100 20 100 0.01 0.52
1952 8715 100 20 100 0.01 0.52
1385 6049 100 20 100 0.01 0.54
848 3817 100 20 100 0.01 0.54
2081 9192 100 20 100 0.01 0.54
1699 7748 100 20 100 0.01 0.54
560 2549 100 20 100 0.01 0.56
725 3281 100 20 100 0.01 0.56
2451 11081 100 20 100 0.01 0.56
812 3724 100 20 100 0.01 0.56
1059 4640 100 20 100 0.01 0.58
494 2191 100 20 100 0.01 0.58
770 3404 100 20 100 0.01 0.58
1322 5966 100 20 100 0.01 0.58
227 1074 100 20 100 0.01 0.6
177 850 100 20 100 0.01 0.6
572 2636 100 20 100 0.01 0.6
316 1483 100 20 100 0.01 0.6
146 718 100 20 100 0.01 0.62
428 1963 100 20 100 0.01 0.62
387 1769 100 20 100 0.01 0.62
418 1975 100 20 100 0.01 0.62
316 1470 100 20 100 0.01 0.64
236 1122 100 20 100 0.01 0.64
333 1546 100 20 100 0.01 0.64
831 3823 100 20 100 0.01 0.64
169 773 100 20 100 0.01 0.66
210 990 100 20 100 0.01 0.66
233 1054 100 20 100 0.01 0.66
185 912 100 20 100 0.01 0.66
131 646 100 20 100 0.01 0.68
129 634 100 20 100 0.01 0.68
299 1384 100 20 100 0.01 0.68
141 707 100 20 100 0.01 0.68
63 337 100 20 100 0.01 0.7
62 308 100 20 100 0.01 0.7
131 630 100 20 100 0.01 0.7
68 361 100 20 100 0.01 0.7
773 3418 100 20 100 0.015 0.5
1138 5070 100 20 100 0.015 0.5
2090 9283 100 20 100 0.015 0.5
1002 4581 100 20 100 0.015 0.5
683 3069 100 20 100 0.015 0.52
912 4031 100 20 100 0.015 0.52
396 1798 100 20 100 0.015 0.52
1541 6820 100 20 100 0.015 0.52
1034 4549 100 20 100 0.015 0.54
868 3829 100 20 100 0.015 0.54
1514 6710 100 20 100 0.015 0.54
460 2071 100 20 100 0.015 0.54
273 1238 100 20 100 0.015 0.56
211 994 100 20 100 0.015 0.56
343 1566 100 20 100 0.015 0.56
287 1331 100 20 100 0.015 0.56
227 1057 100 20 100 0.015 0.58
156 742 100 20 100 0.015 0.58
336 1538 100 20 100 0.015 0.58
438 2007 100 20 100 0.015 0.58
184 855 100 20 100 0.015 0.6
172 799 100 20 100 0.015 0.6
375 1690 100 20 100 0.015 0.6
93 470 100 20 100 0.015 0.6
110 518 100 20 100 0.015 0.62
154 755 100 20 100 0.015 0.62
161 750 100 20 100 0.015 0.62
133 644 100 20 100 0.015 0.62
144 690 100 20 100 0.015 0.64
113 535 100 20 100 0.015 0.64
161 741 100 20 100 0.015 0.64
123 611 100 20 100 0.015 0.64
69 338 100 20 100 0.015 0.66
69 344 100 20 100 0.015 0.66
73 363 100 20 100 0.015 0.66
81 403 100 20 100 0.015 0.66
81 396 100 20 100 0.015 0.68
63 335 100 20 100 0.015 0.68
167 789 100 20 100 0.015 0.68
111 557 100 20 100 0.015 0.68
47 259 100 20 100 0.015 0.7
26 140 100 20 100 0.015 0.7
42 229 100 20 100 0.015 0.7
51 271 100 20 100 0.015 0.7
561 2477 100 20 100 0.02 0.5
262 1182 100 20 100 0.02 0.5
499 2220 100 20 100 0.02 0.5
345 1545 100 20 100 0.02 0.5
261 1157 100 20 100 0.02 0.52
304 1356 100 20 100 0.02 0.52
436 1922 100 20 100 0.02 0.52
226 1041 100 20 100 0.02 0.52
286 1284 100 20 100 0.02 0.54
239 1066 100 20 100 0.02 0.54
252 1127 100 20 100 0.02 0.54
510 2242 100 20 100 0.02 0.54
248 1111 100 20 100 0.02 0.56
160 760 100 20 100 0.02 0.56
418 1822 100 20 100 0.02 0.56
242 1146 100 20 100 0.02 0.56
153 720 100 20 100 0.02 0.58
227 1032 100 20 100 0.02 0.58
151 719 100 20 100 0.02 0.58
311 1411 100 20 100 0.02 0.58
182 857 100 20 100 0.02 0.6
60 311 100 20 100 0.02 0.6
175 841 100 20 100 0.02 0.6
78 386 100 20 100 0.02 0.6
91 420 100 20 100 0.02 0.62
81 405 100 20 100 0.02 0.62
108 497 100 20 100 0.02 0.62
76 382 100 20 100 0.02 0.62
57 274 100 20 100 0.02 0.64
98 483 100 20 100 0.02 0.64
114 543 100 20 100 0.02 0.64
78 392 100 20 100 0.02 0.64
67 339 100 20 100 0.02 0.66
22 117 100 20 100 0.02 0.66
68 358 100 20 100 0.02 0.66
40 213 100 20 100 0.02 0.66
64 339 100 20 100 0.02 0.68
48 255 100 20 100 0.02 0.68
60 321 100 20 100 0.02 0.68
88 451 100 20 100 0.02 0.68
23 128 100 20 100 0.02 0.7
42 222 100 20 100 0.02 0.7
28 157 100 20 100 0.02 0.7
41 219 100 20 100 0.02 0.7
33635 200000 100 20 125 0.01 0.5
2915 11195 100 20 125 0.01 0.5
33645 200000 100 20 125 0.01 0.5
4441 17146 100 20 125 0.01 0.5
1864 7198 100 20 125 0.01 0.52
1676 6310 100 20 125 0.01 0.52
2654 10156 100 20 125 0.01 0.52
3862 14947 100 20 125 0.01 0.52
2592 10049 100 20 125 0.01 0.54
1040 4087 100 20 125 0.01 0.54
2688 10397 100 20 125 0.01 0.54
1521 5931 100 20 125 0.01 0.54
888 3484 100 20 125 0.01 0.56
1345 5287 100 20 125 0.01 0.56
1445 5594 100 20 125 0.01 0.56
991 3915 100 20 125 0.01 0.56
653 2584 100 20 125 0.01 0.58
391 1608 100 20 125 0.01 0.58
574 2303 100 20 125 0.01 0.58
1008 4077 100 20 125 0.01 0.58
164 709 100 20 125 0.01 0.6
323 1345 100 20 125 0.01 0.6
352 1464 100 20 125 0.01 0.6
291 1236 100 20 125 0.01 0.6
241 1054 100 20 125 0.01 0.62
268 1116 100 20 125 0.01 0.62
551 2253 100 20 125 0.01 0.62
429 1799 100 20 125 0.01 0.62
525 2166 100 20 125 0.01 0.64
307 1293 100 20 125 0.01 0.64
1276 5037 100 20 125 0.01 0.64
396 1635 100 20 125 0.01 0.64
140 620 100 20 125 0.01 0.66
113 534 100 20 125 0.01 0.66
117 552 100 20 125 0.01 0.66
254 1065 100 20 125 0.01 0.66
206 911 100 20 125 0.01 0.68
102 473 100 20 125 0.01 0.68
202 879 100 20 125 0.01 0.68
226 961 100 20 125 0.01 0.68
87 427 100 20 125 0.01 0.7
89 426 100 20 125 0.01 0.7
80 388 100 20 125 0.01 0.7
168 757 100 20 125 0.01 0.7
1063 4049 100 20 125 0.015 0.5
1073 4117 100 20 125 0.015 0.5
1663 6311 100 20 125 0.015 0.5
1594 6165 100 20 125 0.015 0.5
918 3552 100 20 125 0.015 0.52
511 2006 100 20 125 0.015 0.52
538 2109 100 20 125 0.015 0.52
1586 6175 100 20 125 0.015 0.52
653 2522 100 20 125 0.015 0.54
678 2661 100 20 125 0.015 0.54
982 3740 100 20 125 0.015 0.54
877 3401 100 20 125 0.015 0.54
252 997 100 20 125 0.015 0.56
262 1078 100 20 125 0.015 0.56
349 1370 100 20 125 0.015 0.56
376 1520 100 20 125 0.015 0.56
250 1058 100 20 125 0.015 0.58
230 986 100 20 125 0.015 0.58
303 1230 100 20 125 0.015 0.58
290 1198 100 20 125 0.015 0.58
157 693 100 20 125 0.015 0.6
160 708 100 20 125 0.015 0.6
300 1208 100 20 125 0.015 0.6
164 706 100 20 125 0.015 0.6
86 330 100 20 125 0.015 0.62
198 843 100 20 125 0.015 0.62
141 562 100 20 125 0.015 0.62
196 824 100 20 125 0.015 0.62
87 409 100 20 125 0.015 0.64
98 449 100 20 125 0.015 0.64
184 780 100 20 125 0.015 0.64
92 448 100 20 125 0.015 0.64
52 254 100 20 125 0.015 0.66
43 227 100 20 125 0.015 0.66
87 416 100 20 125 0.015 0.66
102 491 100 20 125 0.015 0.66
68 336 100 20 125 0.015 0.68
68 312 100 20 125 0.015 0.68
111 513 100 20 125 0.015 0.68
83 391 100 20 125 0.015 0.68
67 319 100 20 125 0.015 0.7
38 202 100 20 125 0.015 0.7
63 318 100 20 125 0.015 0.7
63 299 100 20 125 0.015 0.7
607 2370 100 20 125 0.02 0.5
541 2109 100 20 125 0.02 0.5
582 2266 100 20 125 0.02 0.5
593 2290 100 20 125 0.02 0.5
332 1314 100 20 125 0.02 0.52
135 576 100 20 125 0.02 0.52
207 844 100 20 125 0.02 0.52
577 2260 100 20 125 0.02 0.52
355 1416 100 20 125 0.02 0.54
254 1044 100 20 125 0.02 0.54
705 2739 100 20 125 0.02 0.54
730 2873 100 20 125 0.02 0.54
105 448 100 20 125 0.02 0.56
237 978 100 20 125 0.02 0.56
168 699 100 20 125 0.02 0.56
191 807 100 20 125 0.02 0.56
169 659 100 20 125 0.02 0.58
201 830 100 20 125 0.02 0.58
72 348 100 20 125 0.02 0.58
617 2390 100 20 125 0.02 0.58
95 435 100 20 125 0.02 0.6
82 364 100 20 125 0.02 0.6
148 615 100 20 125 0.02 0.6
92 430 100 20 125 0.02 0.6
36 182 100 20 125 0.02 0.62
115 497 100 20 125 0.02 0.62
98 416 100 20 125 0.02 0.62
90 423 100 20 125 0.02 0.62
92 383 100 20 125 0.02 0.64
65 316 100 20 125 0.02 0.64
118 471 100 20 125 0.02 0.64
89 408 100 20 125 0.02 0.64
25 135 100 20 125 0.02 0.66
51 262 100 20 125 0.02 0.66
37 192 100 20 125 0.02 0.66
46 241 100 20 125 0.02 0.66
40 193 100 20 125 0.02 0.68
41 198 100 20 125 0.02 0.68
87 397 100 20 125 0.02 0.68
42 230 100 20 125 0.02 0.68
34 177 100 20 125 0.02 0.7
31 165 100 20 125 0.02 0.7
30 158 100 20 125 0.02 0.7
41 205 100 20 125 0.02 0.7
