158 706 200 5 150 0.01 0.5
199 885 200 5 150 0.01 0.5
204 904 200 5 150 0.01 0.5
261 1157 200 5 150 0.01 0.5
270 1147 200 5 150 0.01 0.52
223 973 200 5 150 0.01 0.52
285 1155 200 5 150 0.01 0.52
277 1213 200 5 150 0.01 0.52
272 1175 200 5 150 0.01 0.54
276 1166 200 5 150 0.01 0.54
319 1344 200 5 150 0.01 0.54
282 1254 200 5 150 0.01 0.54
230 1029 200 5 150 0.01 0.56
186 847 200 5 150 0.01 0.56
205 888 200 5 150 0.01 0.56
292 1283 200 5 150 0.01 0.56
199 855 200 5 150 0.01 0.58
248 1060 200 5 150 0.01 0.58
299 1242 200 5 150 0.01 0.58
158 740 200 5 150 0.01 0.58
93 524 200 5 150 0.01 0.6
115 650 200 5 150 0.01 0.6
123 681 200 5 150 0.01 0.6
122 707 200 5 150 0.01 0.6
90 506 200 5 150 0.01 0.62
100 573 200 5 150 0.01 0.62
173 957 200 5 150 0.01 0.62
122 752 200 5 150 0.01 0.62
107 612 200 5 150 0.01 0.64
100 567 200 5 150 0.01 0.64
168 924 200 5 150 0.01 0.64
95 585 200 5 150 0.01 0.64
99 556 200 5 150 0.01 0.66
115 636 200 5 150 0.01 0.66
149 820 200 5 150 0.01 0.66
105 631 200 5 150 0.01 0.66
136 725 200 5 150 0.01 0.68
96 545 200 5 150 0.01 0.68
129 689 200 5 150 0.01 0.68
146 853 200 5 150 0.01 0.68
140 786 200 5 150 0.01 0.7
107 600 200 5 150 0.01 0.7
112 634 200 5 150 0.01 0.7
147 825 200 5 150 0.01 0.7
205 923 200 5 150 0.015 0.5
209 914 200 5 150 0.015 0.5
257 1086 200 5 150 0.015 0.5
419 1819 200 5 150 0.015 0.5
227 982 200 5 150 0.015 0.52
267 1176 200 5 150 0.015 0.52
248 1079 200 5 150 0.015 0.52
290 1217 200 5 150 0.015 0.52
206 887 200 5 150 0.015 0.54
202 884 200 5 150 0.015 0.54
268 1120 200 5 150 0.015 0.54
261 1137 200 5 150 0.015 0.54
313 1172 200 5 150 0.015 0.56
246 911 200 5 150 0.015 0.56
354 1311 200 5 150 0.015 0.56
222 869 200 5 150 0.015 0.56
146 687 200 5 150 0.015 0.58
269 1115 200 5 150 0.015 0.58
208 899 200 5 150 0.015 0.58
244 1055 200 5 150 0.015 0.58
128 720 200 5 150 0.015 0.6
76 434 200 5 150 0.015 0.6
141 780 200 5 150 0.015 0.6
86 502 200 5 150 0.015 0.6
87 474 200 5 150 0.015 0.62
78 448 200 5 150 0.015 0.62
161 838 200 5 150 0.015 0.62
74 480 200 5 150 0.015 0.62
106 558 200 5 150 0.015 0.64
55 321 200 5 150 0.015 0.64
99 518 200 5 150 0.015 0.64
83 481 200 5 150 0.015 0.64
94 537 200 5 150 0.015 0.66
91 520 200 5 150 0.015 0.66
106 597 200 5 150 0.015 0.66
89 510 200 5 150 0.015 0.66
95 506 200 5 150 0.015 0.68
82 466 200 5 150 0.015 0.68
134 717 200 5 150 0.015 0.68
81 488 200 5 150 0.015 0.68
82 469 200 5 150 0.015 0.7
80 458 200 5 150 0.015 0.7
119 664 200 5 150 0.015 0.7
117 696 200 5 150 0.015 0.7
236 1037 200 5 150 0.02 0.5
218 965 200 5 150 0.02 0.5
246 1068 200 5 150 0.02 0.5
256 1113 200 5 150 0.02 0.5
128 595 200 5 150 0.02 0.52
300 1315 200 5 150 0.02 0.52
325 1350 200 5 150 0.02 0.52
217 1020 200 5 150 0.02 0.52
306 1279 200 5 150 0.02 0.54
217 957 200 5 150 0.02 0.54
372 1524 200 5 150 0.02 0.54
177 835 200 5 150 0.02 0.54
262 1193 200 5 150 0.02 0.56
187 884 200 5 150 0.02 0.56
231 1025 200 5 150 0.02 0.56
222 1016 200 5 150 0.02 0.56
208 905 200 5 150 0.02 0.58
162 768 200 5 150 0.02 0.58
151 700 200 5 150 0.02 0.58
268 1209 200 5 150 0.02 0.58
75 427 200 5 150 0.02 0.6
94 529 200 5 150 0.02 0.6
108 606 200 5 150 0.02 0.6
135 806 200 5 150 0.02 0.6
81 456 200 5 150 0.02 0.62
143 791 200 5 150 0.02 0.62
140 770 200 5 150 0.02 0.62
136 788 200 5 150 0.02 0.62
115 638 200 5 150 0.02 0.64
112 641 200 5 150 0.02 0.64
198 1074 200 5 150 0.02 0.64
89 548 200 5 150 0.02 0.64
107 608 200 5 150 0.02 0.66
88 498 200 5 150 0.02 0.66
119 670 200 5 150 0.02 0.66
92 536 200 5 150 0.02 0.66
113 637 200 5 150 0.02 0.68
110 618 200 5 150 0.02 0.68
119 663 200 5 150 0.02 0.68
135 766 200 5 150 0.02 0.68
93 522 200 5 150 0.02 0.7
97 523 200 5 150 0.02 0.7
124 682 200 5 150 0.02 0.7
93 517 200 5 150 0.02 0.7
310 1077 200 5 200 0.01 0.5
381 1276 200 5 200 0.01 0.5
348 1210 200 5 200 0.01 0.5
439 1408 200 5 200 0.01 0.5
320 1067 200 5 200 0.01 0.52
383 1092 200 5 200 0.01 0.52
431 1324 200 5 200 0.01 0.52
286 875 200 5 200 0.01 0.52
334 1185 200 5 200 0.01 0.54
231 846 200 5 200 0.01 0.54
255 940 200 5 200 0.01 0.54
355 1197 200 5 200 0.01 0.54
326 1107 200 5 200 0.01 0.56
230 878 200 5 200 0.01 0.56
544 1819 200 5 200 0.01 0.56
226 907 200 5 200 0.01 0.56
238 862 200 5 200 0.01 0.58
339 1167 200 5 200 0.01 0.58
459 1456 200 5 200 0.01 0.58
279 1056 200 5 200 0.01 0.58
131 664 200 5 200 0.01 0.6
113 585 200 5 200 0.01 0.6
167 841 200 5 200 0.01 0.6
132 693 200 5 200 0.01 0.6
91 482 200 5 200 0.01 0.62
112 584 200 5 200 0.01 0.62
172 865 200 5 200 0.01 0.62
141 772 200 5 200 0.01 0.62
105 541 200 5 200 0.01 0.64
126 641 200 5 200 0.01 0.64
121 624 200 5 200 0.01 0.64
112 579 200 5 200 0.01 0.64
95 498 200 5 200 0.01 0.66
100 520 200 5 200 0.01 0.66
138 699 200 5 200 0.01 0.66
93 504 200 5 200 0.01 0.66
149 772 200 5 200 0.01 0.68
102 538 200 5 200 0.01 0.68
126 636 200 5 200 0.01 0.68
127 652 200 5 200 0.01 0.68
116 602 200 5 200 0.01 0.7
118 604 200 5 200 0.01 0.7
177 892 200 5 200 0.01 0.7
148 802 200 5 200 0.01 0.7
443 1427 200 5 200 0.015 0.5
256 941 200 5 200 0.015 0.5
343 1118 200 5 200 0.015 0.5
458 1482 200 5 200 0.015 0.5
288 981 200 5 200 0.015 0.52
347 1201 200 5 200 0.015 0.52
320 1093 200 5 200 0.015 0.52
349 1144 200 5 200 0.015 0.52
302 1077 200 5 200 0.015 0.54
314 1119 200 5 200 0.015 0.54
371 1238 200 5 200 0.015 0.54
293 1094 200 5 200 0.015 0.54
246 918 200 5 200 0.015 0.56
277 912 200 5 200 0.015 0.56
270 952 200 5 200 0.015 0.56
381 1195 200 5 200 0.015 0.56
316 1136 200 5 200 0.015 0.58
291 1066 200 5 200 0.015 0.58
277 1026 200 5 200 0.015 0.58
332 1144 200 5 200 0.015 0.58
89 468 200 5 200 0.015 0.6
120 616 200 5 200 0.015 0.6
127 640 200 5 200 0.015 0.6
137 730 200 5 200 0.015 0.6
108 558 200 5 200 0.015 0.62
101 517 200 5 200 0.015 0.62
105 540 200 5 200 0.015 0.62
135 711 200 5 200 0.015 0.62
90 471 200 5 200 0.015 0.64
102 534 200 5 200 0.015 0.64
115 600 200 5 200 0.015 0.64
92 485 200 5 200 0.015 0.64
116 591 200 5 200 0.015 0.66
104 545 200 5 200 0.015 0.66
109 566 200 5 200 0.015 0.66
140 717 200 5 200 0.015 0.66
109 551 200 5 200 0.015 0.68
105 547 200 5 200 0.015 0.68
176 872 200 5 200 0.015 0.68
140 757 200 5 200 0.015 0.68
105 532 200 5 200 0.015 0.7
134 639 200 5 200 0.015 0.7
106 547 200 5 200 0.015 0.7
135 634 200 5 200 0.015 0.7
229 828 200 5 200 0.02 0.5
322 1141 200 5 200 0.02 0.5
302 1120 200 5 200 0.02 0.5
386 1406 200 5 200 0.02 0.5
377 1404 200 5 200 0.02 0.52
308 1124 200 5 200 0.02 0.52
354 1226 200 5 200 0.02 0.52
475 1566 200 5 200 0.02 0.52
263 978 200 5 200 0.02 0.54
222 818 200 5 200 0.02 0.54
282 1067 200 5 200 0.02 0.54
275 1039 200 5 200 0.02 0.54
283 1016 200 5 200 0.02 0.56
304 1094 200 5 200 0.02 0.56
507 1706 200 5 200 0.02 0.56
336 1336 200 5 200 0.02 0.56
312 1136 200 5 200 0.02 0.58
329 1176 200 5 200 0.02 0.58
534 1825 200 5 200 0.02 0.58
335 1219 200 5 200 0.02 0.58
97 499 200 5 200 0.02 0.6
164 814 200 5 200 0.02 0.6
154 780 200 5 200 0.02 0.6
107 564 200 5 200 0.02 0.6
100 515 200 5 200 0.02 0.62
109 487 200 5 200 0.02 0.62
125 632 200 5 200 0.02 0.62
105 492 200 5 200 0.02 0.62
122 626 200 5 200 0.02 0.64
97 506 200 5 200 0.02 0.64
132 661 200 5 200 0.02 0.64
144 760 200 5 200 0.02 0.64
93 483 200 5 200 0.02 0.66
103 506 200 5 200 0.02 0.66
113 581 200 5 200 0.02 0.66
154 787 200 5 200 0.02 0.66
154 736 200 5 200 0.02 0.68
150 703 200 5 200 0.02 0.68
185 852 200 5 200 0.02 0.68
131 672 200 5 200 0.02 0.68
92 477 200 5 200 0.02 0.7
111 556 200 5 200 0.02 0.7
115 580 200 5 200 0.02 0.7
113 561 200 5 200 0.02 0.7
535 1434 200 5 250 0.01 0.5
305 976 200 5 250 0.01 0.5
505 1391 200 5 250 0.01 0.5
379 1161 200 5 250 0.01 0.5
417 1200 200 5 250 0.01 0.52
447 1259 200 5 250 0.01 0.52
643 1688 200 5 250 0.01 0.52
513 1438 200 5 250 0.01 0.52
374 1122 200 5 250 0.01 0.54
466 1300 200 5 250 0.01 0.54
454 1350 200 5 250 0.01 0.54
394 1119 200 5 250 0.01 0.54
330 952 200 5 250 0.01 0.56
426 1264 200 5 250 0.01 0.56
368 1042 200 5 250 0.01 0.56
556 1554 200 5 250 0.01 0.56
328 1020 200 5 250 0.01 0.58
369 1100 200 5 250 0.01 0.58
358 1082 200 5 250 0.01 0.58
354 1016 200 5 250 0.01 0.58
169 779 200 5 250 0.01 0.6
90 446 200 5 250 0.01 0.6
161 755 200 5 250 0.01 0.6
110 535 200 5 250 0.01 0.6
137 644 200 5 250 0.01 0.62
119 567 200 5 250 0.01 0.62
173 798 200 5 250 0.01 0.62
124 608 200 5 250 0.01 0.62
165 760 200 5 250 0.01 0.64
122 583 200 5 250 0.01 0.64
124 612 200 5 250 0.01 0.64
166 792 200 5 250 0.01 0.64
104 506 200 5 250 0.01 0.66
150 702 200 5 250 0.01 0.66
124 585 200 5 250 0.01 0.66
148 692 200 5 250 0.01 0.66
151 704 200 5 250 0.01 0.68
96 476 200 5 250 0.01 0.68
187 858 200 5 250 0.01 0.68
128 648 200 5 250 0.01 0.68
130 609 200 5 250 0.01 0.7
121 585 200 5 250 0.01 0.7
157 725 200 5 250 0.01 0.7
180 857 200 5 250 0.01 0.7
261 816 200 5 250 0.015 0.5
351 1008 200 5 250 0.015 0.5
378 1120 200 5 250 0.015 0.5
335 1047 200 5 250 0.015 0.5
376 1070 200 5 250 0.015 0.52
373 1077 200 5 250 0.015 0.52
653 1654 200 5 250 0.015 0.52
208 746 200 5 250 0.015 0.52
336 1053 200 5 250 0.015 0.54
339 1095 200 5 250 0.015 0.54
562 1485 200 5 250 0.015 0.54
378 1232 200 5 250 0.015 0.54
415 1162 200 5 250 0.015 0.56
331 1027 200 5 250 0.015 0.56
302 894 200 5 250 0.015 0.56
501 1415 200 5 250 0.015 0.56
423 1258 200 5 250 0.015 0.58
292 939 200 5 250 0.015 0.58
569 1644 200 5 250 0.015 0.58
442 1324 200 5 250 0.015 0.58
120 563 200 5 250 0.015 0.6
107 517 200 5 250 0.015 0.6
113 544 200 5 250 0.015 0.6
116 555 200 5 250 0.015 0.6
157 684 200 5 250 0.015 0.62
73 362 200 5 250 0.015 0.62
117 518 200 5 250 0.015 0.62
122 581 200 5 250 0.015 0.62
116 551 200 5 250 0.015 0.64
147 685 200 5 250 0.015 0.64
172 784 200 5 250 0.015 0.64
108 527 200 5 250 0.015 0.64
103 488 200 5 250 0.015 0.66
104 503 200 5 250 0.015 0.66
119 557 200 5 250 0.015 0.66
107 521 200 5 250 0.015 0.66
112 541 200 5 250 0.015 0.68
136 639 200 5 250 0.015 0.68
120 559 200 5 250 0.015 0.68
134 622 200 5 250 0.015 0.68
103 502 200 5 250 0.015 0.7
98 473 200 5 250 0.015 0.7
104 499 200 5 250 0.015 0.7
119 580 200 5 250 0.015 0.7
347 1196 200 5 250 0.02 0.5
231 818 200 5 250 0.02 0.5
423 1312 200 5 250 0.02 0.5
528 1628 200 5 250 0.02 0.5
305 947 200 5 250 0.02 0.52
505 1304 200 5 250 0.02 0.52
437 1268 200 5 250 0.02 0.52
446 1319 200 5 250 0.02 0.52
473 1433 200 5 250 0.02 0.54
295 982 200 5 250 0.02 0.54
589 1720 200 5 250 0.02 0.54
381 1238 200 5 250 0.02 0.54
369 1243 200 5 250 0.02 0.56
445 1338 200 5 250 0.02 0.56
492 1418 200 5 250 0.02 0.56
364 1207 200 5 250 0.02 0.56
234 804 200 5 250 0.02 0.58
266 916 200 5 250 0.02 0.58
278 953 200 5 250 0.02 0.58
273 919 200 5 250 0.02 0.58
98 480 200 5 250 0.02 0.6
112 547 200 5 250 0.02 0.6
125 578 200 5 250 0.02 0.6
141 671 200 5 250 0.02 0.6
154 731 200 5 250 0.02 0.62
117 563 200 5 250 0.02 0.62
129 597 200 5 250 0.02 0.62
175 816 200 5 250 0.02 0.62
103 494 200 5 250 0.02 0.64
95 473 200 5 250 0.02 0.64
163 739 200 5 250 0.02 0.64
118 583 200 5 250 0.02 0.64
121 572 200 5 250 0.02 0.66
127 603 200 5 250 0.02 0.66
106 513 200 5 250 0.02 0.66
164 759 200 5 250 0.02 0.66
128 609 200 5 250 0.02 0.68
120 579 200 5 250 0.02 0.68
148 693 200 5 250 0.02 0.68
133 641 200 5 250 0.02 0.68
101 483 200 5 250 0.02 0.7
147 690 200 5 250 0.02 0.7
209 933 200 5 250 0.02 0.7
117 600 200 5 250 0.02 0.7
662 1962 200 10 150 0.01 0.5
430 1314 200 10 150 0.01 0.5
543 1592 200 10 150 0.01 0.5
575 1686 200 10 150 0.01 0.5
231 819 200 10 150 0.01 0.52
183 642 200 10 150 0.01 0.52
344 1083 200 10 150 0.01 0.52
205 796 200 10 150 0.01 0.52
213 737 200 10 150 0.01 0.54
234 818 200 10 150 0.01 0.54
321 1048 200 10 150 0.01 0.54
203 734 200 10 150 0.01 0.54
290 972 200 10 150 0.01 0.56
272 926 200 10 150 0.01 0.56
307 1034 200 10 150 0.01 0.56
269 925 200 10 150 0.01 0.56
273 928 200 10 150 0.01 0.58
227 772 200 10 150 0.01 0.58
363 1122 200 10 150 0.01 0.58
227 802 200 10 150 0.01 0.58
211 636 200 10 150 0.01 0.6
131 370 200 10 150 0.01 0.6
239 726 200 10 150 0.01 0.6
160 537 200 10 150 0.01 0.6
99 403 200 10 150 0.01 0.62
133 519 200 10 150 0.01 0.62
147 566 200 10 150 0.01 0.62
117 479 200 10 150 0.01 0.62
182 686 200 10 150 0.01 0.64
133 530 200 10 150 0.01 0.64
201 722 200 10 150 0.01 0.64
134 536 200 10 150 0.01 0.64
139 533 200 10 150 0.01 0.66
120 493 200 10 150 0.01 0.66
163 616 200 10 150 0.01 0.66
110 463 200 10 150 0.01 0.66
112 463 200 10 150 0.01 0.68
109 445 200 10 150 0.01 0.68
151 584 200 10 150 0.01 0.68
147 589 200 10 150 0.01 0.68
73 315 200 10 150 0.01 0.7
68 296 200 10 150 0.01 0.7
81 346 200 10 150 0.01 0.7
84 368 200 10 150 0.01 0.7
278 882 200 10 150 0.015 0.5
272 859 200 10 150 0.015 0.5
365 1122 200 10 150 0.015 0.5
431 1373 200 10 150 0.015 0.5
180 634 200 10 150 0.015 0.52
208 707 200 10 150 0.015 0.52
239 801 200 10 150 0.015 0.52
182 643 200 10 150 0.015 0.52
168 557 200 10 150 0.015 0.54
194 668 200 10 150 0.015 0.54
174 606 200 10 150 0.015 0.54
223 738 200 10 150 0.015 0.54
159 591 200 10 150 0.015 0.56
150 548 200 10 150 0.015 0.56
192 649 200 10 150 0.015 0.56
233 796 200 10 150 0.015 0.56
168 596 200 10 150 0.015 0.58
163 572 200 10 150 0.015 0.58
205 722 200 10 150 0.015 0.58
165 590 200 10 150 0.015 0.58
96 380 200 10 150 0.015 0.6
133 474 200 10 150 0.015 0.6
77 315 200 10 150 0.015 0.6
163 614 200 10 150 0.015 0.6
94 386 200 10 150 0.015 0.62
125 480 200 10 150 0.015 0.62
96 394 200 10 150 0.015 0.62
149 549 200 10 150 0.015 0.62
86 353 200 10 150 0.015 0.64
87 371 200 10 150 0.015 0.64
114 458 200 10 150 0.015 0.64
98 411 200 10 150 0.015 0.64
68 294 200 10 150 0.015 0.66
83 348 200 10 150 0.015 0.66
99 392 200 10 150 0.015 0.66
100 414 200 10 150 0.015 0.66
114 444 200 10 150 0.015 0.68
65 289 200 10 150 0.015 0.68
86 364 200 10 150 0.015 0.68
99 395 200 10 150 0.015 0.68
70 301 200 10 150 0.015 0.7
49 219 200 10 150 0.015 0.7
79 339 200 10 150 0.015 0.7
52 239 200 10 150 0.015 0.7
327 1018 200 10 150 0.02 0.5
225 758 200 10 150 0.02 0.5
304 994 200 10 150 0.02 0.5
321 1011 200 10 150 0.02 0.5
131 502 200 10 150 0.02 0.52
100 395 200 10 150 0.02 0.52
171 617 200 10 150 0.02 0.52
196 698 200 10 150 0.02 0.52
119 468 200 10 150 0.02 0.54
136 503 200 10 150 0.02 0.54
207 712 200 10 150 0.02 0.54
126 490 200 10 150 0.02 0.54
193 677 200 10 150 0.02 0.56
124 487 200 10 150 0.02 0.56
215 742 200 10 150 0.02 0.56
132 494 200 10 150 0.02 0.56
139 520 200 10 150 0.02 0.58
117 417 200 10 150 0.02 0.58
144 533 200 10 150 0.02 0.58
175 627 200 10 150 0.02 0.58
120 452 200 10 150 0.02 0.6
60 262 200 10 150 0.02 0.6
84 359 200 10 150 0.02 0.6
108 424 200 10 150 0.02 0.6
77 327 200 10 150 0.02 0.62
81 341 200 10 150 0.02 0.62
88 359 200 10 150 0.02 0.62
110 429 200 10 150 0.02 0.62
58 252 200 10 150 0.02 0.64
67 295 200 10 150 0.02 0.64
97 381 200 10 150 0.02 0.64
85 356 200 10 150 0.02 0.64
68 297 200 10 150 0.02 0.66
84 348 200 10 150 0.02 0.66
95 381 200 10 150 0.02 0.66
131 517 200 10 150 0.02 0.66
57 242 200 10 150 0.02 0.68
66 284 200 10 150 0.02 0.68
127 461 200 10 150 0.02 0.68
59 282 200 10 150 0.02 0.68
56 245 200 10 150 0.02 0.7
77 335 200 10 150 0.02 0.7
65 286 200 10 150 0.02 0.7
72 310 200 10 150 0.02 0.7
794 1909 200 10 200 0.01 0.5
617 1538 200 10 200 0.01 0.5
900 2055 200 10 200 0.01 0.5
754 1764 200 10 200 0.01 0.5
353 1001 200 10 200 0.01 0.52
272 792 200 10 200 0.01 0.52
356 1001 200 10 200 0.01 0.52
289 852 200 10 200 0.01 0.52
264 786 200 10 200 0.01 0.54
268 795 200 10 200 0.01 0.54
377 992 200 10 200 0.01 0.54
317 877 200 10 200 0.01 0.54
347 969 200 10 200 0.01 0.56
183 565 200 10 200 0.01 0.56
279 829 200 10 200 0.01 0.56
345 994 200 10 200 0.01 0.56
283 781 200 10 200 0.01 0.58
235 714 200 10 200 0.01 0.58
351 968 200 10 200 0.01 0.58
260 821 200 10 200 0.01 0.58
182 591 200 10 200 0.01 0.6
121 463 200 10 200 0.01 0.6
120 459 200 10 200 0.01 0.6
187 652 200 10 200 0.01 0.6
144 531 200 10 200 0.01 0.62
155 526 200 10 200 0.01 0.62
243 737 200 10 200 0.01 0.62
134 509 200 10 200 0.01 0.62
132 499 200 10 200 0.01 0.64
150 539 200 10 200 0.01 0.64
144 503 200 10 200 0.01 0.64
174 595 200 10 200 0.01 0.64
168 586 200 10 200 0.01 0.66
112 434 200 10 200 0.01 0.66
152 494 200 10 200 0.01 0.66
214 726 200 10 200 0.01 0.66
109 399 200 10 200 0.01 0.68
155 532 200 10 200 0.01 0.68
230 685 200 10 200 0.01 0.68
144 528 200 10 200 0.01 0.68
120 455 200 10 200 0.01 0.7
57 243 200 10 200 0.01 0.7
109 419 200 10 200 0.01 0.7
112 439 200 10 200 0.01 0.7
303 860 200 10 200 0.015 0.5
365 906 200 10 200 0.015 0.5
469 1211 200 10 200 0.015 0.5
350 969 200 10 200 0.015 0.5
133 441 200 10 200 0.015 0.52
203 627 200 10 200 0.015 0.52
224 653 200 10 200 0.015 0.52
156 498 200 10 200 0.015 0.52
212 657 200 10 200 0.015 0.54
148 514 200 10 200 0.015 0.54
288 813 200 10 200 0.015 0.54
215 643 200 10 200 0.015 0.54
156 530 200 10 200 0.015 0.56
171 587 200 10 200 0.015 0.56
208 646 200 10 200 0.015 0.56
215 626 200 10 200 0.015 0.56
171 521 200 10 200 0.015 0.58
177 594 200 10 200 0.015 0.58
227 655 200 10 200 0.015 0.58
209 631 200 10 200 0.015 0.58
107 410 200 10 200 0.015 0.6
102 360 200 10 200 0.015 0.6
126 472 200 10 200 0.015 0.6
140 508 200 10 200 0.015 0.6
86 322 200 10 200 0.015 0.62
159 504 200 10 200 0.015 0.62
105 380 200 10 200 0.015 0.62
143 499 200 10 200 0.015 0.62
91 368 200 10 200 0.015 0.64
78 308 200 10 200 0.015 0.64
66 268 200 10 200 0.015 0.64
132 466 200 10 200 0.015 0.64
98 373 200 10 200 0.015 0.66
124 453 200 10 200 0.015 0.66
203 653 200 10 200 0.015 0.66
118 462 200 10 200 0.015 0.66
85 329 200 10 200 0.015 0.68
110 425 200 10 200 0.015 0.68
124 444 200 10 200 0.015 0.68
79 322 200 10 200 0.015 0.68
56 235 200 10 200 0.015 0.7
60 250 200 10 200 0.015 0.7
59 246 200 10 200 0.015 0.7
87 335 200 10 200 0.015 0.7
392 1043 200 10 200 0.02 0.5
228 671 200 10 200 0.02 0.5
400 1076 200 10 200 0.02 0.5
358 919 200 10 200 0.02 0.5
147 493 200 10 200 0.02 0.52
101 366 200 10 200 0.02 0.52
219 644 200 10 200 0.02 0.52
159 527 200 10 200 0.02 0.52
182 594 200 10 200 0.02 0.54
147 503 200 10 200 0.02 0.54
247 699 200 10 200 0.02 0.54
232 678 200 10 200 0.02 0.54
151 514 200 10 200 0.02 0.56
180 538 200 10 200 0.02 0.56
161 553 200 10 200 0.02 0.56
236 658 200 10 200 0.02 0.56
191 562 200 10 200 0.02 0.58
205 625 200 10 200 0.02 0.58
205 674 200 10 200 0.02 0.58
249 740 200 10 200 0.02 0.58
74 297 200 10 200 0.02 0.6
130 458 200 10 200 0.02 0.6
96 359 200 10 200 0.02 0.6
149 525 200 10 200 0.02 0.6
76 298 200 10 200 0.02 0.62
91 342 200 10 200 0.02 0.62
94 361 200 10 200 0.02 0.62
104 383 200 10 200 0.02 0.62
95 368 200 10 200 0.02 0.64
83 317 200 10 200 0.02 0.64
123 453 200 10 200 0.02 0.64
128 429 200 10 200 0.02 0.64
68 284 200 10 200 0.02 0.66
80 320 200 10 200 0.02 0.66
75 306 200 10 200 0.02 0.66
111 398 200 10 200 0.02 0.66
64 266 200 10 200 0.02 0.68
74 298 200 10 200 0.02 0.68
102 391 200 10 200 0.02 0.68
78 304 200 10 200 0.02 0.68
80 319 200 10 200 0.02 0.7
65 263 200 10 200 0.02 0.7
81 316 200 10 200 0.02 0.7
86 347 200 10 200 0.02 0.7
757 1461 200 10 250 0.01 0.5
880 1691 200 10 250 0.01 0.5
869 1707 200 10 250 0.01 0.5
1051 2007 200 10 250 0.01 0.5
479 1138 200 10 250 0.01 0.52
302 779 200 10 250 0.01 0.52
415 1029 200 10 250 0.01 0.52
394 895 200 10 250 0.01 0.52
339 836 200 10 250 0.01 0.54
326 893 200 10 250 0.01 0.54
459 1078 200 10 250 0.01 0.54
460 1084 200 10 250 0.01 0.54
337 847 200 10 250 0.01 0.56
250 681 200 10 250 0.01 0.56
341 847 200 10 250 0.01 0.56
339 873 200 10 250 0.01 0.56
381 935 200 10 250 0.01 0.58
272 731 200 10 250 0.01 0.58
333 845 200 10 250 0.01 0.58
329 809 200 10 250 0.01 0.58
135 453 200 10 250 0.01 0.6
185 605 200 10 250 0.01 0.6
204 642 200 10 250 0.01 0.6
207 596 200 10 250 0.01 0.6
164 539 200 10 250 0.01 0.62
162 504 200 10 250 0.01 0.62
167 533 200 10 250 0.01 0.62
180 533 200 10 250 0.01 0.62
158 508 200 10 250 0.01 0.64
195 609 200 10 250 0.01 0.64
235 679 200 10 250 0.01 0.64
148 527 200 10 250 0.01 0.64
177 535 200 10 250 0.01 0.66
154 502 200 10 250 0.01 0.66
166 530 200 10 250 0.01 0.66
183 568 200 10 250 0.01 0.66
140 481 200 10 250 0.01 0.68
140 477 200 10 250 0.01 0.68
174 575 200 10 250 0.01 0.68
168 558 200 10 250 0.01 0.68
109 388 200 10 250 0.01 0.7
75 292 200 10 250 0.01 0.7
113 392 200 10 250 0.01 0.7
102 398 200 10 250 0.01 0.7
283 651 200 10 250 0.015 0.5
454 982 200 10 250 0.015 0.5
827 1566 200 10 250 0.015 0.5
606 1273 200 10 250 0.015 0.5
228 605 200 10 250 0.015 0.52
183 550 200 10 250 0.015 0.52
271 712 200 10 250 0.015 0.52
177 576 200 10 250 0.015 0.52
276 686 200 10 250 0.015 0.54
252 643 200 10 250 0.015 0.54
274 671 200 10 250 0.015 0.54
260 678 200 10 250 0.015 0.54
324 773 200 10 250 0.015 0.56
236 632 200 10 250 0.015 0.56
284 723 200 10 250 0.015 0.56
293 704 200 10 250 0.015 0.56
130 412 200 10 250 0.015 0.58
249 672 200 10 250 0.015 0.58
223 620 200 10 250 0.015 0.58
195 570 200 10 250 0.015 0.58
117 434 200 10 250 0.015 0.6
93 326 200 10 250 0.015 0.6
203 579 200 10 250 0.015 0.6
65 263 200 10 250 0.015 0.6
103 378 200 10 250 0.015 0.62
73 274 200 10 250 0.015 0.62
223 574 200 10 250 0.015 0.62
74 303 200 10 250 0.015 0.62
146 473 200 10 250 0.015 0.64
74 266 200 10 250 0.015 0.64
194 553 200 10 250 0.015 0.64
77 294 200 10 250 0.015 0.64
77 275 200 10 250 0.015 0.66
116 392 200 10 250 0.015 0.66
126 415 200 10 250 0.015 0.66
91 322 200 10 250 0.015 0.66
136 424 200 10 250 0.015 0.68
97 362 200 10 250 0.015 0.68
104 366 200 10 250 0.015 0.68
139 442 200 10 250 0.015 0.68
122 437 200 10 250 0.015 0.7
58 231 200 10 250 0.015 0.7
87 336 200 10 250 0.015 0.7
102 372 200 10 250 0.015 0.7
460 1009 200 10 250 0.02 0.5
441 935 200 10 250 0.02 0.5
306 774 200 10 250 0.02 0.5
623 1241 200 10 250 0.02 0.5
163 472 200 10 250 0.02 0.52
176 526 200 10 250 0.02 0.52
198 492 200 10 250 0.02 0.52
215 585 200 10 250 0.02 0.52
195 530 200 10 250 0.02 0.54
244 644 200 10 250 0.02 0.54
247 664 200 10 250 0.02 0.54
343 787 200 10 250 0.02 0.54
170 503 200 10 250 0.02 0.56
143 456 200 10 250 0.02 0.56
166 487 200 10 250 0.02 0.56
257 652 200 10 250 0.02 0.56
158 452 200 10 250 0.02 0.58
192 564 200 10 250 0.02 0.58
158 474 200 10 250 0.02 0.58
254 650 200 10 250 0.02 0.58
135 389 200 10 250 0.02 0.6
136 326 200 10 250 0.02 0.6
152 431 200 10 250 0.02 0.6
148 413 200 10 250 0.02 0.6
102 369 200 10 250 0.02 0.62
85 317 200 10 250 0.02 0.62
105 352 200 10 250 0.02 0.62
100 327 200 10 250 0.02 0.62
148 441 200 10 250 0.02 0.64
85 306 200 10 250 0.02 0.64
121 424 200 10 250 0.02 0.64
119 406 200 10 250 0.02 0.64
87 315 200 10 250 0.02 0.66
94 350 200 10 250 0.02 0.66
118 379 200 10 250 0.02 0.66
138 470 200 10 250 0.02 0.66
103 350 200 10 250 0.02 0.68
70 267 200 10 250 0.02 0.68
85 315 200 10 250 0.02 0.68
189 534 200 10 250 0.02 0.68
79 309 200 10 250 0.02 0.7
73 283 200 10 250 0.02 0.7
111 415 200 10 250 0.02 0.7
67 264 200 10 250 0.02 0.7
1230 2852 200 15 150 0.01 0.5
974 2303 200 15 150 0.01 0.5
1703 3863 200 15 150 0.01 0.5
857 2032 200 15 150 0.01 0.5
909 2127 200 15 150 0.01 0.52
828 1983 200 15 150 0.01 0.52
1800 4121 200 15 150 0.01 0.52
975 2375 200 15 150 0.01 0.52
372 1012 200 15 150 0.01 0.54
527 1408 200 15 150 0.01 0.54
572 1443 200 15 150 0.01 0.54
397 1083 200 15 150 0.01 0.54
499 1304 200 15 150 0.01 0.56
529 1372 200 15 150 0.01 0.56
518 1378 200 15 150 0.01 0.56
569 1458 200 15 150 0.01 0.56
482 1301 200 15 150 0.01 0.58
525 1380 200 15 150 0.01 0.58
389 1029 200 15 150 0.01 0.58
649 1638 200 15 150 0.01 0.58
219 671 200 15 150 0.01 0.6
192 603 200 15 150 0.01 0.6
281 805 200 15 150 0.01 0.6
213 633 200 15 150 0.01 0.6
252 737 200 15 150 0.01 0.62
296 867 200 15 150 0.01 0.62
200 619 200 15 150 0.01 0.62
373 999 200 15 150 0.01 0.62
197 616 200 15 150 0.01 0.64
230 691 200 15 150 0.01 0.64
246 735 200 15 150 0.01 0.64
250 768 200 15 150 0.01 0.64
218 549 200 15 150 0.01 0.66
300 630 200 15 150 0.01 0.66
412 835 200 15 150 0.01 0.66
270 708 200 15 150 0.01 0.66
136 429 200 15 150 0.01 0.68
109 361 200 15 150 0.01 0.68
114 379 200 15 150 0.01 0.68
197 609 200 15 150 0.01 0.68
129 394 200 15 150 0.01 0.7
152 472 200 15 150 0.01 0.7
169 529 200 15 150 0.01 0.7
113 377 200 15 150 0.01 0.7
539 1336 200 15 150 0.015 0.5
485 1190 200 15 150 0.015 0.5
388 995 200 15 150 0.015 0.5
750 1772 200 15 150 0.015 0.5
330 884 200 15 150 0.015 0.52
432 1110 200 15 150 0.015 0.52
446 1099 200 15 150 0.015 0.52
374 964 200 15 150 0.015 0.52
379 845 200 15 150 0.015 0.54
251 567 200 15 150 0.015 0.54
251 672 200 15 150 0.015 0.54
399 787 200 15 150 0.015 0.54
230 676 200 15 150 0.015 0.56
132 433 200 15 150 0.015 0.56
226 647 200 15 150 0.015 0.56
227 665 200 15 150 0.015 0.56
215 618 200 15 150 0.015 0.58
194 549 200 15 150 0.015 0.58
174 524 200 15 150 0.015 0.58
306 810 200 15 150 0.015 0.58
148 450 200 15 150 0.015 0.6
153 490 200 15 150 0.015 0.6
166 487 200 15 150 0.015 0.6
180 537 200 15 150 0.015 0.6
117 375 200 15 150 0.015 0.62
133 422 200 15 150 0.015 0.62
246 665 200 15 150 0.015 0.62
139 453 200 15 150 0.015 0.62
109 344 200 15 150 0.015 0.64
202 610 200 15 150 0.015 0.64
181 549 200 15 150 0.015 0.64
148 463 200 15 150 0.015 0.64
156 488 200 15 150 0.015 0.66
146 444 200 15 150 0.015 0.66
164 502 200 15 150 0.015 0.66
157 481 200 15 150 0.015 0.66
66 221 200 15 150 0.015 0.68
97 317 200 15 150 0.015 0.68
105 331 200 15 150 0.015 0.68
75 246 200 15 150 0.015 0.68
70 225 200 15 150 0.015 0.7
98 323 200 15 150 0.015 0.7
110 347 200 15 150 0.015 0.7
78 275 200 15 150 0.015 0.7
178 498 200 15 150 0.02 0.5
205 571 200 15 150 0.02 0.5
302 784 200 15 150 0.02 0.5
184 522 200 15 150 0.02 0.5
302 783 200 15 150 0.02 0.52
306 792 200 15 150 0.02 0.52
296 770 200 15 150 0.02 0.52
363 950 200 15 150 0.02 0.52
129 380 200 15 150 0.02 0.54
102 316 200 15 150 0.02 0.54
186 528 200 15 150 0.02 0.54
243 691 200 15 150 0.02 0.54
180 551 200 15 150 0.02 0.56
114 359 200 15 150 0.02 0.56
180 527 200 15 150 0.02 0.56
214 628 200 15 150 0.02 0.56
166 499 200 15 150 0.02 0.58
158 452 200 15 150 0.02 0.58
255 711 200 15 150 0.02 0.58
151 460 200 15 150 0.02 0.58
123 395 200 15 150 0.02 0.6
91 308 200 15 150 0.02 0.6
84 284 200 15 150 0.02 0.6
141 446 200 15 150 0.02 0.6
105 337 200 15 150 0.02 0.62
102 332 200 15 150 0.02 0.62
102 316 200 15 150 0.02 0.62
111 353 200 15 150 0.02 0.62
101 328 200 15 150 0.02 0.64
141 451 200 15 150 0.02 0.64
231 656 200 15 150 0.02 0.64
100 341 200 15 150 0.02 0.64
88 303 200 15 150 0.02 0.66
116 355 200 15 150 0.02 0.66
112 356 200 15 150 0.02 0.66
135 409 200 15 150 0.02 0.66
50 174 200 15 150 0.02 0.68
92 293 200 15 150 0.02 0.68
95 291 200 15 150 0.02 0.68
123 372 200 15 150 0.02 0.68
43 156 200 15 150 0.02 0.7
62 212 200 15 150 0.02 0.7
59 207 200 15 150 0.02 0.7
79 277 200 15 150 0.02 0.7
1380 2547 200 15 200 0.01 0.5
1384 2544 200 15 200 0.01 0.5
2008 3605 200 15 200 0.01 0.5
1477 2747 200 15 200 0.01 0.5
1500 2750 200 15 200 0.01 0.52
1229 2302 200 15 200 0.01 0.52
1418 2636 200 15 200 0.01 0.52
1319 2467 200 15 200 0.01 0.52
620 1332 200 15 200 0.01 0.54
564 1143 200 15 200 0.01 0.54
518 1201 200 15 200 0.01 0.54
737 1489 200 15 200 0.01 0.54
371 861 200 15 200 0.01 0.56
435 1019 200 15 200 0.01 0.56
683 1416 200 15 200 0.01 0.56
414 992 200 15 200 0.01 0.56
1069 2073 200 15 200 0.01 0.58
356 893 200 15 200 0.01 0.58
872 1834 200 15 200 0.01 0.58
616 1377 200 15 200 0.01 0.58
233 651 200 15 200 0.01 0.6
219 635 200 15 200 0.01 0.6
239 628 200 15 200 0.01 0.6
277 719 200 15 200 0.01 0.6
322 808 200 15 200 0.01 0.62
204 596 200 15 200 0.01 0.62
193 570 200 15 200 0.01 0.62
375 891 200 15 200 0.01 0.62
256 666 200 15 200 0.01 0.64
280 748 200 15 200 0.01 0.64
303 776 200 15 200 0.01 0.64
317 813 200 15 200 0.01 0.64
297 823 200 15 200 0.01 0.66
223 596 200 15 200 0.01 0.66
365 941 200 15 200 0.01 0.66
259 713 200 15 200 0.01 0.66
111 351 200 15 200 0.01 0.68
136 409 200 15 200 0.01 0.68
231 624 200 15 200 0.01 0.68
217 596 200 15 200 0.01 0.68
91 272 200 15 200 0.01 0.7
155 470 200 15 200 0.01 0.7
203 556 200 15 200 0.01 0.7
195 542 200 15 200 0.01 0.7
288 687 200 15 200 0.015 0.5
861 1615 200 15 200 0.015 0.5
908 1705 200 15 200 0.015 0.5
530 1120 200 15 200 0.015 0.5
507 1045 200 15 200 0.015 0.52
481 1009 200 15 200 0.015 0.52
691 1371 200 15 200 0.015 0.52
533 1088 200 15 200 0.015 0.52
432 999 200 15 200 0.015 0.54
347 857 200 15 200 0.015 0.54
513 1117 200 15 200 0.015 0.54
337 754 200 15 200 0.015 0.54
303 689 200 15 200 0.015 0.56
239 582 200 15 200 0.015 0.56
333 790 200 15 200 0.015 0.56
250 620 200 15 200 0.015 0.56
258 639 200 15 200 0.015 0.58
298 695 200 15 200 0.015 0.58
405 892 200 15 200 0.015 0.58
228 592 200 15 200 0.015 0.58
183 469 200 15 200 0.015 0.6
204 375 200 15 200 0.015 0.6
221 503 200 15 200 0.015 0.6
209 405 200 15 200 0.015 0.6
207 378 200 15 200 0.015 0.62
284 512 200 15 200 0.015 0.62
309 549 200 15 200 0.015 0.62
189 382 200 15 200 0.015 0.62
184 516 200 15 200 0.015 0.64
140 415 200 15 200 0.015 0.64
239 591 200 15 200 0.015 0.64
213 608 200 15 200 0.015 0.64
202 512 200 15 200 0.015 0.66
162 475 200 15 200 0.015 0.66
198 532 200 15 200 0.015 0.66
253 619 200 15 200 0.015 0.66
62 202 200 15 200 0.015 0.68
98 295 200 15 200 0.015 0.68
110 322 200 15 200 0.015 0.68
63 210 200 15 200 0.015 0.68
93 292 200 15 200 0.015 0.7
87 270 200 15 200 0.015 0.7
113 348 200 15 200 0.015 0.7
111 355 200 15 200 0.015 0.7
250 571 200 15 200 0.02 0.5
442 905 200 15 200 0.02 0.5
389 833 200 15 200 0.02 0.5
370 813 200 15 200 0.02 0.5
410 893 200 15 200 0.02 0.52
294 658 200 15 200 0.02 0.52
336 762 200 15 200 0.02 0.52
450 965 200 15 200 0.02 0.52
107 308 200 15 200 0.02 0.54
156 403 200 15 200 0.02 0.54
122 349 200 15 200 0.02 0.54
210 554 200 15 200 0.02 0.54
153 428 200 15 200 0.02 0.56
194 504 200 15 200 0.02 0.56
294 715 200 15 200 0.02 0.56
122 386 200 15 200 0.02 0.56
232 492 200 15 200 0.02 0.58
320 577 200 15 200 0.02 0.58
406 739 200 15 200 0.02 0.58
195 423 200 15 200 0.02 0.58
85 256 200 15 200 0.02 0.6
128 377 200 15 200 0.02 0.6
174 495 200 15 200 0.02 0.6
97 312 200 15 200 0.02 0.6
122 349 200 15 200 0.02 0.62
118 358 200 15 200 0.02 0.62
153 414 200 15 200 0.02 0.62
115 366 200 15 200 0.02 0.62
84 272 200 15 200 0.02 0.64
113 357 200 15 200 0.02 0.64
104 292 200 15 200 0.02 0.64
127 378 200 15 200 0.02 0.64
92 290 200 15 200 0.02 0.66
93 281 200 15 200 0.02 0.66
80 255 200 15 200 0.02 0.66
133 409 200 15 200 0.02 0.66
93 275 200 15 200 0.02 0.68
78 254 200 15 200 0.02 0.68
78 255 200 15 200 0.02 0.68
109 328 200 15 200 0.02 0.68
84 270 200 15 200 0.02 0.7
70 230 200 15 200 0.02 0.7
70 229 200 15 200 0.02 0.7
110 304 200 15 200 0.02 0.7
1654 2468 200 15 250 0.01 0.5
1142 1825 200 15 250 0.01 0.5
1803 2628 200 15 250 0.01 0.5
999 1579 200 15 250 0.01 0.5
1065 1700 200 15 250 0.01 0.52
880 1484 200 15 250 0.01 0.52
1034 1648 200 15 250 0.01 0.52
1459 2256 200 15 250 0.01 0.52
647 1305 200 15 250 0.01 0.54
746 1371 200 15 250 0.01 0.54
756 1395 200 15 250 0.01 0.54
962 1671 200 15 250 0.01 0.54
850 1576 200 15 250 0.01 0.56
707 1301 200 15 250 0.01 0.56
390 791 200 15 250 0.01 0.56
1233 1983 200 15 250 0.01 0.56
539 1074 200 15 250 0.01 0.58
630 1127 200 15 250 0.01 0.58
822 1451 200 15 250 0.01 0.58
522 1051 200 15 250 0.01 0.58
240 641 200 15 250 0.01 0.6
502 969 200 15 250 0.01 0.6
470 983 200 15 250 0.01 0.6
299 699 200 15 250 0.01 0.6
375 850 200 15 250 0.01 0.62
324 751 200 15 250 0.01 0.62
530 936 200 15 250 0.01 0.62
401 847 200 15 250 0.01 0.62
200 572 200 15 250 0.01 0.64
289 701 200 15 250 0.01 0.64
362 848 200 15 250 0.01 0.64
308 698 200 15 250 0.01 0.64
338 780 200 15 250 0.01 0.66
246 604 200 15 250 0.01 0.66
344 775 200 15 250 0.01 0.66
419 918 200 15 250 0.01 0.66
227 582 200 15 250 0.01 0.68
222 540 200 15 250 0.01 0.68
222 537 200 15 250 0.01 0.68
268 676 200 15 250 0.01 0.68
109 320 200 15 250 0.01 0.7
148 402 200 15 250 0.01 0.7
221 514 200 15 250 0.01 0.7
157 459 200 15 250 0.01 0.7
820 1306 200 15 250 0.015 0.5
393 773 200 15 250 0.015 0.5
1232 1869 200 15 250 0.015 0.5
897 1440 200 15 250 0.015 0.5
814 1312 200 15 250 0.015 0.52
605 1061 200 15 250 0.015 0.52
844 1355 200 15 250 0.015 0.52
582 977 200 15 250 0.015 0.52
228 538 200 15 250 0.015 0.54
286 655 200 15 250 0.015 0.54
526 984 200 15 250 0.015 0.54
191 497 200 15 250 0.015 0.54
376 733 200 15 250 0.015 0.56
387 801 200 15 250 0.015 0.56
479 918 200 15 250 0.015 0.56
429 846 200 15 250 0.015 0.56
261 608 200 15 250 0.015 0.58
312 721 200 15 250 0.015 0.58
332 712 200 15 250 0.015 0.58
368 732 200 15 250 0.015 0.58
130 353 200 15 250 0.015 0.6
197 506 200 15 250 0.015 0.6
150 392 200 15 250 0.015 0.6
200 494 200 15 250 0.015 0.6
146 420 200 15 250 0.015 0.62
239 544 200 15 250 0.015 0.62
215 483 200 15 250 0.015 0.62
202 514 200 15 250 0.015 0.62
113 319 200 15 250 0.015 0.64
164 437 200 15 250 0.015 0.64
127 362 200 15 250 0.015 0.64
178 473 200 15 250 0.015 0.64
241 536 200 15 250 0.015 0.66
109 331 200 15 250 0.015 0.66
204 517 200 15 250 0.015 0.66
162 434 200 15 250 0.015 0.66
95 293 200 15 250 0.015 0.68
75 238 200 15 250 0.015 0.68
109 334 200 15 250 0.015 0.68
130 358 200 15 250 0.015 0.68
89 276 200 15 250 0.015 0.7
153 405 200 15 250 0.015 0.7
124 365 200 15 250 0.015 0.7
192 447 200 15 250 0.015 0.7
279 577 200 15 250 0.02 0.5
371 712 200 15 250 0.02 0.5
458 829 200 15 250 0.02 0.5
527 929 200 15 250 0.02 0.5
343 693 200 15 250 0.02 0.52
385 695 200 15 250 0.02 0.52
432 771 200 15 250 0.02 0.52
736 1198 200 15 250 0.02 0.52
94 281 200 15 250 0.02 0.54
234 531 200 15 250 0.02 0.54
398 763 200 15 250 0.02 0.54
275 635 200 15 250 0.02 0.54
130 328 200 15 250 0.02 0.56
229 527 200 15 250 0.02 0.56
363 778 200 15 250 0.02 0.56
214 546 200 15 250 0.02 0.56
205 494 200 15 250 0.02 0.58
189 447 200 15 250 0.02 0.58
296 669 200 15 250 0.02 0.58
273 598 200 15 250 0.02 0.58
150 430 200 15 250 0.02 0.6
114 307 200 15 250 0.02 0.6
165 423 200 15 250 0.02 0.6
149 400 200 15 250 0.02 0.6
82 250 200 15 250 0.02 0.62
137 386 200 15 250 0.02 0.62
124 360 200 15 250 0.02 0.62
205 472 200 15 250 0.02 0.62
149 350 200 15 250 0.02 0.64
199 348 200 15 250 0.02 0.64
174 377 200 15 250 0.02 0.64
220 393 200 15 250 0.02 0.64
100 295 200 15 250 0.02 0.66
141 384 200 15 250 0.02 0.66
213 513 200 15 250 0.02 0.66
103 304 200 15 250 0.02 0.66
97 299 200 15 250 0.02 0.68
67 215 200 15 250 0.02 0.68
131 307 200 15 250 0.02 0.68
80 246 200 15 250 0.02 0.68
82 240 200 15 250 0.02 0.7
75 236 200 15 250 0.02 0.7
104 297 200 15 250 0.02 0.7
72 222 200 15 250 0.02 0.7
4732 9395 200 20 150 0.01 0.5
6360 12397 200 20 150 0.01 0.5
7991 15493 200 20 150 0.01 0.5
3914 7671 200 20 150 0.01 0.5
1746 3490 200 20 150 0.01 0.52
1263 2609 200 20 150 0.01 0.52
3667 7155 200 20 150 0.01 0.52
3335 6646 200 20 150 0.01 0.52
2719 5331 200 20 150 0.01 0.54
1706 3514 200 20 150 0.01 0.54
4298 8354 200 20 150 0.01 0.54
1473 3054 200 20 150 0.01 0.54
795 1685 200 20 150 0.01 0.56
1014 2114 200 20 150 0.01 0.56
2109 4220 200 20 150 0.01 0.56
1133 2428 200 20 150 0.01 0.56
1533 3111 200 20 150 0.01 0.58
1219 2559 200 20 150 0.01 0.58
1590 3265 200 20 150 0.01 0.58
1213 2500 200 20 150 0.01 0.58
304 740 200 20 150 0.01 0.6
501 1173 200 20 150 0.01 0.6
625 1393 200 20 150 0.01 0.6
301 745 200 20 150 0.01 0.6
516 1123 200 20 150 0.01 0.62
515 1199 200 20 150 0.01 0.62
553 1277 200 20 150 0.01 0.62
532 1236 200 20 150 0.01 0.62
455 1069 200 20 150 0.01 0.64
533 1250 200 20 150 0.01 0.64
648 1445 200 20 150 0.01 0.64
599 1349 200 20 150 0.01 0.64
184 493 200 20 150 0.01 0.66
222 603 200 20 150 0.01 0.66
399 940 200 20 150 0.01 0.66
211 575 200 20 150 0.01 0.66
214 554 200 20 150 0.01 0.68
202 540 200 20 150 0.01 0.68
221 583 200 20 150 0.01 0.68
229 579 200 20 150 0.01 0.68
120 331 200 20 150 0.01 0.7
180 471 200 20 150 0.01 0.7
128 357 200 20 150 0.01 0.7
190 501 200 20 150 0.01 0.7
1076 2203 200 20 150 0.015 0.5
992 2058 200 20 150 0.015 0.5
1689 3280 200 20 150 0.015 0.5
1630 3276 200 20 150 0.015 0.5
944 1937 200 20 150 0.015 0.52
578 1231 200 20 150 0.015 0.52
646 1377 200 20 150 0.015 0.52
938 1958 200 20 150 0.015 0.52
563 1263 200 20 150 0.015 0.54
420 965 200 20 150 0.015 0.54
623 1337 200 20 150 0.015 0.54
673 1439 200 20 150 0.015 0.54
604 976 200 20 150 0.015 0.56
651 982 200 20 150 0.015 0.56
640 960 200 20 150 0.015 0.56
620 895 200 20 150 0.015 0.56
399 949 200 20 150 0.015 0.58
307 734 200 20 150 0.015 0.58
377 893 200 20 150 0.015 0.58
401 974 200 20 150 0.015 0.58
144 372 200 20 150 0.015 0.6
255 638 200 20 150 0.015 0.6
337 811 200 20 150 0.015 0.6
172 471 200 20 150 0.015 0.6
189 491 200 20 150 0.015 0.62
209 540 200 20 150 0.015 0.62
281 710 200 20 150 0.015 0.62
251 638 200 20 150 0.015 0.62
184 487 200 20 150 0.015 0.64
181 458 200 20 150 0.015 0.64
219 536 200 20 150 0.015 0.64
223 571 200 20 150 0.015 0.64
83 243 200 20 150 0.015 0.66
127 355 200 20 150 0.015 0.66
139 361 200 20 150 0.015 0.66
158 435 200 20 150 0.015 0.66
159 419 200 20 150 0.015 0.68
107 308 200 20 150 0.015 0.68
161 427 200 20 150 0.015 0.68
139 383 200 20 150 0.015 0.68
98 281 200 20 150 0.015 0.7
92 260 200 20 150 0.015 0.7
111 297 200 20 150 0.015 0.7
96 277 200 20 150 0.015 0.7
380 871 200 20 150 0.02 0.5
564 1208 200 20 150 0.02 0.5
605 1288 200 20 150 0.02 0.5
710 1542 200 20 150 0.02 0.5
337 783 200 20 150 0.02 0.52
320 755 200 20 150 0.02 0.52
366 851 200 20 150 0.02 0.52
505 1099 200 20 150 0.02 0.52
335 777 200 20 150 0.02 0.54
482 1082 200 20 150 0.02 0.54
503 1121 200 20 150 0.02 0.54
512 1123 200 20 150 0.02 0.54
201 520 200 20 150 0.02 0.56
159 423 200 20 150 0.02 0.56
226 546 200 20 150 0.02 0.56
226 571 200 20 150 0.02 0.56
197 490 200 20 150 0.02 0.58
297 720 200 20 150 0.02 0.58
324 758 200 20 150 0.02 0.58
256 634 200 20 150 0.02 0.58
156 395 200 20 150 0.02 0.6
115 305 200 20 150 0.02 0.6
122 322 200 20 150 0.02 0.6
184 465 200 20 150 0.02 0.6
87 240 200 20 150 0.02 0.62
127 333 200 20 150 0.02 0.62
154 399 200 20 150 0.02 0.62
110 301 200 20 150 0.02 0.62
137 368 200 20 150 0.02 0.64
130 341 200 20 150 0.02 0.64
168 445 200 20 150 0.02 0.64
165 430 200 20 150 0.02 0.64
116 300 200 20 150 0.02 0.66
110 308 200 20 150 0.02 0.66
189 471 200 20 150 0.02 0.66
97 279 200 20 150 0.02 0.66
93 258 200 20 150 0.02 0.68
104 289 200 20 150 0.02 0.68
113 307 200 20 150 0.02 0.68
148 386 200 20 150 0.02 0.68
72 199 200 20 150 0.02 0.7
94 259 200 20 150 0.02 0.7
113 298 200 20 150 0.02 0.7
98 275 200 20 150 0.02 0.7
2939 4647 200 20 200 0.01 0.5
6790 10476 200 20 200 0.01 0.5
3975 6186 200 20 200 0.01 0.5
5995 9192 200 20 200 0.01 0.5
1622 2711 200 20 200 0.01 0.52
3929 6162 200 20 200 0.01 0.52
3555 5605 200 20 200 0.01 0.52
3469 5532 200 20 200 0.01 0.52
3211 5059 200 20 200 0.01 0.54
4540 7047 200 20 200 0.01 0.54
1990 3240 200 20 200 0.01 0.54
6749 10462 200 20 200 0.01 0.54
934 1674 200 20 200 0.01 0.56
1283 2185 200 20 200 0.01 0.56
898 1620 200 20 200 0.01 0.56
1597 2689 200 20 200 0.01 0.56
1170 1649 200 20 200 0.01 0.58
2208 2835 200 20 200 0.01 0.58
2071 2610 200 20 200 0.01 0.58
1793 2505 200 20 200 0.01 0.58
763 1462 200 20 200 0.01 0.6
428 907 200 20 200 0.01 0.6
594 1162 200 20 200 0.01 0.6
622 1145 200 20 200 0.01 0.6
542 1042 200 20 200 0.01 0.62
355 770 200 20 200 0.01 0.62
538 1084 200 20 200 0.01 0.62
728 1457 200 20 200 0.01 0.62
531 1102 200 20 200 0.01 0.64
514 1068 200 20 200 0.01 0.64
796 1418 200 20 200 0.01 0.64
650 1262 200 20 200 0.01 0.64
275 665 200 20 200 0.01 0.66
204 505 200 20 200 0.01 0.66
394 823 200 20 200 0.01 0.66
275 644 200 20 200 0.01 0.66
329 781 200 20 200 0.01 0.68
201 509 200 20 200 0.01 0.68
288 637 200 20 200 0.01 0.68
260 610 200 20 200 0.01 0.68
158 301 200 20 200 0.01 0.7
218 398 200 20 200 0.01 0.7
225 415 200 20 200 0.01 0.7
179 351 200 20 200 0.01 0.7
1173 1976 200 20 200 0.015 0.5
1131 1972 200 20 200 0.015 0.5
1955 3172 200 20 200 0.015 0.5
1366 2254 200 20 200 0.015 0.5
679 1250 200 20 200 0.015 0.52
724 1348 200 20 200 0.015 0.52
805 1406 200 20 200 0.015 0.52
655 1184 200 20 200 0.015 0.52
768 1340 200 20 200 0.015 0.54
412 819 200 20 200 0.015 0.54
852 1462 200 20 200 0.015 0.54
901 1576 200 20 200 0.015 0.54
542 1064 200 20 200 0.015 0.56
563 1034 200 20 200 0.015 0.56
785 1396 200 20 200 0.015 0.56
379 840 200 20 200 0.015 0.56
646 1182 200 20 200 0.015 0.58
508 946 200 20 200 0.015 0.58
509 1037 200 20 200 0.015 0.58
714 1225 200 20 200 0.015 0.58
380 759 200 20 200 0.015 0.6
249 562 200 20 200 0.015 0.6
518 958 200 20 200 0.015 0.6
224 516 200 20 200 0.015 0.6
325 699 200 20 200 0.015 0.62
267 609 200 20 200 0.015 0.62
262 628 200 20 200 0.015 0.62
359 792 200 20 200 0.015 0.62
287 616 200 20 200 0.015 0.64
218 470 200 20 200 0.015 0.64
393 771 200 20 200 0.015 0.64
187 462 200 20 200 0.015 0.64
198 432 200 20 200 0.015 0.66
92 244 200 20 200 0.015 0.66
294 642 200 20 200 0.015 0.66
171 410 200 20 200 0.015 0.66
158 378 200 20 200 0.015 0.68
112 300 200 20 200 0.015 0.68
210 518 200 20 200 0.015 0.68
139 357 200 20 200 0.015 0.68
96 250 200 20 200 0.015 0.7
117 312 200 20 200 0.015 0.7
203 470 200 20 200 0.015 0.7
114 309 200 20 200 0.015 0.7
1084 1288 200 20 200 0.02 0.5
929 1113 200 20 200 0.02 0.5
1535 1722 200 20 200 0.02 0.5
582 797 200 20 200 0.02 0.5
297 615 200 20 200 0.02 0.52
486 928 200 20 200 0.02 0.52
505 971 200 20 200 0.02 0.52
412 818 200 20 200 0.02 0.52
380 761 200 20 200 0.02 0.54
337 681 200 20 200 0.02 0.54
362 701 200 20 200 0.02 0.54
493 955 200 20 200 0.02 0.54
185 452 200 20 200 0.02 0.56
229 528 200 20 200 0.02 0.56
206 485 200 20 200 0.02 0.56
241 532 200 20 200 0.02 0.56
150 387 200 20 200 0.02 0.58
204 473 200 20 200 0.02 0.58
233 546 200 20 200 0.02 0.58
338 755 200 20 200 0.02 0.58
126 318 200 20 200 0.02 0.6
202 489 200 20 200 0.02 0.6
215 499 200 20 200 0.02 0.6
276 586 200 20 200 0.02 0.6
113 293 200 20 200 0.02 0.62
239 565 200 20 200 0.02 0.62
171 410 200 20 200 0.02 0.62
205 465 200 20 200 0.02 0.62
184 467 200 20 200 0.02 0.64
108 285 200 20 200 0.02 0.64
353 709 200 20 200 0.02 0.64
200 476 200 20 200 0.02 0.64
106 258 200 20 200 0.02 0.66
217 290 200 20 200 0.02 0.66
196 324 200 20 200 0.02 0.66
146 248 200 20 200 0.02 0.66
108 280 200 20 200 0.02 0.68
123 285 200 20 200 0.02 0.68
182 424 200 20 200 0.02 0.68
101 269 200 20 200 0.02 0.68
57 160 200 20 200 0.02 0.7
68 185 200 20 200 0.02 0.7
102 261 200 20 200 0.02 0.7
90 246 200 20 200 0.02 0.7
6321 7736 200 20 250 0.01 0.5
2897 3735 200 20 250 0.01 0.5
63449 200000 200 20 250 0.01 0.5
3914 5007 200 20 250 0.01 0.5
2797 3555 200 20 250 0.01 0.52
1701 2354 200 20 250 0.01 0.52
4998 6185 200 20 250 0.01 0.52
4269 5432 200 20 250 0.01 0.52
2380 3114 200 20 250 0.01 0.54
3109 4088 200 20 250 0.01 0.54
6687 8061 200 20 250 0.01 0.54
2934 3853 200 20 250 0.01 0.54
1308 1994 200 20 250 0.01 0.56
1361 2078 200 20 250 0.01 0.56
3184 4153 200 20 250 0.01 0.56
2173 2981 200 20 250 0.01 0.56
614 1034 200 20 250 0.01 0.58
1373 1974 200 20 250 0.01 0.58
2281 3162 200 20 250 0.01 0.58
1700 2428 200 20 250 0.01 0.58
653 1121 200 20 250 0.01 0.6
651 1174 200 20 250 0.01 0.6
1015 1608 200 20 250 0.01 0.6
1315 2061 200 20 250 0.01 0.6
501 900 200 20 250 0.01 0.62
978 1560 200 20 250 0.01 0.62
601 973 200 20 250 0.01 0.62
969 1480 200 20 250 0.01 0.62
570 1016 200 20 250 0.01 0.64
404 804 200 20 250 0.01 0.64
943 1485 200 20 250 0.01 0.64
612 1100 200 20 250 0.01 0.64
415 745 200 20 250 0.01 0.66
225 522 200 20 250 0.01 0.66
510 893 200 20 250 0.01 0.66
369 720 200 20 250 0.01 0.66
228 503 200 20 250 0.01 0.68
396 744 200 20 250 0.01 0.68
370 719 200 20 250 0.01 0.68
303 661 200 20 250 0.01 0.68
161 375 200 20 250 0.01 0.7
148 361 200 20 250 0.01 0.7
396 745 200 20 250 0.01 0.7
139 346 200 20 250 0.01 0.7
1502 2000 200 20 250 0.015 0.5
1628 2210 200 20 250 0.015 0.5
5191 6437 200 20 250 0.015 0.5
1542 2134 200 20 250 0.015 0.5
1105 1618 200 20 250 0.015 0.52
957 1438 200 20 250 0.015 0.52
1641 2181 200 20 250 0.015 0.52
1390 1975 200 20 250 0.015 0.52
765 1210 200 20 250 0.015 0.54
844 1241 200 20 250 0.015 0.54
826 1281 200 20 250 0.015 0.54
976 1438 200 20 250 0.015 0.54
627 1007 200 20 250 0.015 0.56
361 684 200 20 250 0.015 0.56
428 794 200 20 250 0.015 0.56
594 1021 200 20 250 0.015 0.56
501 905 200 20 250 0.015 0.58
558 966 200 20 250 0.015 0.58
861 1348 200 20 250 0.015 0.58
733 1215 200 20 250 0.015 0.58
327 632 200 20 250 0.015 0.6
504 861 200 20 250 0.015 0.6
623 1008 200 20 250 0.015 0.6
367 685 200 20 250 0.015 0.6
333 639 200 20 250 0.015 0.62
471 815 200 20 250 0.015 0.62
350 609 200 20 250 0.015 0.62
488 829 200 20 250 0.015 0.62
179 418 200 20 250 0.015 0.64
329 649 200 20 250 0.015 0.64
321 673 200 20 250 0.015 0.64
481 876 200 20 250 0.015 0.64
162 364 200 20 250 0.015 0.66
260 530 200 20 250 0.015 0.66
222 449 200 20 250 0.015 0.66
218 490 200 20 250 0.015 0.66
134 317 200 20 250 0.015 0.68
147 358 200 20 250 0.015 0.68
178 401 200 20 250 0.015 0.68
127 304 200 20 250 0.015 0.68
142 334 200 20 250 0.015 0.7
123 313 200 20 250 0.015 0.7
169 383 200 20 250 0.015 0.7
114 294 200 20 250 0.015 0.7
792 1193 200 20 250 0.02 0.5
645 985 200 20 250 0.02 0.5
916 1401 200 20 250 0.02 0.5
989 1385 200 20 250 0.02 0.5
530 874 200 20 250 0.02 0.52
374 705 200 20 250 0.02 0.52
503 792 200 20 250 0.02 0.52
722 1103 200 20 250 0.02 0.52
438 760 200 20 250 0.02 0.54
581 952 200 20 250 0.02 0.54
415 691 200 20 250 0.02 0.54
636 1010 200 20 250 0.02 0.54
176 374 200 20 250 0.02 0.56
171 376 200 20 250 0.02 0.56
379 665 200 20 250 0.02 0.56
291 603 200 20 250 0.02 0.56
252 531 200 20 250 0.02 0.58
268 561 200 20 250 0.02 0.58
267 534 200 20 250 0.02 0.58
356 619 200 20 250 0.02 0.58
212 460 200 20 250 0.02 0.6
157 356 200 20 250 0.02 0.6
188 426 200 20 250 0.02 0.6
216 454 200 20 250 0.02 0.6
142 355 200 20 250 0.02 0.62
95 239 200 20 250 0.02 0.62
330 627 200 20 250 0.02 0.62
145 366 200 20 250 0.02 0.62
251 569 200 20 250 0.02 0.64
163 391 200 20 250 0.02 0.64
113 283 200 20 250 0.02 0.64
313 550 200 20 250 0.02 0.64
107 253 200 20 250 0.02 0.66
105 270 200 20 250 0.02 0.66
85 218 200 20 250 0.02 0.66
156 350 200 20 250 0.02 0.66
101 249 200 20 250 0.02 0.68
112 282 200 20 250 0.02 0.68
133 325 200 20 250 0.02 0.68
135 314 200 20 250 0.02 0.68
71 185 200 20 250 0.02 0.7
87 213 200 20 250 0.02 0.7
168 354 200 20 250 0.02 0.7
76 207 200 20 250 0.02 0.7
