1025 2247 300 5 225 0.01 0.5
680 1666 300 5 225 0.01 0.5
907 2000 300 5 225 0.01 0.5
1025 2222 300 5 225 0.01 0.5
849 1912 300 5 225 0.01 0.52
584 1344 300 5 225 0.01 0.52
760 1630 300 5 225 0.01 0.52
744 1652 300 5 225 0.01 0.52
816 1671 300 5 225 0.01 0.54
855 1725 300 5 225 0.01 0.54
785 1680 300 5 225 0.01 0.54
940 1914 300 5 225 0.01 0.54
921 1913 300 5 225 0.01 0.56
661 1428 300 5 225 0.01 0.56
919 1885 300 5 225 0.01 0.56
1165 2476 300 5 225 0.01 0.56
671 1505 300 5 225 0.01 0.58
742 1665 300 5 225 0.01 0.58
877 1908 300 5 225 0.01 0.58
768 1699 300 5 225 0.01 0.58
281 959 300 5 225 0.01 0.6
288 1005 300 5 225 0.01 0.6
436 1453 300 5 225 0.01 0.6
255 916 300 5 225 0.01 0.6
173 620 300 5 225 0.01 0.62
266 910 300 5 225 0.01 0.62
295 985 300 5 225 0.01 0.62
332 1218 300 5 225 0.01 0.62
266 900 300 5 225 0.01 0.64
267 930 300 5 225 0.01 0.64
237 797 300 5 225 0.01 0.64
338 1173 300 5 225 0.01 0.64
180 644 300 5 225 0.01 0.66
296 1035 300 5 225 0.01 0.66
285 974 300 5 225 0.01 0.66
242 888 300 5 225 0.01 0.66
259 907 300 5 225 0.01 0.68
249 804 300 5 225 0.01 0.68
308 1028 300 5 225 0.01 0.68
238 821 300 5 225 0.01 0.68
278 964 300 5 225 0.01 0.7
251 886 300 5 225 0.01 0.7
340 1161 300 5 225 0.01 0.7
284 1005 300 5 225 0.01 0.7
1152 2584 300 5 225 0.015 0.5
835 2103 300 5 225 0.015 0.5
1212 2654 300 5 225 0.015 0.5
940 2234 300 5 225 0.015 0.5
883 2075 300 5 225 0.015 0.52
600 1545 300 5 225 0.015 0.52
1022 2374 300 5 225 0.015 0.52
742 1847 300 5 225 0.015 0.52
736 1851 300 5 225 0.015 0.54
1246 2745 300 5 225 0.015 0.54
1158 2696 300 5 225 0.015 0.54
888 2126 300 5 225 0.015 0.54
863 2069 300 5 225 0.015 0.56
1026 2340 300 5 225 0.015 0.56
1392 2996 300 5 225 0.015 0.56
1286 2806 300 5 225 0.015 0.56
1025 2424 300 5 225 0.015 0.58
505 1321 300 5 225 0.015 0.58
642 1601 300 5 225 0.015 0.58
1006 2326 300 5 225 0.015 0.58
316 1104 300 5 225 0.015 0.6
353 1200 300 5 225 0.015 0.6
367 1238 300 5 225 0.015 0.6
375 1286 300 5 225 0.015 0.6
387 1271 300 5 225 0.015 0.62
310 1080 300 5 225 0.015 0.62
436 1425 300 5 225 0.015 0.62
414 1455 300 5 225 0.015 0.62
232 826 300 5 225 0.015 0.64
287 1005 300 5 225 0.015 0.64
322 1105 300 5 225 0.015 0.64
289 1028 300 5 225 0.015 0.64
227 819 300 5 225 0.015 0.66
252 892 300 5 225 0.015 0.66
231 795 300 5 225 0.015 0.66
317 1110 300 5 225 0.015 0.66
253 806 300 5 225 0.015 0.68
277 987 300 5 225 0.015 0.68
396 1256 300 5 225 0.015 0.68
194 729 300 5 225 0.015 0.68
316 1066 300 5 225 0.015 0.7
400 1342 300 5 225 0.015 0.7
371 1239 300 5 225 0.015 0.7
353 1183 300 5 225 0.015 0.7
1137 2887 300 5 225 0.02 0.5
1330 3465 300 5 225 0.02 0.5
1731 4152 300 5 225 0.02 0.5
1119 2941 300 5 225 0.02 0.5
1290 3086 300 5 225 0.02 0.52
978 2610 300 5 225 0.02 0.52
1278 3152 300 5 225 0.02 0.52
1499 3772 300 5 225 0.02 0.52
1205 2968 300 5 225 0.02 0.54
1482 3528 300 5 225 0.02 0.54
1809 4196 300 5 225 0.02 0.54
1406 3544 300 5 225 0.02 0.54
1159 2996 300 5 225 0.02 0.56
1197 2943 300 5 225 0.02 0.56
1197 2942 300 5 225 0.02 0.56
1371 3474 300 5 225 0.02 0.56
1066 2719 300 5 225 0.02 0.58
979 2399 300 5 225 0.02 0.58
986 2535 300 5 225 0.02 0.58
1154 2958 300 5 225 0.02 0.58
346 1194 300 5 225 0.02 0.6
423 1424 300 5 225 0.02 0.6
473 1618 300 5 225 0.02 0.6
393 1405 300 5 225 0.02 0.6
550 1791 300 5 225 0.02 0.62
445 1486 300 5 225 0.02 0.62
565 1809 300 5 225 0.02 0.62
591 2019 300 5 225 0.02 0.62
454 1494 300 5 225 0.02 0.64
481 1569 300 5 225 0.02 0.64
529 1742 300 5 225 0.02 0.64
509 1751 300 5 225 0.02 0.64
316 1107 300 5 225 0.02 0.66
463 1599 300 5 225 0.02 0.66
482 1586 300 5 225 0.02 0.66
485 1692 300 5 225 0.02 0.66
408 1408 300 5 225 0.02 0.68
428 1445 300 5 225 0.02 0.68
514 1735 300 5 225 0.02 0.68
431 1510 300 5 225 0.02 0.68
529 1751 300 5 225 0.02 0.7
504 1702 300 5 225 0.02 0.7
457 1540 300 5 225 0.02 0.7
622 2037 300 5 225 0.02 0.7
1330 2135 300 5 300 0.01 0.5
1030 1766 300 5 300 0.01 0.5
1259 2169 300 5 300 0.01 0.5
1121 2009 300 5 300 0.01 0.5
811 1483 300 5 300 0.01 0.52
659 1326 300 5 300 0.01 0.52
1080 1875 300 5 300 0.01 0.52
681 1348 300 5 300 0.01 0.52
1094 1917 300 5 300 0.01 0.54
881 1580 300 5 300 0.01 0.54
1436 2322 300 5 300 0.01 0.54
1514 2521 300 5 300 0.01 0.54
1222 2052 300 5 300 0.01 0.56
691 1282 300 5 300 0.01 0.56
939 1777 300 5 300 0.01 0.56
983 1854 300 5 300 0.01 0.56
1141 1861 300 5 300 0.01 0.58
860 1662 300 5 300 0.01 0.58
1765 2595 300 5 300 0.01 0.58
1245 2122 300 5 300 0.01 0.58
202 677 300 5 300 0.01 0.6
306 983 300 5 300 0.01 0.6
289 909 300 5 300 0.01 0.6
274 911 300 5 300 0.01 0.6
264 827 300 5 300 0.01 0.62
420 1249 300 5 300 0.01 0.62
326 1022 300 5 300 0.01 0.62
365 1150 300 5 300 0.01 0.62
272 858 300 5 300 0.01 0.64
287 947 300 5 300 0.01 0.64
400 1245 300 5 300 0.01 0.64
316 1045 300 5 300 0.01 0.64
221 683 300 5 300 0.01 0.66
309 957 300 5 300 0.01 0.66
297 880 300 5 300 0.01 0.66
333 1082 300 5 300 0.01 0.66
347 1082 300 5 300 0.01 0.68
309 973 300 5 300 0.01 0.68
293 918 300 5 300 0.01 0.68
526 1631 300 5 300 0.01 0.68
260 826 300 5 300 0.01 0.7
288 877 300 5 300 0.01 0.7
282 882 300 5 300 0.01 0.7
414 1292 300 5 300 0.01 0.7
1229 2299 300 5 300 0.015 0.5
1014 1989 300 5 300 0.015 0.5
1202 2363 300 5 300 0.015 0.5
1162 2054 300 5 300 0.015 0.5
1161 2142 300 5 300 0.015 0.52
987 1837 300 5 300 0.015 0.52
1208 2115 300 5 300 0.015 0.52
1296 2550 300 5 300 0.015 0.52
1192 2290 300 5 300 0.015 0.54
1253 2336 300 5 300 0.015 0.54
1445 2583 300 5 300 0.015 0.54
1170 2178 300 5 300 0.015 0.54
1088 2167 300 5 300 0.015 0.56
1150 2131 300 5 300 0.015 0.56
1179 2212 300 5 300 0.015 0.56
1304 2513 300 5 300 0.015 0.56
605 1328 300 5 300 0.015 0.58
1399 2553 300 5 300 0.015 0.58
1167 2298 300 5 300 0.015 0.58
1135 2309 300 5 300 0.015 0.58
318 1039 300 5 300 0.015 0.6
410 1271 300 5 300 0.015 0.6
430 1255 300 5 300 0.015 0.6
347 1070 300 5 300 0.015 0.6
429 1256 300 5 300 0.015 0.62
309 959 300 5 300 0.015 0.62
466 1424 300 5 300 0.015 0.62
291 924 300 5 300 0.015 0.62
375 1114 300 5 300 0.015 0.64
223 729 300 5 300 0.015 0.64
322 1030 300 5 300 0.015 0.64
325 1059 300 5 300 0.015 0.64
382 1167 300 5 300 0.015 0.66
399 1269 300 5 300 0.015 0.66
389 1203 300 5 300 0.015 0.66
451 1373 300 5 300 0.015 0.66
296 969 300 5 300 0.015 0.68
205 675 300 5 300 0.015 0.68
270 871 300 5 300 0.015 0.68
326 1031 300 5 300 0.015 0.68
236 782 300 5 300 0.015 0.7
370 1165 300 5 300 0.015 0.7
299 954 300 5 300 0.015 0.7
327 1034 300 5 300 0.015 0.7
1357 3063 300 5 300 0.02 0.5
1273 2698 300 5 300 0.02 0.5
1378 2890 300 5 300 0.02 0.5
1798 3541 300 5 300 0.02 0.5
1444 2953 300 5 300 0.02 0.52
1371 2754 300 5 300 0.02 0.52
1456 2962 300 5 300 0.02 0.52
1723 3558 300 5 300 0.02 0.52
1186 2525 300 5 300 0.02 0.54
1762 3682 300 5 300 0.02 0.54
1893 3907 300 5 300 0.02 0.54
1626 3347 300 5 300 0.02 0.54
1234 2522 300 5 300 0.02 0.56
1962 3805 300 5 300 0.02 0.56
2183 4054 300 5 300 0.02 0.56
2145 4148 300 5 300 0.02 0.56
1594 3143 300 5 300 0.02 0.58
1335 2787 300 5 300 0.02 0.58
1257 2748 300 5 300 0.02 0.58
2248 4072 300 5 300 0.02 0.58
558 1616 300 5 300 0.02 0.6
643 1929 300 5 300 0.02 0.6
580 1757 300 5 300 0.02 0.6
670 1904 300 5 300 0.02 0.6
504 1415 300 5 300 0.02 0.62
507 1443 300 5 300 0.02 0.62
647 1684 300 5 300 0.02 0.62
514 1486 300 5 300 0.02 0.62
314 969 300 5 300 0.02 0.64
308 1014 300 5 300 0.02 0.64
536 1510 300 5 300 0.02 0.64
338 1153 300 5 300 0.02 0.64
447 1378 300 5 300 0.02 0.66
335 1062 300 5 300 0.02 0.66
453 1357 300 5 300 0.02 0.66
557 1763 300 5 300 0.02 0.66
623 1826 300 5 300 0.02 0.68
545 1638 300 5 300 0.02 0.68
608 1735 300 5 300 0.02 0.68
588 1704 300 5 300 0.02 0.68
340 1077 300 5 300 0.02 0.7
413 1299 300 5 300 0.02 0.7
703 1962 300 5 300 0.02 0.7
359 1253 300 5 300 0.02 0.7
1464 1991 300 5 375 0.01 0.5
1202 1709 300 5 375 0.01 0.5
1980 2402 300 5 375 0.01 0.5
1187 1769 300 5 375 0.01 0.5
1190 1743 300 5 375 0.01 0.52
1114 1615 300 5 375 0.01 0.52
1578 2174 300 5 375 0.01 0.52
1579 2021 300 5 375 0.01 0.52
1163 1687 300 5 375 0.01 0.54
1099 1695 300 5 375 0.01 0.54
935 1454 300 5 375 0.01 0.54
1409 1931 300 5 375 0.01 0.54
1650 2149 300 5 375 0.01 0.56
1132 1718 300 5 375 0.01 0.56
1979 2572 300 5 375 0.01 0.56
1979 2480 300 5 375 0.01 0.56
1292 1793 300 5 375 0.01 0.58
991 1540 300 5 375 0.01 0.58
1524 2000 300 5 375 0.01 0.58
1211 1759 300 5 375 0.01 0.58
315 920 300 5 375 0.01 0.6
405 1113 300 5 375 0.01 0.6
344 971 300 5 375 0.01 0.6
408 1149 300 5 375 0.01 0.6
365 1029 300 5 375 0.01 0.62
282 815 300 5 375 0.01 0.62
425 1127 300 5 375 0.01 0.62
395 1108 300 5 375 0.01 0.62
258 756 300 5 375 0.01 0.64
308 892 300 5 375 0.01 0.64
390 1100 300 5 375 0.01 0.64
374 1120 300 5 375 0.01 0.64
390 1037 300 5 375 0.01 0.66
395 1096 300 5 375 0.01 0.66
403 1103 300 5 375 0.01 0.66
448 1224 300 5 375 0.01 0.66
320 883 300 5 375 0.01 0.68
251 740 300 5 375 0.01 0.68
360 978 300 5 375 0.01 0.68
280 808 300 5 375 0.01 0.68
267 768 300 5 375 0.01 0.7
319 863 300 5 375 0.01 0.7
317 910 300 5 375 0.01 0.7
312 905 300 5 375 0.01 0.7
1146 1830 300 5 375 0.015 0.5
999 1662 300 5 375 0.015 0.5
2036 2949 300 5 375 0.015 0.5
1303 2055 300 5 375 0.015 0.5
1620 2375 300 5 375 0.015 0.52
1085 1726 300 5 375 0.015 0.52
1404 2202 300 5 375 0.015 0.52
1737 2487 300 5 375 0.015 0.52
1165 1996 300 5 375 0.015 0.54
1029 1742 300 5 375 0.015 0.54
1878 2733 300 5 375 0.015 0.54
2460 3266 300 5 375 0.015 0.54
1353 2130 300 5 375 0.015 0.56
1744 2584 300 5 375 0.015 0.56
1291 1994 300 5 375 0.015 0.56
1930 2707 300 5 375 0.015 0.56
1171 1876 300 5 375 0.015 0.58
1092 1792 300 5 375 0.015 0.58
1381 2163 300 5 375 0.015 0.58
1286 2053 300 5 375 0.015 0.58
352 1013 300 5 375 0.015 0.6
292 874 300 5 375 0.015 0.6
272 810 300 5 375 0.015 0.6
562 1520 300 5 375 0.015 0.6
380 1028 300 5 375 0.015 0.62
298 881 300 5 375 0.015 0.62
411 1132 300 5 375 0.015 0.62
387 1107 300 5 375 0.015 0.62
408 1087 300 5 375 0.015 0.64
360 1019 300 5 375 0.015 0.64
660 1733 300 5 375 0.015 0.64
358 1053 300 5 375 0.015 0.64
428 1208 300 5 375 0.015 0.66
331 963 300 5 375 0.015 0.66
459 1235 300 5 375 0.015 0.66
387 1125 300 5 375 0.015 0.66
298 826 300 5 375 0.015 0.68
371 1060 300 5 375 0.015 0.68
507 1379 300 5 375 0.015 0.68
320 990 300 5 375 0.015 0.68
427 1184 300 5 375 0.015 0.7
313 892 300 5 375 0.015 0.7
570 1517 300 5 375 0.015 0.7
301 918 300 5 375 0.015 0.7
1933 3173 300 5 375 0.02 0.5
1883 2994 300 5 375 0.02 0.5
1498 2393 300 5 375 0.02 0.5
2336 3463 300 5 375 0.02 0.5
2040 3553 300 5 375 0.02 0.52
1447 2536 300 5 375 0.02 0.52
2228 3511 300 5 375 0.02 0.52
2102 3503 300 5 375 0.02 0.52
1421 2695 300 5 375 0.02 0.54
2464 3789 300 5 375 0.02 0.54
1701 2828 300 5 375 0.02 0.54
2209 3475 300 5 375 0.02 0.54
2604 3646 300 5 375 0.02 0.56
1326 2430 300 5 375 0.02 0.56
2578 4236 300 5 375 0.02 0.56
2209 3609 300 5 375 0.02 0.56
1603 2978 300 5 375 0.02 0.58
1758 2895 300 5 375 0.02 0.58
1598 2768 300 5 375 0.02 0.58
2032 3475 300 5 375 0.02 0.58
654 1754 300 5 375 0.02 0.6
436 1219 300 5 375 0.02 0.6
751 1884 300 5 375 0.02 0.6
397 1152 300 5 375 0.02 0.6
580 1503 300 5 375 0.02 0.62
476 1343 300 5 375 0.02 0.62
496 1322 300 5 375 0.02 0.62
567 1533 300 5 375 0.02 0.62
532 1384 300 5 375 0.02 0.64
546 1490 300 5 375 0.02 0.64
641 1594 300 5 375 0.02 0.64
718 1830 300 5 375 0.02 0.64
522 1435 300 5 375 0.02 0.66
649 1730 300 5 375 0.02 0.66
612 1638 300 5 375 0.02 0.66
699 1783 300 5 375 0.02 0.66
479 1022 300 5 375 0.02 0.68
540 1124 300 5 375 0.02 0.68
766 1547 300 5 375 0.02 0.68
477 1245 300 5 375 0.02 0.68
383 1078 300 5 375 0.02 0.7
383 1097 300 5 375 0.02 0.7
496 1374 300 5 375 0.02 0.7
357 1015 300 5 375 0.02 0.7
1143 1817 300 10 225 0.01 0.5
946 1506 300 10 225 0.01 0.5
1136 1812 300 10 225 0.01 0.5
1276 1895 300 10 225 0.01 0.5
674 1187 300 10 225 0.01 0.52
538 1061 300 10 225 0.01 0.52
742 1326 300 10 225 0.01 0.52
720 1282 300 10 225 0.01 0.52
502 969 300 10 225 0.01 0.54
483 997 300 10 225 0.01 0.54
499 1016 300 10 225 0.01 0.54
914 1491 300 10 225 0.01 0.54
715 1257 300 10 225 0.01 0.56
610 1181 300 10 225 0.01 0.56
916 1464 300 10 225 0.01 0.56
442 894 300 10 225 0.01 0.56
512 1002 300 10 225 0.01 0.58
473 892 300 10 225 0.01 0.58
506 1033 300 10 225 0.01 0.58
648 1218 300 10 225 0.01 0.58
352 748 300 10 225 0.01 0.6
202 535 300 10 225 0.01 0.6
446 871 300 10 225 0.01 0.6
235 619 300 10 225 0.01 0.6
272 683 300 10 225 0.01 0.62
305 690 300 10 225 0.01 0.62
414 848 300 10 225 0.01 0.62
332 761 300 10 225 0.01 0.62
271 670 300 10 225 0.01 0.64
272 650 300 10 225 0.01 0.64
280 650 300 10 225 0.01 0.64
265 680 300 10 225 0.01 0.64
182 482 300 10 225 0.01 0.66
193 499 300 10 225 0.01 0.66
203 523 300 10 225 0.01 0.66
259 632 300 10 225 0.01 0.66
252 606 300 10 225 0.01 0.68
280 640 300 10 225 0.01 0.68
365 743 300 10 225 0.01 0.68
277 673 300 10 225 0.01 0.68
186 490 300 10 225 0.01 0.7
204 554 300 10 225 0.01 0.7
387 880 300 10 225 0.01 0.7
162 484 300 10 225 0.01 0.7
941 1551 300 10 225 0.015 0.5
724 1271 300 10 225 0.015 0.5
1077 1714 300 10 225 0.015 0.5
814 1427 300 10 225 0.015 0.5
455 911 300 10 225 0.015 0.52
379 776 300 10 225 0.015 0.52
551 1012 300 10 225 0.015 0.52
389 847 300 10 225 0.015 0.52
420 869 300 10 225 0.015 0.54
356 781 300 10 225 0.015 0.54
598 1045 300 10 225 0.015 0.54
416 926 300 10 225 0.015 0.54
472 881 300 10 225 0.015 0.56
696 1205 300 10 225 0.015 0.56
331 684 300 10 225 0.015 0.56
979 1509 300 10 225 0.015 0.56
305 675 300 10 225 0.015 0.58
358 736 300 10 225 0.015 0.58
426 883 300 10 225 0.015 0.58
464 901 300 10 225 0.015 0.58
231 561 300 10 225 0.015 0.6
302 741 300 10 225 0.015 0.6
223 543 300 10 225 0.015 0.6
345 814 300 10 225 0.015 0.6
166 466 300 10 225 0.015 0.62
214 540 300 10 225 0.015 0.62
240 585 300 10 225 0.015 0.62
428 865 300 10 225 0.015 0.62
237 562 300 10 225 0.015 0.64
190 517 300 10 225 0.015 0.64
220 566 300 10 225 0.015 0.64
212 535 300 10 225 0.015 0.64
192 503 300 10 225 0.015 0.66
334 755 300 10 225 0.015 0.66
349 783 300 10 225 0.015 0.66
250 646 300 10 225 0.015 0.66
285 653 300 10 225 0.015 0.68
158 439 300 10 225 0.015 0.68
279 688 300 10 225 0.015 0.68
211 553 300 10 225 0.015 0.68
134 362 300 10 225 0.015 0.7
123 352 300 10 225 0.015 0.7
178 483 300 10 225 0.015 0.7
121 353 300 10 225 0.015 0.7
913 1667 300 10 225 0.02 0.5
856 1650 300 10 225 0.02 0.5
932 1600 300 10 225 0.02 0.5
1020 1878 300 10 225 0.02 0.5
536 1046 300 10 225 0.02 0.52
623 1216 300 10 225 0.02 0.52
931 1701 300 10 225 0.02 0.52
381 844 300 10 225 0.02 0.52
427 969 300 10 225 0.02 0.54
437 946 300 10 225 0.02 0.54
556 1186 300 10 225 0.02 0.54
522 1038 300 10 225 0.02 0.54
255 636 300 10 225 0.02 0.56
467 1040 300 10 225 0.02 0.56
398 908 300 10 225 0.02 0.56
399 905 300 10 225 0.02 0.56
285 694 300 10 225 0.02 0.58
247 607 300 10 225 0.02 0.58
483 1027 300 10 225 0.02 0.58
486 1090 300 10 225 0.02 0.58
212 558 300 10 225 0.02 0.6
189 509 300 10 225 0.02 0.6
316 773 300 10 225 0.02 0.6
252 707 300 10 225 0.02 0.6
253 546 300 10 225 0.02 0.62
353 644 300 10 225 0.02 0.62
414 775 300 10 225 0.02 0.62
277 556 300 10 225 0.02 0.62
166 444 300 10 225 0.02 0.64
244 664 300 10 225 0.02 0.64
266 622 300 10 225 0.02 0.64
187 524 300 10 225 0.02 0.64
271 663 300 10 225 0.02 0.66
227 607 300 10 225 0.02 0.66
270 679 300 10 225 0.02 0.66
242 616 300 10 225 0.02 0.66
184 504 300 10 225 0.02 0.68
324 806 300 10 225 0.02 0.68
345 844 300 10 225 0.02 0.68
314 822 300 10 225 0.02 0.68
220 597 300 10 225 0.02 0.7
137 382 300 10 225 0.02 0.7
224 630 300 10 225 0.02 0.7
206 565 300 10 225 0.02 0.7
1543 1878 300 10 300 0.01 0.5
1501 1915 300 10 300 0.01 0.5
2112 2294 300 10 300 0.01 0.5
1559 1864 300 10 300 0.01 0.5
781 1225 300 10 300 0.01 0.52
450 816 300 10 300 0.01 0.52
724 1124 300 10 300 0.01 0.52
666 1047 300 10 300 0.01 0.52
575 1013 300 10 300 0.01 0.54
581 1077 300 10 300 0.01 0.54
1140 1445 300 10 300 0.01 0.54
491 908 300 10 300 0.01 0.54
758 1247 300 10 300 0.01 0.56
832 1216 300 10 300 0.01 0.56
957 1319 300 10 300 0.01 0.56
630 1002 300 10 300 0.01 0.56
770 1105 300 10 300 0.01 0.58
802 1196 300 10 300 0.01 0.58
678 1006 300 10 300 0.01 0.58
968 1237 300 10 300 0.01 0.58
345 721 300 10 300 0.01 0.6
286 623 300 10 300 0.01 0.6
410 805 300 10 300 0.01 0.6
267 612 300 10 300 0.01 0.6
309 666 300 10 300 0.01 0.62
504 913 300 10 300 0.01 0.62
537 873 300 10 300 0.01 0.62
292 655 300 10 300 0.01 0.62
349 755 300 10 300 0.01 0.64
372 730 300 10 300 0.01 0.64
292 652 300 10 300 0.01 0.64
706 1140 300 10 300 0.01 0.64
311 690 300 10 300 0.01 0.66
287 658 300 10 300 0.01 0.66
440 860 300 10 300 0.01 0.66
221 560 300 10 300 0.01 0.66
206 519 300 10 300 0.01 0.68
238 577 300 10 300 0.01 0.68
399 699 300 10 300 0.01 0.68
280 663 300 10 300 0.01 0.68
153 412 300 10 300 0.01 0.7
194 515 300 10 300 0.01 0.7
297 647 300 10 300 0.01 0.7
275 658 300 10 300 0.01 0.7
1053 1350 300 10 300 0.015 0.5
821 1253 300 10 300 0.015 0.5
1045 1514 300 10 300 0.015 0.5
1215 1598 300 10 300 0.015 0.5
535 901 300 10 300 0.015 0.52
559 1006 300 10 300 0.015 0.52
535 818 300 10 300 0.015 0.52
592 888 300 10 300 0.015 0.52
502 890 300 10 300 0.015 0.54
620 944 300 10 300 0.015 0.54
735 1062 300 10 300 0.015 0.54
617 1007 300 10 300 0.015 0.54
694 1026 300 10 300 0.015 0.56
342 692 300 10 300 0.015 0.56
980 1286 300 10 300 0.015 0.56
587 1040 300 10 300 0.015 0.56
416 677 300 10 300 0.015 0.58
579 871 300 10 300 0.015 0.58
548 784 300 10 300 0.015 0.58
709 1020 300 10 300 0.015 0.58
220 533 300 10 300 0.015 0.6
175 464 300 10 300 0.015 0.6
353 788 300 10 300 0.015 0.6
245 619 300 10 300 0.015 0.6
206 501 300 10 300 0.015 0.62
162 421 300 10 300 0.015 0.62
248 612 300 10 300 0.015 0.62
167 442 300 10 300 0.015 0.62
183 469 300 10 300 0.015 0.64
236 580 300 10 300 0.015 0.64
282 650 300 10 300 0.015 0.64
152 411 300 10 300 0.015 0.64
201 440 300 10 300 0.015 0.66
285 626 300 10 300 0.015 0.66
236 561 300 10 300 0.015 0.66
254 579 300 10 300 0.015 0.66
372 639 300 10 300 0.015 0.68
317 688 300 10 300 0.015 0.68
355 740 300 10 300 0.015 0.68
405 878 300 10 300 0.015 0.68
153 405 300 10 300 0.015 0.7
167 444 300 10 300 0.015 0.7
190 498 300 10 300 0.015 0.7
199 518 300 10 300 0.015 0.7
1472 2044 300 10 300 0.02 0.5
1265 1894 300 10 300 0.02 0.5
1358 1913 300 10 300 0.02 0.5
1658 2217 300 10 300 0.02 0.5
406 810 300 10 300 0.02 0.52
360 723 300 10 300 0.02 0.52
403 822 300 10 300 0.02 0.52
723 1125 300 10 300 0.02 0.52
460 880 300 10 300 0.02 0.54
464 891 300 10 300 0.02 0.54
577 1120 300 10 300 0.02 0.54
567 1029 300 10 300 0.02 0.54
497 884 300 10 300 0.02 0.56
663 986 300 10 300 0.02 0.56
659 1071 300 10 300 0.02 0.56
703 1059 300 10 300 0.02 0.56
365 732 300 10 300 0.02 0.58
391 801 300 10 300 0.02 0.58
559 1108 300 10 300 0.02 0.58
528 992 300 10 300 0.02 0.58
284 629 300 10 300 0.02 0.6
214 547 300 10 300 0.02 0.6
188 485 300 10 300 0.02 0.6
358 762 300 10 300 0.02 0.6
256 625 300 10 300 0.02 0.62
227 557 300 10 300 0.02 0.62
362 812 300 10 300 0.02 0.62
414 934 300 10 300 0.02 0.62
186 491 300 10 300 0.02 0.64
232 595 300 10 300 0.02 0.64
284 661 300 10 300 0.02 0.64
278 713 300 10 300 0.02 0.64
178 474 300 10 300 0.02 0.66
258 638 300 10 300 0.02 0.66
261 649 300 10 300 0.02 0.66
241 591 300 10 300 0.02 0.66
220 546 300 10 300 0.02 0.68
385 820 300 10 300 0.02 0.68
313 697 300 10 300 0.02 0.68
385 766 300 10 300 0.02 0.68
207 553 300 10 300 0.02 0.7
166 453 300 10 300 0.02 0.7
251 628 300 10 300 0.02 0.7
163 446 300 10 300 0.02 0.7
2340 2105 300 10 375 0.01 0.5
2348 1996 300 10 375 0.01 0.5
3708 2908 300 10 375 0.01 0.5
64346 200000 300 10 375 0.01 0.5
995 1255 300 10 375 0.01 0.52
1141 1181 300 10 375 0.01 0.52
1069 1160 300 10 375 0.01 0.52
1792 1785 300 10 375 0.01 0.52
594 829 300 10 375 0.01 0.54
429 743 300 10 375 0.01 0.54
603 877 300 10 375 0.01 0.54
749 971 300 10 375 0.01 0.54
545 855 300 10 375 0.01 0.56
673 994 300 10 375 0.01 0.56
1122 1305 300 10 375 0.01 0.56
999 1285 300 10 375 0.01 0.56
708 938 300 10 375 0.01 0.58
670 923 300 10 375 0.01 0.58
986 1265 300 10 375 0.01 0.58
612 862 300 10 375 0.01 0.58
313 656 300 10 375 0.01 0.6
371 676 300 10 375 0.01 0.6
298 613 300 10 375 0.01 0.6
503 809 300 10 375 0.01 0.6
363 637 300 10 375 0.01 0.62
312 608 300 10 375 0.01 0.62
528 864 300 10 375 0.01 0.62
227 511 300 10 375 0.01 0.62
251 549 300 10 375 0.01 0.64
181 430 300 10 375 0.01 0.64
558 911 300 10 375 0.01 0.64
358 694 300 10 375 0.01 0.64
310 589 300 10 375 0.01 0.66
225 485 300 10 375 0.01 0.66
332 638 300 10 375 0.01 0.66
346 672 300 10 375 0.01 0.66
361 686 300 10 375 0.01 0.68
247 525 300 10 375 0.01 0.68
337 666 300 10 375 0.01 0.68
344 705 300 10 375 0.01 0.68
191 460 300 10 375 0.01 0.7
171 402 300 10 375 0.01 0.7
172 423 300 10 375 0.01 0.7
257 525 300 10 375 0.01 0.7
1510 1627 300 10 375 0.015 0.5
1272 1378 300 10 375 0.015 0.5
1780 1888 300 10 375 0.015 0.5
1389 1470 300 10 375 0.015 0.5
577 878 300 10 375 0.015 0.52
543 741 300 10 375 0.015 0.52
616 930 300 10 375 0.015 0.52
515 825 300 10 375 0.015 0.52
381 725 300 10 375 0.015 0.54
459 716 300 10 375 0.015 0.54
314 602 300 10 375 0.015 0.54
626 987 300 10 375 0.015 0.54
290 552 300 10 375 0.015 0.56
447 733 300 10 375 0.015 0.56
493 819 300 10 375 0.015 0.56
465 703 300 10 375 0.015 0.56
558 816 300 10 375 0.015 0.58
555 880 300 10 375 0.015 0.58
685 918 300 10 375 0.015 0.58
642 884 300 10 375 0.015 0.58
248 562 300 10 375 0.015 0.6
229 510 300 10 375 0.015 0.6
310 641 300 10 375 0.015 0.6
237 569 300 10 375 0.015 0.6
178 408 300 10 375 0.015 0.62
174 426 300 10 375 0.015 0.62
266 594 300 10 375 0.015 0.62
241 581 300 10 375 0.015 0.62
295 565 300 10 375 0.015 0.64
347 700 300 10 375 0.015 0.64
324 644 300 10 375 0.015 0.64
544 858 300 10 375 0.015 0.64
328 610 300 10 375 0.015 0.66
448 704 300 10 375 0.015 0.66
454 674 300 10 375 0.015 0.66
382 625 300 10 375 0.015 0.66
351 677 300 10 375 0.015 0.68
351 750 300 10 375 0.015 0.68
550 811 300 10 375 0.015 0.68
268 588 300 10 375 0.015 0.68
144 359 300 10 375 0.015 0.7
166 404 300 10 375 0.015 0.7
190 467 300 10 375 0.015 0.7
151 382 300 10 375 0.015 0.7
1025 1398 300 10 375 0.02 0.5
1269 1480 300 10 375 0.02 0.5
1666 1930 300 10 375 0.02 0.5
1248 1560 300 10 375 0.02 0.5
437 816 300 10 375 0.02 0.52
321 648 300 10 375 0.02 0.52
815 1175 300 10 375 0.02 0.52
486 857 300 10 375 0.02 0.52
557 952 300 10 375 0.02 0.54
468 837 300 10 375 0.02 0.54
681 1031 300 10 375 0.02 0.54
387 751 300 10 375 0.02 0.54
403 774 300 10 375 0.02 0.56
733 1086 300 10 375 0.02 0.56
571 926 300 10 375 0.02 0.56
593 976 300 10 375 0.02 0.56
564 956 300 10 375 0.02 0.58
423 845 300 10 375 0.02 0.58
681 1075 300 10 375 0.02 0.58
637 1051 300 10 375 0.02 0.58
258 621 300 10 375 0.02 0.6
242 581 300 10 375 0.02 0.6
352 741 300 10 375 0.02 0.6
265 638 300 10 375 0.02 0.6
635 865 300 10 375 0.02 0.62
339 497 300 10 375 0.02 0.62
777 912 300 10 375 0.02 0.62
323 547 300 10 375 0.02 0.62
286 629 300 10 375 0.02 0.64
225 513 300 10 375 0.02 0.64
198 470 300 10 375 0.02 0.64
368 789 300 10 375 0.02 0.64
266 597 300 10 375 0.02 0.66
202 483 300 10 375 0.02 0.66
237 531 300 10 375 0.02 0.66
438 831 300 10 375 0.02 0.66
228 566 300 10 375 0.02 0.68
202 497 300 10 375 0.02 0.68
350 720 300 10 375 0.02 0.68
247 596 300 10 375 0.02 0.68
209 520 300 10 375 0.02 0.7
169 434 300 10 375 0.02 0.7
295 632 300 10 375 0.02 0.7
187 483 300 10 375 0.02 0.7
1463 1873 300 15 225 0.01 0.5
1456 1841 300 15 225 0.01 0.5
1584 1985 300 15 225 0.01 0.5
1555 1973 300 15 225 0.01 0.5
1049 1411 300 15 225 0.01 0.52
1573 1913 300 15 225 0.01 0.52
1770 2152 300 15 225 0.01 0.52
1221 1593 300 15 225 0.01 0.52
569 941 300 15 225 0.01 0.54
857 1273 300 15 225 0.01 0.54
947 1407 300 15 225 0.01 0.54
540 895 300 15 225 0.01 0.54
643 1025 300 15 225 0.01 0.56
460 772 300 15 225 0.01 0.56
586 951 300 15 225 0.01 0.56
950 1356 300 15 225 0.01 0.56
663 1090 300 15 225 0.01 0.58
738 1162 300 15 225 0.01 0.58
908 1334 300 15 225 0.01 0.58
1007 1425 300 15 225 0.01 0.58
442 803 300 15 225 0.01 0.6
473 803 300 15 225 0.01 0.6
509 825 300 15 225 0.01 0.6
486 819 300 15 225 0.01 0.6
313 600 300 15 225 0.01 0.62
421 755 300 15 225 0.01 0.62
545 898 300 15 225 0.01 0.62
396 807 300 15 225 0.01 0.62
310 606 300 15 225 0.01 0.64
549 899 300 15 225 0.01 0.64
561 951 300 15 225 0.01 0.64
507 876 300 15 225 0.01 0.64
390 712 300 15 225 0.01 0.66
338 631 300 15 225 0.01 0.66
405 700 300 15 225 0.01 0.66
430 760 300 15 225 0.01 0.66
355 650 300 15 225 0.01 0.68
240 442 300 15 225 0.01 0.68
314 555 300 15 225 0.01 0.68
410 735 300 15 225 0.01 0.68
292 552 300 15 225 0.01 0.7
224 465 300 15 225 0.01 0.7
399 666 300 15 225 0.01 0.7
252 522 300 15 225 0.01 0.7
692 1012 300 15 225 0.015 0.5
817 1171 300 15 225 0.015 0.5
1013 1317 300 15 225 0.015 0.5
602 925 300 15 225 0.015 0.5
758 1042 300 15 225 0.015 0.52
818 1130 300 15 225 0.015 0.52
832 1130 300 15 225 0.015 0.52
1445 1887 300 15 225 0.015 0.52
321 622 300 15 225 0.015 0.54
434 715 300 15 225 0.015 0.54
841 1174 300 15 225 0.015 0.54
498 865 300 15 225 0.015 0.54
498 788 300 15 225 0.015 0.56
333 597 300 15 225 0.015 0.56
572 869 300 15 225 0.015 0.56
495 854 300 15 225 0.015 0.56
394 686 300 15 225 0.015 0.58
503 864 300 15 225 0.015 0.58
481 766 300 15 225 0.015 0.58
529 856 300 15 225 0.015 0.58
215 420 300 15 225 0.015 0.6
180 394 300 15 225 0.015 0.6
310 611 300 15 225 0.015 0.6
281 570 300 15 225 0.015 0.6
246 527 300 15 225 0.015 0.62
222 474 300 15 225 0.015 0.62
386 656 300 15 225 0.015 0.62
278 546 300 15 225 0.015 0.62
310 565 300 15 225 0.015 0.64
276 529 300 15 225 0.015 0.64
512 773 300 15 225 0.015 0.64
189 424 300 15 225 0.015 0.64
258 522 300 15 225 0.015 0.66
278 529 300 15 225 0.015 0.66
324 575 300 15 225 0.015 0.66
333 608 300 15 225 0.015 0.66
197 402 300 15 225 0.015 0.68
159 360 300 15 225 0.015 0.68
227 434 300 15 225 0.015 0.68
248 524 300 15 225 0.015 0.68
158 353 300 15 225 0.015 0.7
137 317 300 15 225 0.015 0.7
192 412 300 15 225 0.015 0.7
124 281 300 15 225 0.015 0.7
479 808 300 15 225 0.02 0.5
582 909 300 15 225 0.02 0.5
1173 1558 300 15 225 0.02 0.5
590 939 300 15 225 0.02 0.5
495 784 300 15 225 0.02 0.52
334 607 300 15 225 0.02 0.52
498 785 300 15 225 0.02 0.52
634 965 300 15 225 0.02 0.52
375 643 300 15 225 0.02 0.54
402 701 300 15 225 0.02 0.54
717 1027 300 15 225 0.02 0.54
320 634 300 15 225 0.02 0.54
316 621 300 15 225 0.02 0.56
339 659 300 15 225 0.02 0.56
566 882 300 15 225 0.02 0.56
647 973 300 15 225 0.02 0.56
534 859 300 15 225 0.02 0.58
267 535 300 15 225 0.02 0.58
427 707 300 15 225 0.02 0.58
379 680 300 15 225 0.02 0.58
219 437 300 15 225 0.02 0.6
213 478 300 15 225 0.02 0.6
194 417 300 15 225 0.02 0.6
282 525 300 15 225 0.02 0.6
133 305 300 15 225 0.02 0.62
212 466 300 15 225 0.02 0.62
294 548 300 15 225 0.02 0.62
201 468 300 15 225 0.02 0.62
236 476 300 15 225 0.02 0.64
233 468 300 15 225 0.02 0.64
269 516 300 15 225 0.02 0.64
227 501 300 15 225 0.02 0.64
211 449 300 15 225 0.02 0.66
246 486 300 15 225 0.02 0.66
267 542 300 15 225 0.02 0.66
302 601 300 15 225 0.02 0.66
183 410 300 15 225 0.02 0.68
131 300 300 15 225 0.02 0.68
201 444 300 15 225 0.02 0.68
169 381 300 15 225 0.02 0.68
143 327 300 15 225 0.02 0.7
127 291 300 15 225 0.02 0.7
154 348 300 15 225 0.02 0.7
153 350 300 15 225 0.02 0.7
2143 2094 300 15 300 0.01 0.5
2026 1907 300 15 300 0.01 0.5
2097 2034 300 15 300 0.01 0.5
2157 2010 300 15 300 0.01 0.5
2505 2248 300 15 300 0.01 0.52
2668 2355 300 15 300 0.01 0.52
2951 2640 300 15 300 0.01 0.52
2303 2201 300 15 300 0.01 0.52
1185 1380 300 15 300 0.01 0.54
866 1133 300 15 300 0.01 0.54
1126 1336 300 15 300 0.01 0.54
1105 1265 300 15 300 0.01 0.54
963 1078 300 15 300 0.01 0.56
1154 1179 300 15 300 0.01 0.56
1809 1620 300 15 300 0.01 0.56
611 867 300 15 300 0.01 0.56
821 1073 300 15 300 0.01 0.58
1038 1263 300 15 300 0.01 0.58
605 862 300 15 300 0.01 0.58
1289 1543 300 15 300 0.01 0.58
553 799 300 15 300 0.01 0.6
415 713 300 15 300 0.01 0.6
482 743 300 15 300 0.01 0.6
637 877 300 15 300 0.01 0.6
540 783 300 15 300 0.01 0.62
374 657 300 15 300 0.01 0.62
380 623 300 15 300 0.01 0.62
590 884 300 15 300 0.01 0.62
332 594 300 15 300 0.01 0.64
499 838 300 15 300 0.01 0.64
698 964 300 15 300 0.01 0.64
624 824 300 15 300 0.01 0.64
445 746 300 15 300 0.01 0.66
586 912 300 15 300 0.01 0.66
617 894 300 15 300 0.01 0.66
564 923 300 15 300 0.01 0.66
247 491 300 15 300 0.01 0.68
228 430 300 15 300 0.01 0.68
357 560 300 15 300 0.01 0.68
359 567 300 15 300 0.01 0.68
375 627 300 15 300 0.01 0.7
188 391 300 15 300 0.01 0.7
382 554 300 15 300 0.01 0.7
270 526 300 15 300 0.01 0.7
1531 1551 300 15 300 0.015 0.5
1184 1235 300 15 300 0.015 0.5
1452 1437 300 15 300 0.015 0.5
1422 1520 300 15 300 0.015 0.5
1110 1242 300 15 300 0.015 0.52
948 1069 300 15 300 0.015 0.52
1239 1259 300 15 300 0.015 0.52
865 1040 300 15 300 0.015 0.52
645 882 300 15 300 0.015 0.54
659 843 300 15 300 0.015 0.54
780 968 300 15 300 0.015 0.54
634 883 300 15 300 0.015 0.54
462 694 300 15 300 0.015 0.56
445 695 300 15 300 0.015 0.56
360 571 300 15 300 0.015 0.56
670 986 300 15 300 0.015 0.56
437 711 300 15 300 0.015 0.58
319 553 300 15 300 0.015 0.58
496 774 300 15 300 0.015 0.58
478 730 300 15 300 0.015 0.58
225 453 300 15 300 0.015 0.6
306 535 300 15 300 0.015 0.6
397 537 300 15 300 0.015 0.6
407 677 300 15 300 0.015 0.6
301 550 300 15 300 0.015 0.62
279 505 300 15 300 0.015 0.62
536 782 300 15 300 0.015 0.62
368 624 300 15 300 0.015 0.62
317 550 300 15 300 0.015 0.64
278 500 300 15 300 0.015 0.64
337 546 300 15 300 0.015 0.64
317 540 300 15 300 0.015 0.64
313 535 300 15 300 0.015 0.66
256 469 300 15 300 0.015 0.66
602 753 300 15 300 0.015 0.66
291 513 300 15 300 0.015 0.66
169 360 300 15 300 0.015 0.68
198 390 300 15 300 0.015 0.68
222 431 300 15 300 0.015 0.68
194 404 300 15 300 0.015 0.68
203 397 300 15 300 0.015 0.7
260 446 300 15 300 0.015 0.7
193 360 300 15 300 0.015 0.7
300 496 300 15 300 0.015 0.7
716 932 300 15 300 0.02 0.5
1464 1550 300 15 300 0.02 0.5
1121 1233 300 15 300 0.02 0.5
1599 1643 300 15 300 0.02 0.5
698 907 300 15 300 0.02 0.52
794 1000 300 15 300 0.02 0.52
907 1040 300 15 300 0.02 0.52
966 1142 300 15 300 0.02 0.52
498 729 300 15 300 0.02 0.54
362 603 300 15 300 0.02 0.54
391 626 300 15 300 0.02 0.54
550 886 300 15 300 0.02 0.54
256 436 300 15 300 0.02 0.56
483 742 300 15 300 0.02 0.56
475 730 300 15 300 0.02 0.56
470 742 300 15 300 0.02 0.56
311 524 300 15 300 0.02 0.58
465 741 300 15 300 0.02 0.58
582 784 300 15 300 0.02 0.58
240 452 300 15 300 0.02 0.58
268 526 300 15 300 0.02 0.6
191 400 300 15 300 0.02 0.6
361 644 300 15 300 0.02 0.6
333 557 300 15 300 0.02 0.6
258 486 300 15 300 0.02 0.62
203 428 300 15 300 0.02 0.62
171 361 300 15 300 0.02 0.62
420 647 300 15 300 0.02 0.62
244 463 300 15 300 0.02 0.64
208 422 300 15 300 0.02 0.64
301 584 300 15 300 0.02 0.64
156 327 300 15 300 0.02 0.64
218 445 300 15 300 0.02 0.66
311 589 300 15 300 0.02 0.66
550 772 300 15 300 0.02 0.66
220 440 300 15 300 0.02 0.66
394 384 300 15 300 0.02 0.68
462 418 300 15 300 0.02 0.68
444 411 300 15 300 0.02 0.68
418 373 300 15 300 0.02 0.68
147 317 300 15 300 0.02 0.7
183 383 300 15 300 0.02 0.7
170 366 300 15 300 0.02 0.7
206 440 300 15 300 0.02 0.7
1869 1590 300 15 375 0.01 0.5
2694 1995 300 15 375 0.01 0.5
3366 2356 300 15 375 0.01 0.5
2633 2019 300 15 375 0.01 0.5
2531 1801 300 15 375 0.01 0.52
5063 3094 300 15 375 0.01 0.52
3818 2472 300 15 375 0.01 0.52
4256 2785 300 15 375 0.01 0.52
1270 1349 300 15 375 0.01 0.54
1177 1204 300 15 375 0.01 0.54
1269 1288 300 15 375 0.01 0.54
1651 1360 300 15 375 0.01 0.54
905 1022 300 15 375 0.01 0.56
1405 1286 300 15 375 0.01 0.56
1184 1072 300 15 375 0.01 0.56
1407 1273 300 15 375 0.01 0.56
1173 1086 300 15 375 0.01 0.58
1050 1118 300 15 375 0.01 0.58
1442 1492 300 15 375 0.01 0.58
2708 2074 300 15 375 0.01 0.58
433 683 300 15 375 0.01 0.6
907 899 300 15 375 0.01 0.6
933 907 300 15 375 0.01 0.6
432 680 300 15 375 0.01 0.6
468 729 300 15 375 0.01 0.62
525 835 300 15 375 0.01 0.62
645 873 300 15 375 0.01 0.62
523 760 300 15 375 0.01 0.62
631 723 300 15 375 0.01 0.64
486 746 300 15 375 0.01 0.64
806 948 300 15 375 0.01 0.64
933 927 300 15 375 0.01 0.64
410 651 300 15 375 0.01 0.66
387 607 300 15 375 0.01 0.66
643 854 300 15 375 0.01 0.66
812 889 300 15 375 0.01 0.66
435 548 300 15 375 0.01 0.68
442 571 300 15 375 0.01 0.68
798 787 300 15 375 0.01 0.68
303 480 300 15 375 0.01 0.68
215 407 300 15 375 0.01 0.7
260 485 300 15 375 0.01 0.7
373 630 300 15 375 0.01 0.7
283 468 300 15 375 0.01 0.7
1066 1052 300 15 375 0.015 0.5
1237 1131 300 15 375 0.015 0.5
1417 1308 300 15 375 0.015 0.5
1585 1378 300 15 375 0.015 0.5
827 884 300 15 375 0.015 0.52
1510 1285 300 15 375 0.015 0.52
1601 1302 300 15 375 0.015 0.52
865 871 300 15 375 0.015 0.52
954 919 300 15 375 0.015 0.54
491 752 300 15 375 0.015 0.54
725 872 300 15 375 0.015 0.54
1188 1113 300 15 375 0.015 0.54
712 874 300 15 375 0.015 0.56
620 748 300 15 375 0.015 0.56
541 688 300 15 375 0.015 0.56
904 1007 300 15 375 0.015 0.56
470 665 300 15 375 0.015 0.58
768 860 300 15 375 0.015 0.58
722 801 300 15 375 0.015 0.58
567 770 300 15 375 0.015 0.58
406 579 300 15 375 0.015 0.6
280 487 300 15 375 0.015 0.6
632 669 300 15 375 0.015 0.6
412 607 300 15 375 0.015 0.6
310 454 300 15 375 0.015 0.62
289 508 300 15 375 0.015 0.62
472 685 300 15 375 0.015 0.62
397 620 300 15 375 0.015 0.62
256 436 300 15 375 0.015 0.64
539 714 300 15 375 0.015 0.64
473 630 300 15 375 0.015 0.64
371 505 300 15 375 0.015 0.64
474 635 300 15 375 0.015 0.66
241 462 300 15 375 0.015 0.66
346 580 300 15 375 0.015 0.66
385 568 300 15 375 0.015 0.66
178 350 300 15 375 0.015 0.68
203 360 300 15 375 0.015 0.68
368 519 300 15 375 0.015 0.68
191 386 300 15 375 0.015 0.68
270 497 300 15 375 0.015 0.7
270 470 300 15 375 0.015 0.7
289 519 300 15 375 0.015 0.7
529 577 300 15 375 0.015 0.7
991 983 300 15 375 0.02 0.5
689 797 300 15 375 0.02 0.5
1262 1166 300 15 375 0.02 0.5
1294 1147 300 15 375 0.02 0.5
1803 1411 300 15 375 0.02 0.52
470 625 300 15 375 0.02 0.52
1189 1153 300 15 375 0.02 0.52
1217 1093 300 15 375 0.02 0.52
279 474 300 15 375 0.02 0.54
400 619 300 15 375 0.02 0.54
769 900 300 15 375 0.02 0.54
695 847 300 15 375 0.02 0.54
481 610 300 15 375 0.02 0.56
388 605 300 15 375 0.02 0.56
471 608 300 15 375 0.02 0.56
470 685 300 15 375 0.02 0.56
344 569 300 15 375 0.02 0.58
350 533 300 15 375 0.02 0.58
514 713 300 15 375 0.02 0.58
1081 1025 300 15 375 0.02 0.58
250 404 300 15 375 0.02 0.6
183 367 300 15 375 0.02 0.6
256 440 300 15 375 0.02 0.6
192 383 300 15 375 0.02 0.6
413 620 300 15 375 0.02 0.62
196 394 300 15 375 0.02 0.62
344 538 300 15 375 0.02 0.62
504 674 300 15 375 0.02 0.62
251 446 300 15 375 0.02 0.64
306 554 300 15 375 0.02 0.64
216 396 300 15 375 0.02 0.64
371 545 300 15 375 0.02 0.64
216 384 300 15 375 0.02 0.66
252 457 300 15 375 0.02 0.66
435 615 300 15 375 0.02 0.66
433 635 300 15 375 0.02 0.66
152 312 300 15 375 0.02 0.68
167 341 300 15 375 0.02 0.68
296 543 300 15 375 0.02 0.68
158 336 300 15 375 0.02 0.68
273 486 300 15 375 0.02 0.7
184 336 300 15 375 0.02 0.7
307 551 300 15 375 0.02 0.7
258 446 300 15 375 0.02 0.7
4265 4224 300 20 225 0.01 0.5
6440 6449 300 20 225 0.01 0.5
93448 200000 300 20 225 0.01 0.5
9110 9107 300 20 225 0.01 0.5
2664 2941 300 20 225 0.01 0.52
3740 3897 300 20 225 0.01 0.52
4118 4236 300 20 225 0.01 0.52
2462 2662 300 20 225 0.01 0.52
1697 2043 300 20 225 0.01 0.54
2565 2809 300 20 225 0.01 0.54
2412 2549 300 20 225 0.01 0.54
2643 2858 300 20 225 0.01 0.54
1221 1602 300 20 225 0.01 0.56
873 1166 300 20 225 0.01 0.56
1846 2125 300 20 225 0.01 0.56
1208 1519 300 20 225 0.01 0.56
1248 1492 300 20 225 0.01 0.58
1154 1432 300 20 225 0.01 0.58
1125 1445 300 20 225 0.01 0.58
1372 1678 300 20 225 0.01 0.58
830 1074 300 20 225 0.01 0.6
530 821 300 20 225 0.01 0.6
701 1036 300 20 225 0.01 0.6
811 1064 300 20 225 0.01 0.6
703 1013 300 20 225 0.01 0.62
781 1086 300 20 225 0.01 0.62
873 1158 300 20 225 0.01 0.62
655 926 300 20 225 0.01 0.62
654 975 300 20 225 0.01 0.64
447 729 300 20 225 0.01 0.64
1171 1494 300 20 225 0.01 0.64
834 1181 300 20 225 0.01 0.64
537 623 300 20 225 0.01 0.66
546 589 300 20 225 0.01 0.66
666 653 300 20 225 0.01 0.66
512 531 300 20 225 0.01 0.66
319 537 300 20 225 0.01 0.68
291 515 300 20 225 0.01 0.68
363 572 300 20 225 0.01 0.68
467 713 300 20 225 0.01 0.68
370 570 300 20 225 0.01 0.7
222 402 300 20 225 0.01 0.7
362 573 300 20 225 0.01 0.7
356 576 300 20 225 0.01 0.7
2058 2267 300 20 225 0.015 0.5
1724 1937 300 20 225 0.015 0.5
3347 5567 300 20 225 0.015 0.5
1469 1764 300 20 225 0.015 0.5
806 1025 300 20 225 0.015 0.52
522 750 300 20 225 0.015 0.52
895 1100 300 20 225 0.015 0.52
681 966 300 20 225 0.015 0.52
911 954 300 20 225 0.015 0.54
865 890 300 20 225 0.015 0.54
1526 1359 300 20 225 0.015 0.54
1335 1496 300 20 225 0.015 0.54
746 724 300 20 225 0.015 0.56
684 688 300 20 225 0.015 0.56
611 652 300 20 225 0.015 0.56
1137 1100 300 20 225 0.015 0.56
397 597 300 20 225 0.015 0.58
571 834 300 20 225 0.015 0.58
652 863 300 20 225 0.015 0.58
801 1101 300 20 225 0.015 0.58
305 526 300 20 225 0.015 0.6
562 756 300 20 225 0.015 0.6
788 1032 300 20 225 0.015 0.6
320 535 300 20 225 0.015 0.6
391 588 300 20 225 0.015 0.62
353 572 300 20 225 0.015 0.62
334 517 300 20 225 0.015 0.62
458 687 300 20 225 0.015 0.62
213 381 300 20 225 0.015 0.64
224 404 300 20 225 0.015 0.64
727 1004 300 20 225 0.015 0.64
413 647 300 20 225 0.015 0.64
369 375 300 20 225 0.015 0.66
708 558 300 20 225 0.015 0.66
571 512 300 20 225 0.015 0.66
517 441 300 20 225 0.015 0.66
221 375 300 20 225 0.015 0.68
289 484 300 20 225 0.015 0.68
343 521 300 20 225 0.015 0.68
298 506 300 20 225 0.015 0.68
187 334 300 20 225 0.015 0.7
207 381 300 20 225 0.015 0.7
220 377 300 20 225 0.015 0.7
253 411 300 20 225 0.015 0.7
955 1179 300 20 225 0.02 0.5
998 1224 300 20 225 0.02 0.5
93592 200000 300 20 225 0.02 0.5
1029 1297 300 20 225 0.02 0.5
683 909 300 20 225 0.02 0.52
509 721 300 20 225 0.02 0.52
578 831 300 20 225 0.02 0.52
751 993 300 20 225 0.02 0.52
547 767 300 20 225 0.02 0.54
621 864 300 20 225 0.02 0.54
744 956 300 20 225 0.02 0.54
753 987 300 20 225 0.02 0.54
489 675 300 20 225 0.02 0.56
437 688 300 20 225 0.02 0.56
321 483 300 20 225 0.02 0.56
631 859 300 20 225 0.02 0.56
316 517 300 20 225 0.02 0.58
354 550 300 20 225 0.02 0.58
644 857 300 20 225 0.02 0.58
494 740 300 20 225 0.02 0.58
328 510 300 20 225 0.02 0.6
244 405 300 20 225 0.02 0.6
358 570 300 20 225 0.02 0.6
262 451 300 20 225 0.02 0.6
273 449 300 20 225 0.02 0.62
181 322 300 20 225 0.02 0.62
355 544 300 20 225 0.02 0.62
174 306 300 20 225 0.02 0.62
229 421 300 20 225 0.02 0.64
277 478 300 20 225 0.02 0.64
313 520 300 20 225 0.02 0.64
252 453 300 20 225 0.02 0.64
197 283 300 20 225 0.02 0.66
375 403 300 20 225 0.02 0.66
304 370 300 20 225 0.02 0.66
328 383 300 20 225 0.02 0.66
150 280 300 20 225 0.02 0.68
166 308 300 20 225 0.02 0.68
200 366 300 20 225 0.02 0.68
162 292 300 20 225 0.02 0.68
177 335 300 20 225 0.02 0.7
183 343 300 20 225 0.02 0.7
198 322 300 20 225 0.02 0.7
180 345 300 20 225 0.02 0.7
6819 4965 300 20 300 0.01 0.5
4122 3223 300 20 300 0.01 0.5
13076 9363 300 20 300 0.01 0.5
5978 4573 300 20 300 0.01 0.5
3108 2595 300 20 300 0.01 0.52
2980 2453 300 20 300 0.01 0.52
2897 2430 300 20 300 0.01 0.52
3513 2894 300 20 300 0.01 0.52
2784 2347 300 20 300 0.01 0.54
3985 3235 300 20 300 0.01 0.54
1732 1704 300 20 300 0.01 0.54
5185 4055 300 20 300 0.01 0.54
1677 1669 300 20 300 0.01 0.56
1185 1194 300 20 300 0.01 0.56
1673 1620 300 20 300 0.01 0.56
1907 1920 300 20 300 0.01 0.56
1126 1203 300 20 300 0.01 0.58
2025 1836 300 20 300 0.01 0.58
1440 1488 300 20 300 0.01 0.58
2102 2042 300 20 300 0.01 0.58
931 1092 300 20 300 0.01 0.6
684 924 300 20 300 0.01 0.6
1089 1133 300 20 300 0.01 0.6
723 939 300 20 300 0.01 0.6
999 740 300 20 300 0.01 0.62
1666 1141 300 20 300 0.01 0.62
1936 1327 300 20 300 0.01 0.62
807 762 300 20 300 0.01 0.62
952 1126 300 20 300 0.01 0.64
757 963 300 20 300 0.01 0.64
710 886 300 20 300 0.01 0.64
1027 1128 300 20 300 0.01 0.64
547 711 300 20 300 0.01 0.66
448 646 300 20 300 0.01 0.66
756 875 300 20 300 0.01 0.66
307 510 300 20 300 0.01 0.66
364 515 300 20 300 0.01 0.68
557 662 300 20 300 0.01 0.68
330 527 300 20 300 0.01 0.68
609 808 300 20 300 0.01 0.68
339 524 300 20 300 0.01 0.7
206 346 300 20 300 0.01 0.7
434 581 300 20 300 0.01 0.7
333 545 300 20 300 0.01 0.7
1251 1270 300 20 300 0.015 0.5
1578 1505 300 20 300 0.015 0.5
2102 1873 300 20 300 0.015 0.5
2638 2329 300 20 300 0.015 0.5
1067 998 300 20 300 0.015 0.52
988 923 300 20 300 0.015 0.52
822 720 300 20 300 0.015 0.52
1512 1236 300 20 300 0.015 0.52
1605 1601 300 20 300 0.015 0.54
896 1011 300 20 300 0.015 0.54
2089 1917 300 20 300 0.015 0.54
974 1058 300 20 300 0.015 0.54
739 864 300 20 300 0.015 0.56
657 782 300 20 300 0.015 0.56
804 940 300 20 300 0.015 0.56
903 1056 300 20 300 0.015 0.56
464 618 300 20 300 0.015 0.58
615 815 300 20 300 0.015 0.58
735 872 300 20 300 0.015 0.58
586 816 300 20 300 0.015 0.58
309 501 300 20 300 0.015 0.6
638 797 300 20 300 0.015 0.6
844 889 300 20 300 0.015 0.6
689 895 300 20 300 0.015 0.6
320 510 300 20 300 0.015 0.62
454 637 300 20 300 0.015 0.62
338 490 300 20 300 0.015 0.62
471 618 300 20 300 0.015 0.62
443 579 300 20 300 0.015 0.64
461 627 300 20 300 0.015 0.64
370 581 300 20 300 0.015 0.64
799 922 300 20 300 0.015 0.64
279 448 300 20 300 0.015 0.66
273 450 300 20 300 0.015 0.66
419 527 300 20 300 0.015 0.66
218 387 300 20 300 0.015 0.66
301 463 300 20 300 0.015 0.68
269 442 300 20 300 0.015 0.68
309 473 300 20 300 0.015 0.68
417 587 300 20 300 0.015 0.68
154 274 300 20 300 0.015 0.7
312 439 300 20 300 0.015 0.7
223 356 300 20 300 0.015 0.7
258 402 300 20 300 0.015 0.7
782 876 300 20 300 0.02 0.5
1591 1604 300 20 300 0.02 0.5
1115 1138 300 20 300 0.02 0.5
1620 1546 300 20 300 0.02 0.5
703 844 300 20 300 0.02 0.52
445 595 300 20 300 0.02 0.52
680 823 300 20 300 0.02 0.52
1291 1283 300 20 300 0.02 0.52
758 873 300 20 300 0.02 0.54
591 743 300 20 300 0.02 0.54
1111 1050 300 20 300 0.02 0.54
890 1008 300 20 300 0.02 0.54
533 765 300 20 300 0.02 0.56
335 486 300 20 300 0.02 0.56
736 788 300 20 300 0.02 0.56
608 816 300 20 300 0.02 0.56
297 492 300 20 300 0.02 0.58
348 524 300 20 300 0.02 0.58
385 562 300 20 300 0.02 0.58
302 484 300 20 300 0.02 0.58
329 499 300 20 300 0.02 0.6
262 434 300 20 300 0.02 0.6
347 516 300 20 300 0.02 0.6
260 414 300 20 300 0.02 0.6
361 538 300 20 300 0.02 0.62
249 419 300 20 300 0.02 0.62
423 560 300 20 300 0.02 0.62
285 437 300 20 300 0.02 0.62
362 537 300 20 300 0.02 0.64
358 469 300 20 300 0.02 0.64
480 578 300 20 300 0.02 0.64
344 440 300 20 300 0.02 0.64
336 492 300 20 300 0.02 0.66
177 309 300 20 300 0.02 0.66
236 404 300 20 300 0.02 0.66
306 484 300 20 300 0.02 0.66
161 280 300 20 300 0.02 0.68
205 335 300 20 300 0.02 0.68
180 313 300 20 300 0.02 0.68
220 353 300 20 300 0.02 0.68
130 232 300 20 300 0.02 0.7
130 238 300 20 300 0.02 0.7
191 333 300 20 300 0.02 0.7
164 288 300 20 300 0.02 0.7
5701 3439 300 20 375 0.01 0.5
7695 4392 300 20 375 0.01 0.5
5365 3382 300 20 375 0.01 0.5
10820 6053 300 20 375 0.01 0.5
2370 1769 300 20 375 0.01 0.52
3011 2194 300 20 375 0.01 0.52
2991 2233 300 20 375 0.01 0.52
3615 2454 300 20 375 0.01 0.52
5237 3285 300 20 375 0.01 0.54
4029 2858 300 20 375 0.01 0.54
2418 1828 300 20 375 0.01 0.54
8094 4543 300 20 375 0.01 0.54
2174 1754 300 20 375 0.01 0.56
1512 1360 300 20 375 0.01 0.56
2622 1915 300 20 375 0.01 0.56
1828 1487 300 20 375 0.01 0.56
1735 1498 300 20 375 0.01 0.58
2772 2065 300 20 375 0.01 0.58
1630 1422 300 20 375 0.01 0.58
3233 2367 300 20 375 0.01 0.58
1007 1091 300 20 375 0.01 0.6
538 774 300 20 375 0.01 0.6
1060 1026 300 20 375 0.01 0.6
1027 1133 300 20 375 0.01 0.6
865 1015 300 20 375 0.01 0.62
861 1004 300 20 375 0.01 0.62
1017 1150 300 20 375 0.01 0.62
1059 1057 300 20 375 0.01 0.62
853 904 300 20 375 0.01 0.64
812 986 300 20 375 0.01 0.64
1404 1295 300 20 375 0.01 0.64
884 1002 300 20 375 0.01 0.64
660 695 300 20 375 0.01 0.66
481 685 300 20 375 0.01 0.66
1027 1007 300 20 375 0.01 0.66
271 452 300 20 375 0.01 0.66
423 582 300 20 375 0.01 0.68
546 618 300 20 375 0.01 0.68
347 502 300 20 375 0.01 0.68
882 861 300 20 375 0.01 0.68
265 418 300 20 375 0.01 0.7
233 382 300 20 375 0.01 0.7
239 403 300 20 375 0.01 0.7
334 496 300 20 375 0.01 0.7
2632 1856 300 20 375 0.015 0.5
1579 1344 300 20 375 0.015 0.5
3227 2104 300 20 375 0.015 0.5
1958 1455 300 20 375 0.015 0.5
1786 1457 300 20 375 0.015 0.52
874 841 300 20 375 0.015 0.52
1660 1325 300 20 375 0.015 0.52
1950 1412 300 20 375 0.015 0.52
1626 1324 300 20 375 0.015 0.54
978 938 300 20 375 0.015 0.54
1482 1208 300 20 375 0.015 0.54
2015 1418 300 20 375 0.015 0.54
624 725 300 20 375 0.015 0.56
505 648 300 20 375 0.015 0.56
752 819 300 20 375 0.015 0.56
562 739 300 20 375 0.015 0.56
563 664 300 20 375 0.015 0.58
1264 1072 300 20 375 0.015 0.58
1139 972 300 20 375 0.015 0.58
932 882 300 20 375 0.015 0.58
675 578 300 20 375 0.015 0.6
530 492 300 20 375 0.015 0.6
609 610 300 20 375 0.015 0.6
625 588 300 20 375 0.015 0.6
433 600 300 20 375 0.015 0.62
385 544 300 20 375 0.015 0.62
620 746 300 20 375 0.015 0.62
636 744 300 20 375 0.015 0.62
273 432 300 20 375 0.015 0.64
489 637 300 20 375 0.015 0.64
521 576 300 20 375 0.015 0.64
465 614 300 20 375 0.015 0.64
294 466 300 20 375 0.015 0.66
174 291 300 20 375 0.015 0.66
356 526 300 20 375 0.015 0.66
413 548 300 20 375 0.015 0.66
252 364 300 20 375 0.015 0.68
280 415 300 20 375 0.015 0.68
373 547 300 20 375 0.015 0.68
317 447 300 20 375 0.015 0.68
218 358 300 20 375 0.015 0.7
231 373 300 20 375 0.015 0.7
187 312 300 20 375 0.015 0.7
326 445 300 20 375 0.015 0.7
2018 1619 300 20 375 0.02 0.5
1297 1092 300 20 375 0.02 0.5
1698 1342 300 20 375 0.02 0.5
1761 1423 300 20 375 0.02 0.5
826 837 300 20 375 0.02 0.52
656 726 300 20 375 0.02 0.52
553 605 300 20 375 0.02 0.52
1024 993 300 20 375 0.02 0.52
696 835 300 20 375 0.02 0.54
1519 1122 300 20 375 0.02 0.54
1062 1022 300 20 375 0.02 0.54
1876 1472 300 20 375 0.02 0.54
375 481 300 20 375 0.02 0.56
541 622 300 20 375 0.02 0.56
730 839 300 20 375 0.02 0.56
868 891 300 20 375 0.02 0.56
305 429 300 20 375 0.02 0.58
336 472 300 20 375 0.02 0.58
507 594 300 20 375 0.02 0.58
504 638 300 20 375 0.02 0.58
696 777 300 20 375 0.02 0.6
315 453 300 20 375 0.02 0.6
841 756 300 20 375 0.02 0.6
446 627 300 20 375 0.02 0.6
297 467 300 20 375 0.02 0.62
305 471 300 20 375 0.02 0.62
227 351 300 20 375 0.02 0.62
383 502 300 20 375 0.02 0.62
321 503 300 20 375 0.02 0.64
376 566 300 20 375 0.02 0.64
718 673 300 20 375 0.02 0.64
222 385 300 20 375 0.02 0.64
304 452 300 20 375 0.02 0.66
295 455 300 20 375 0.02 0.66
251 353 300 20 375 0.02 0.66
381 535 300 20 375 0.02 0.66
382 495 300 20 375 0.02 0.68
156 270 300 20 375 0.02 0.68
220 358 300 20 375 0.02 0.68
350 516 300 20 375 0.02 0.68
139 248 300 20 375 0.02 0.7
171 277 300 20 375 0.02 0.7
266 409 300 20 375 0.02 0.7
184 310 300 20 375 0.02 0.7
