2274 3044 400 5 300 0.01 0.5
1893 2645 400 5 300 0.01 0.5
2706 3498 400 5 300 0.01 0.5
1627 2498 400 5 300 0.01 0.5
1659 2413 400 5 300 0.01 0.52
2105 2801 400 5 300 0.01 0.52
1904 2663 400 5 300 0.01 0.52
2165 2859 400 5 300 0.01 0.52
2223 2988 400 5 300 0.01 0.54
1734 2671 400 5 300 0.01 0.54
2438 3283 400 5 300 0.01 0.54
1550 2283 400 5 300 0.01 0.54
1946 2659 400 5 300 0.01 0.56
1545 2302 400 5 300 0.01 0.56
2409 3134 400 5 300 0.01 0.56
2018 2783 400 5 300 0.01 0.56
2218 2862 400 5 300 0.01 0.58
1821 2716 400 5 300 0.01 0.58
2280 3069 400 5 300 0.01 0.58
2226 2870 400 5 300 0.01 0.58
503 1166 400 5 300 0.01 0.6
545 1335 400 5 300 0.01 0.6
580 1358 400 5 300 0.01 0.6
613 1515 400 5 300 0.01 0.6
649 1556 400 5 300 0.01 0.62
910 2040 400 5 300 0.01 0.62
684 1650 400 5 300 0.01 0.62
1129 2601 400 5 300 0.01 0.62
463 1160 400 5 300 0.01 0.64
744 1762 400 5 300 0.01 0.64
721 1689 400 5 300 0.01 0.64
642 1572 400 5 300 0.01 0.64
532 1299 400 5 300 0.01 0.66
400 1005 400 5 300 0.01 0.66
556 1333 400 5 300 0.01 0.66
477 1211 400 5 300 0.01 0.66
471 1130 400 5 300 0.01 0.68
629 1521 400 5 300 0.01 0.68
728 1669 400 5 300 0.01 0.68
489 1239 400 5 300 0.01 0.68
515 1255 400 5 300 0.01 0.7
563 1387 400 5 300 0.01 0.7
781 1839 400 5 300 0.01 0.7
496 1285 400 5 300 0.01 0.7
2452 4071 400 5 300 0.015 0.5
2674 4237 400 5 300 0.015 0.5
2818 4143 400 5 300 0.015 0.5
2724 4369 400 5 300 0.015 0.5
2589 3838 400 5 300 0.015 0.52
3208 4679 400 5 300 0.015 0.52
2623 4154 400 5 300 0.015 0.52
3436 5174 400 5 300 0.015 0.52
2611 3891 400 5 300 0.015 0.54
3024 4525 400 5 300 0.015 0.54
3820 5494 400 5 300 0.015 0.54
2195 3537 400 5 300 0.015 0.54
2296 3680 400 5 300 0.015 0.56
2494 3817 400 5 300 0.015 0.56
2970 4408 400 5 300 0.015 0.56
2625 4199 400 5 300 0.015 0.56
1869 3216 400 5 300 0.015 0.58
1960 3255 400 5 300 0.015 0.58
3466 5016 400 5 300 0.015 0.58
2178 3755 400 5 300 0.015 0.58
959 2105 400 5 300 0.015 0.6
898 2092 400 5 300 0.015 0.6
1240 2836 400 5 300 0.015 0.6
1230 2903 400 5 300 0.015 0.6
960 2274 400 5 300 0.015 0.62
822 1957 400 5 300 0.015 0.62
1050 2355 400 5 300 0.015 0.62
969 2311 400 5 300 0.015 0.62
873 1952 400 5 300 0.015 0.64
913 2068 400 5 300 0.015 0.64
986 2271 400 5 300 0.015 0.64
1202 2708 400 5 300 0.015 0.64
1136 2529 400 5 300 0.015 0.66
1008 2335 400 5 300 0.015 0.66
1441 3054 400 5 300 0.015 0.66
742 1812 400 5 300 0.015 0.66
1233 2738 400 5 300 0.015 0.68
839 1992 400 5 300 0.015 0.68
1150 2577 400 5 300 0.015 0.68
1041 2433 400 5 300 0.015 0.68
912 2092 400 5 300 0.015 0.7
746 1835 400 5 300 0.015 0.7
1525 3283 400 5 300 0.015 0.7
1201 2940 400 5 300 0.015 0.7
4910 8900 400 5 300 0.02 0.5
4963 8982 400 5 300 0.02 0.5
6351 9881 400 5 300 0.02 0.5
4973 9005 400 5 300 0.02 0.5
4675 7935 400 5 300 0.02 0.52
4626 7736 400 5 300 0.02 0.52
4448 8052 400 5 300 0.02 0.52
6345 10522 400 5 300 0.02 0.52
3835 6302 400 5 300 0.02 0.54
7829 12211 400 5 300 0.02 0.54
5965 9839 400 5 300 0.02 0.54
5722 9018 400 5 300 0.02 0.54
6363 10497 400 5 300 0.02 0.56
6163 10858 400 5 300 0.02 0.56
7360 11870 400 5 300 0.02 0.56
5563 9409 400 5 300 0.02 0.56
4670 7829 400 5 300 0.02 0.58
7529 12548 400 5 300 0.02 0.58
6072 10324 400 5 300 0.02 0.58
7009 11277 400 5 300 0.02 0.58
1034 2417 400 5 300 0.02 0.6
2189 4728 400 5 300 0.02 0.6
4090 8083 400 5 300 0.02 0.6
1749 4434 400 5 300 0.02 0.6
1515 3319 400 5 300 0.02 0.62
2917 6069 400 5 300 0.02 0.62
3655 7547 400 5 300 0.02 0.62
2449 5427 400 5 300 0.02 0.62
1473 3224 400 5 300 0.02 0.64
2585 5595 400 5 300 0.02 0.64
3035 6350 400 5 300 0.02 0.64
1801 4150 400 5 300 0.02 0.64
1753 3868 400 5 300 0.02 0.66
1340 3125 400 5 300 0.02 0.66
1655 3582 400 5 300 0.02 0.66
2711 6196 400 5 300 0.02 0.66
2882 5744 400 5 300 0.02 0.68
1718 3844 400 5 300 0.02 0.68
1917 4177 400 5 300 0.02 0.68
2848 6234 400 5 300 0.02 0.68
2935 6067 400 5 300 0.02 0.7
2660 5605 400 5 300 0.02 0.7
1699 3854 400 5 300 0.02 0.7
4658 9858 400 5 300 0.02 0.7
3065 3275 400 5 400 0.01 0.5
3050 3299 400 5 400 0.01 0.5
2890 3156 400 5 400 0.01 0.5
3386 3070 400 5 400 0.01 0.5
3435 3277 400 5 400 0.01 0.52
3072 3094 400 5 400 0.01 0.52
5023 4301 400 5 400 0.01 0.52
3524 3603 400 5 400 0.01 0.52
3562 3446 400 5 400 0.01 0.54
2054 2435 400 5 400 0.01 0.54
3403 3256 400 5 400 0.01 0.54
2350 2492 400 5 400 0.01 0.54
2372 2755 400 5 400 0.01 0.56
2433 2703 400 5 400 0.01 0.56
4551 4007 400 5 400 0.01 0.56
2844 3033 400 5 400 0.01 0.56
2563 2731 400 5 400 0.01 0.58
2607 2929 400 5 400 0.01 0.58
2918 3117 400 5 400 0.01 0.58
2721 2986 400 5 400 0.01 0.58
709 1284 400 5 400 0.01 0.6
673 1237 400 5 400 0.01 0.6
767 1398 400 5 400 0.01 0.6
698 1387 400 5 400 0.01 0.6
598 1318 400 5 400 0.01 0.62
513 1118 400 5 400 0.01 0.62
547 1226 400 5 400 0.01 0.62
589 1243 400 5 400 0.01 0.62
602 1306 400 5 400 0.01 0.64
425 990 400 5 400 0.01 0.64
872 1718 400 5 400 0.01 0.64
575 1329 400 5 400 0.01 0.64
537 1196 400 5 400 0.01 0.66
730 1462 400 5 400 0.01 0.66
594 1266 400 5 400 0.01 0.66
868 1722 400 5 400 0.01 0.66
782 1630 400 5 400 0.01 0.68
522 1178 400 5 400 0.01 0.68
568 1197 400 5 400 0.01 0.68
738 1565 400 5 400 0.01 0.68
575 1256 400 5 400 0.01 0.7
460 1044 400 5 400 0.01 0.7
815 1690 400 5 400 0.01 0.7
760 1682 400 5 400 0.01 0.7
4313 4851 400 5 400 0.015 0.5
4729 5091 400 5 400 0.015 0.5
4556 5390 400 5 400 0.015 0.5
6330 6937 400 5 400 0.015 0.5
2901 4002 400 5 400 0.015 0.52
4090 5017 400 5 400 0.015 0.52
3977 4838 400 5 400 0.015 0.52
3441 4555 400 5 400 0.015 0.52
3794 4290 400 5 400 0.015 0.54
3739 4495 400 5 400 0.015 0.54
6455 6803 400 5 400 0.015 0.54
5438 6841 400 5 400 0.015 0.54
3327 4277 400 5 400 0.015 0.56
3951 4551 400 5 400 0.015 0.56
4556 5059 400 5 400 0.015 0.56
7328 7973 400 5 400 0.015 0.56
4388 4694 400 5 400 0.015 0.58
4293 4706 400 5 400 0.015 0.58
5594 6556 400 5 400 0.015 0.58
3683 4433 400 5 400 0.015 0.58
719 1571 400 5 400 0.015 0.6
1348 2567 400 5 400 0.015 0.6
1404 2610 400 5 400 0.015 0.6
1249 2427 400 5 400 0.015 0.6
688 1512 400 5 400 0.015 0.62
1249 2471 400 5 400 0.015 0.62
1341 2604 400 5 400 0.015 0.62
1083 2225 400 5 400 0.015 0.62
1090 2131 400 5 400 0.015 0.64
894 1839 400 5 400 0.015 0.64
1132 2324 400 5 400 0.015 0.64
1025 2037 400 5 400 0.015 0.64
755 1662 400 5 400 0.015 0.66
1040 2150 400 5 400 0.015 0.66
1032 1986 400 5 400 0.015 0.66
1193 2337 400 5 400 0.015 0.66
1277 2591 400 5 400 0.015 0.68
1199 2417 400 5 400 0.015 0.68
1358 2515 400 5 400 0.015 0.68
1338 2555 400 5 400 0.015 0.68
817 1786 400 5 400 0.015 0.7
1053 2202 400 5 400 0.015 0.7
880 1842 400 5 400 0.015 0.7
1008 1957 400 5 400 0.015 0.7
8540 10791 400 5 400 0.02 0.5
7846 9484 400 5 400 0.02 0.5
9675 11339 400 5 400 0.02 0.5
8467 9903 400 5 400 0.02 0.5
6684 8588 400 5 400 0.02 0.52
5980 8290 400 5 400 0.02 0.52
9044 12265 400 5 400 0.02 0.52
7650 10058 400 5 400 0.02 0.52
6100 8450 400 5 400 0.02 0.54
4177 5866 400 5 400 0.02 0.54
5306 7596 400 5 400 0.02 0.54
10108 12895 400 5 400 0.02 0.54
9990 12504 400 5 400 0.02 0.56
6446 7853 400 5 400 0.02 0.56
13327 14179 400 5 400 0.02 0.56
4811 6689 400 5 400 0.02 0.56
7222 9314 400 5 400 0.02 0.58
8126 10124 400 5 400 0.02 0.58
11245 13506 400 5 400 0.02 0.58
8411 10882 400 5 400 0.02 0.58
3422 6045 400 5 400 0.02 0.6
1503 2957 400 5 400 0.02 0.6
3885 6390 400 5 400 0.02 0.6
2167 4262 400 5 400 0.02 0.6
3278 5571 400 5 400 0.02 0.62
1790 3620 400 5 400 0.02 0.62
2831 4869 400 5 400 0.02 0.62
2886 5210 400 5 400 0.02 0.62
2051 3432 400 5 400 0.02 0.64
4401 6721 400 5 400 0.02 0.64
5106 7505 400 5 400 0.02 0.64
3050 5298 400 5 400 0.02 0.64
1759 3468 400 5 400 0.02 0.66
2441 4323 400 5 400 0.02 0.66
3539 5616 400 5 400 0.02 0.66
3724 6636 400 5 400 0.02 0.66
2418 4503 400 5 400 0.02 0.68
2064 3946 400 5 400 0.02 0.68
1501 3014 400 5 400 0.02 0.68
3552 5990 400 5 400 0.02 0.68
2139 3987 400 5 400 0.02 0.7
1888 3692 400 5 400 0.02 0.7
2875 4831 400 5 400 0.02 0.7
2043 4197 400 5 400 0.02 0.7
4259 3128 400 5 500 0.01 0.5
2949 2777 400 5 500 0.01 0.5
5715 4152 400 5 500 0.01 0.5
3564 3143 400 5 500 0.01 0.5
2568 2439 400 5 500 0.01 0.52
4109 3362 400 5 500 0.01 0.52
4802 3534 400 5 500 0.01 0.52
4385 3431 400 5 500 0.01 0.52
2748 2581 400 5 500 0.01 0.54
6150 4443 400 5 500 0.01 0.54
3476 2970 400 5 500 0.01 0.54
5478 3989 400 5 500 0.01 0.54
3149 2721 400 5 500 0.01 0.56
2908 2644 400 5 500 0.01 0.56
4002 3318 400 5 500 0.01 0.56
3592 3155 400 5 500 0.01 0.56
4003 3089 400 5 500 0.01 0.58
4005 2993 400 5 500 0.01 0.58
4160 3319 400 5 500 0.01 0.58
4241 3415 400 5 500 0.01 0.58
627 1228 400 5 500 0.01 0.6
707 1402 400 5 500 0.01 0.6
766 1515 400 5 500 0.01 0.6
584 1152 400 5 500 0.01 0.6
705 1377 400 5 500 0.01 0.62
529 1123 400 5 500 0.01 0.62
518 1098 400 5 500 0.01 0.62
1027 1893 400 5 500 0.01 0.62
552 1137 400 5 500 0.01 0.64
757 1441 400 5 500 0.01 0.64
570 1148 400 5 500 0.01 0.64
748 1450 400 5 500 0.01 0.64
702 1409 400 5 500 0.01 0.66
583 1189 400 5 500 0.01 0.66
561 1136 400 5 500 0.01 0.66
748 1482 400 5 500 0.01 0.66
675 1339 400 5 500 0.01 0.68
623 1230 400 5 500 0.01 0.68
696 1389 400 5 500 0.01 0.68
959 1706 400 5 500 0.01 0.68
667 1295 400 5 500 0.01 0.7
1013 1866 400 5 500 0.01 0.7
970 1812 400 5 500 0.01 0.7
964 1772 400 5 500 0.01 0.7
4406 4565 400 5 500 0.015 0.5
5763 5150 400 5 500 0.015 0.5
6029 5649 400 5 500 0.015 0.5
7281 6407 400 5 500 0.015 0.5
3282 3624 400 5 500 0.015 0.52
4803 4857 400 5 500 0.015 0.52
6024 5936 400 5 500 0.015 0.52
4914 4760 400 5 500 0.015 0.52
5610 5466 400 5 500 0.015 0.54
6563 6069 400 5 500 0.015 0.54
5922 5371 400 5 500 0.015 0.54
6589 5767 400 5 500 0.015 0.54
4191 4385 400 5 500 0.015 0.56
3962 4163 400 5 500 0.015 0.56
5635 5333 400 5 500 0.015 0.56
4488 4719 400 5 500 0.015 0.56
6118 5378 400 5 500 0.015 0.58
5434 5103 400 5 500 0.015 0.58
6666 5890 400 5 500 0.015 0.58
5353 5135 400 5 500 0.015 0.58
1463 2631 400 5 500 0.015 0.6
844 1695 400 5 500 0.015 0.6
1215 2225 400 5 500 0.015 0.6
1845 3011 400 5 500 0.015 0.6
1365 2424 400 5 500 0.015 0.62
1117 2064 400 5 500 0.015 0.62
1556 2477 400 5 500 0.015 0.62
1688 2802 400 5 500 0.015 0.62
1038 1868 400 5 500 0.015 0.64
1058 1885 400 5 500 0.015 0.64
934 1801 400 5 500 0.015 0.64
1196 2136 400 5 500 0.015 0.64
683 1400 400 5 500 0.015 0.66
984 1899 400 5 500 0.015 0.66
1303 2322 400 5 500 0.015 0.66
1759 2897 400 5 500 0.015 0.66
1186 2194 400 5 500 0.015 0.68
1124 2026 400 5 500 0.015 0.68
1125 2057 400 5 500 0.015 0.68
1190 2175 400 5 500 0.015 0.68
1225 2168 400 5 500 0.015 0.7
907 1716 400 5 500 0.015 0.7
631 1288 400 5 500 0.015 0.7
1716 2694 400 5 500 0.015 0.7
10168 10251 400 5 500 0.02 0.5
7772 8314 400 5 500 0.02 0.5
16630 15465 400 5 500 0.02 0.5
9333 9224 400 5 500 0.02 0.5
11868 13062 400 5 500 0.02 0.52
6539 7351 400 5 500 0.02 0.52
10486 10292 400 5 500 0.02 0.52
8902 9466 400 5 500 0.02 0.52
10106 11055 400 5 500 0.02 0.54
9461 10753 400 5 500 0.02 0.54
12320 11520 400 5 500 0.02 0.54
10164 11165 400 5 500 0.02 0.54
10975 10532 400 5 500 0.02 0.56
6588 7004 400 5 500 0.02 0.56
9227 10458 400 5 500 0.02 0.56
12024 11831 400 5 500 0.02 0.56
8648 10038 400 5 500 0.02 0.58
9785 9996 400 5 500 0.02 0.58
10335 10526 400 5 500 0.02 0.58
13199 12521 400 5 500 0.02 0.58
4090 5769 400 5 500 0.02 0.6
1654 2805 400 5 500 0.02 0.6
2491 4172 400 5 500 0.02 0.6
3549 4957 400 5 500 0.02 0.6
2102 3510 400 5 500 0.02 0.62
2608 4044 400 5 500 0.02 0.62
1995 3499 400 5 500 0.02 0.62
3661 5227 400 5 500 0.02 0.62
2824 4026 400 5 500 0.02 0.64
3480 4711 400 5 500 0.02 0.64
3664 4989 400 5 500 0.02 0.64
3065 4396 400 5 500 0.02 0.64
3321 5010 400 5 500 0.02 0.66
3757 5318 400 5 500 0.02 0.66
3250 5041 400 5 500 0.02 0.66
3984 5886 400 5 500 0.02 0.66
1529 2891 400 5 500 0.02 0.68
2264 3740 400 5 500 0.02 0.68
2471 4116 400 5 500 0.02 0.68
1895 3402 400 5 500 0.02 0.68
4015 5637 400 5 500 0.02 0.7
2308 4043 400 5 500 0.02 0.7
4031 5764 400 5 500 0.02 0.7
2703 4208 400 5 500 0.02 0.7
1586 1681 400 10 300 0.01 0.5
1331 1529 400 10 300 0.01 0.5
2088 2104 400 10 300 0.01 0.5
2548 2501 400 10 300 0.01 0.5
716 1009 400 10 300 0.01 0.52
977 1293 400 10 300 0.01 0.52
967 1271 400 10 300 0.01 0.52
1014 1373 400 10 300 0.01 0.52
1241 1349 400 10 300 0.01 0.54
992 1395 400 10 300 0.01 0.54
1194 1331 400 10 300 0.01 0.54
1271 1420 400 10 300 0.01 0.54
899 1249 400 10 300 0.01 0.56
884 1155 400 10 300 0.01 0.56
1096 1336 400 10 300 0.01 0.56
957 1260 400 10 300 0.01 0.56
959 1157 400 10 300 0.01 0.58
781 1091 400 10 300 0.01 0.58
894 1206 400 10 300 0.01 0.58
970 1190 400 10 300 0.01 0.58
513 806 400 10 300 0.01 0.6
401 738 400 10 300 0.01 0.6
469 760 400 10 300 0.01 0.6
465 801 400 10 300 0.01 0.6
418 758 400 10 300 0.01 0.62
519 909 400 10 300 0.01 0.62
712 1114 400 10 300 0.01 0.62
499 870 400 10 300 0.01 0.62
406 756 400 10 300 0.01 0.64
296 582 400 10 300 0.01 0.64
372 717 400 10 300 0.01 0.64
552 914 400 10 300 0.01 0.64
574 789 400 10 300 0.01 0.66
1045 1164 400 10 300 0.01 0.66
741 931 400 10 300 0.01 0.66
1230 1318 400 10 300 0.01 0.66
441 748 400 10 300 0.01 0.68
372 689 400 10 300 0.01 0.68
666 1062 400 10 300 0.01 0.68
406 754 400 10 300 0.01 0.68
272 564 400 10 300 0.01 0.7
299 612 400 10 300 0.01 0.7
366 718 400 10 300 0.01 0.7
254 541 400 10 300 0.01 0.7
2050 2378 400 10 300 0.015 0.5
2831 2803 400 10 300 0.015 0.5
2260 2527 400 10 300 0.015 0.5
2990 3072 400 10 300 0.015 0.5
1029 1511 400 10 300 0.015 0.52
913 1257 400 10 300 0.015 0.52
1174 1518 400 10 300 0.015 0.52
1190 1455 400 10 300 0.015 0.52
832 1192 400 10 300 0.015 0.54
565 981 400 10 300 0.015 0.54
1268 1548 400 10 300 0.015 0.54
1157 1593 400 10 300 0.015 0.54
1117 1492 400 10 300 0.015 0.56
949 1340 400 10 300 0.015 0.56
1670 1873 400 10 300 0.015 0.56
893 1275 400 10 300 0.015 0.56
730 1145 400 10 300 0.015 0.58
798 1273 400 10 300 0.015 0.58
1307 1651 400 10 300 0.015 0.58
796 1245 400 10 300 0.015 0.58
647 1030 400 10 300 0.015 0.6
475 868 400 10 300 0.015 0.6
996 1480 400 10 300 0.015 0.6
349 715 400 10 300 0.015 0.6
455 811 400 10 300 0.015 0.62
347 658 400 10 300 0.015 0.62
528 986 400 10 300 0.015 0.62
556 1057 400 10 300 0.015 0.62
434 857 400 10 300 0.015 0.64
790 1214 400 10 300 0.015 0.64
633 1069 400 10 300 0.015 0.64
669 1177 400 10 300 0.015 0.64
427 795 400 10 300 0.015 0.66
422 795 400 10 300 0.015 0.66
556 997 400 10 300 0.015 0.66
495 902 400 10 300 0.015 0.66
593 1065 400 10 300 0.015 0.68
296 607 400 10 300 0.015 0.68
388 712 400 10 300 0.015 0.68
712 1211 400 10 300 0.015 0.68
355 696 400 10 300 0.015 0.7
421 808 400 10 300 0.015 0.7
320 658 400 10 300 0.015 0.7
519 992 400 10 300 0.015 0.7
3524 4509 400 10 300 0.02 0.5
2634 3247 400 10 300 0.02 0.5
3564 4290 400 10 300 0.02 0.5
5122 5729 400 10 300 0.02 0.5
1214 1992 400 10 300 0.02 0.52
876 1448 400 10 300 0.02 0.52
2176 2913 400 10 300 0.02 0.52
1461 2226 400 10 300 0.02 0.52
970 1596 400 10 300 0.02 0.54
1337 1901 400 10 300 0.02 0.54
1524 2249 400 10 300 0.02 0.54
2417 3280 400 10 300 0.02 0.54
1437 2268 400 10 300 0.02 0.56
1713 2483 400 10 300 0.02 0.56
1752 2365 400 10 300 0.02 0.56
1556 2431 400 10 300 0.02 0.56
883 1444 400 10 300 0.02 0.58
1153 1775 400 10 300 0.02 0.58
1048 1669 400 10 300 0.02 0.58
2699 3363 400 10 300 0.02 0.58
585 1101 400 10 300 0.02 0.6
894 1672 400 10 300 0.02 0.6
2205 2965 400 10 300 0.02 0.6
700 1334 400 10 300 0.02 0.6
580 1138 400 10 300 0.02 0.62
661 1181 400 10 300 0.02 0.62
886 1674 400 10 300 0.02 0.62
797 1521 400 10 300 0.02 0.62
1388 1748 400 10 300 0.02 0.64
924 1246 400 10 300 0.02 0.64
2033 2648 400 10 300 0.02 0.64
686 1230 400 10 300 0.02 0.64
666 1258 400 10 300 0.02 0.66
635 1200 400 10 300 0.02 0.66
1088 1767 400 10 300 0.02 0.66
823 1607 400 10 300 0.02 0.66
791 1429 400 10 300 0.02 0.68
567 1130 400 10 300 0.02 0.68
729 1401 400 10 300 0.02 0.68
1118 1949 400 10 300 0.02 0.68
864 1602 400 10 300 0.02 0.7
389 810 400 10 300 0.02 0.7
453 921 400 10 300 0.02 0.7
915 1725 400 10 300 0.02 0.7
2887 2045 400 10 400 0.01 0.5
2879 2049 400 10 400 0.01 0.5
3695 2426 400 10 400 0.01 0.5
2532 1845 400 10 400 0.01 0.5
1222 1245 400 10 400 0.01 0.52
1145 1220 400 10 400 0.01 0.52
1293 1232 400 10 400 0.01 0.52
1221 1263 400 10 400 0.01 0.52
1093 1177 400 10 400 0.01 0.54
1367 1229 400 10 400 0.01 0.54
1734 1366 400 10 400 0.01 0.54
1612 1324 400 10 400 0.01 0.54
1114 1204 400 10 400 0.01 0.56
927 1002 400 10 400 0.01 0.56
1422 1428 400 10 400 0.01 0.56
2574 1915 400 10 400 0.01 0.56
1422 1412 400 10 400 0.01 0.58
1167 1187 400 10 400 0.01 0.58
1683 1494 400 10 400 0.01 0.58
1224 1379 400 10 400 0.01 0.58
408 675 400 10 400 0.01 0.6
541 834 400 10 400 0.01 0.6
456 749 400 10 400 0.01 0.6
1211 1245 400 10 400 0.01 0.6
567 719 400 10 400 0.01 0.62
510 754 400 10 400 0.01 0.62
770 870 400 10 400 0.01 0.62
1531 1400 400 10 400 0.01 0.62
398 650 400 10 400 0.01 0.64
650 884 400 10 400 0.01 0.64
653 891 400 10 400 0.01 0.64
1270 1189 400 10 400 0.01 0.64
733 993 400 10 400 0.01 0.66
590 898 400 10 400 0.01 0.66
637 936 400 10 400 0.01 0.66
1177 1160 400 10 400 0.01 0.66
536 779 400 10 400 0.01 0.68
445 771 400 10 400 0.01 0.68
620 850 400 10 400 0.01 0.68
724 926 400 10 400 0.01 0.68
274 541 400 10 400 0.01 0.7
276 525 400 10 400 0.01 0.7
312 590 400 10 400 0.01 0.7
303 592 400 10 400 0.01 0.7
2791 2285 400 10 400 0.015 0.5
3638 2633 400 10 400 0.015 0.5
3716 2789 400 10 400 0.015 0.5
5513 3595 400 10 400 0.015 0.5
1636 1460 400 10 400 0.015 0.52
909 1046 400 10 400 0.015 0.52
1428 1472 400 10 400 0.015 0.52
1911 1818 400 10 400 0.015 0.52
897 1236 400 10 400 0.015 0.54
1007 1187 400 10 400 0.015 0.54
1133 1274 400 10 400 0.015 0.54
1473 1504 400 10 400 0.015 0.54
926 1220 400 10 400 0.015 0.56
808 1150 400 10 400 0.015 0.56
936 1162 400 10 400 0.015 0.56
1544 1658 400 10 400 0.015 0.56
885 1140 400 10 400 0.015 0.58
1118 1383 400 10 400 0.015 0.58
1030 1253 400 10 400 0.015 0.58
1423 1599 400 10 400 0.015 0.58
532 875 400 10 400 0.015 0.6
502 902 400 10 400 0.015 0.6
822 1218 400 10 400 0.015 0.6
500 894 400 10 400 0.015 0.6
393 708 400 10 400 0.015 0.62
433 777 400 10 400 0.015 0.62
861 1193 400 10 400 0.015 0.62
425 799 400 10 400 0.015 0.62
525 894 400 10 400 0.015 0.64
469 778 400 10 400 0.015 0.64
567 793 400 10 400 0.015 0.64
635 953 400 10 400 0.015 0.64
741 1138 400 10 400 0.015 0.66
527 876 400 10 400 0.015 0.66
478 756 400 10 400 0.015 0.66
904 1258 400 10 400 0.015 0.66
740 1115 400 10 400 0.015 0.68
375 715 400 10 400 0.015 0.68
795 1073 400 10 400 0.015 0.68
475 792 400 10 400 0.015 0.68
420 783 400 10 400 0.015 0.7
340 657 400 10 400 0.015 0.7
459 864 400 10 400 0.015 0.7
307 592 400 10 400 0.015 0.7
2556 3006 400 10 400 0.02 0.5
3527 3559 400 10 400 0.02 0.5
3149 3398 400 10 400 0.02 0.5
86225 200000 400 10 400 0.02 0.5
1664 2019 400 10 400 0.02 0.52
2941 2972 400 10 400 0.02 0.52
2797 3109 400 10 400 0.02 0.52
1827 2135 400 10 400 0.02 0.52
1406 1960 400 10 400 0.02 0.54
1734 2241 400 10 400 0.02 0.54
1611 2073 400 10 400 0.02 0.54
1587 2102 400 10 400 0.02 0.54
1557 2012 400 10 400 0.02 0.56
1105 1625 400 10 400 0.02 0.56
1409 1830 400 10 400 0.02 0.56
2551 2693 400 10 400 0.02 0.56
1929 2427 400 10 400 0.02 0.58
1282 1825 400 10 400 0.02 0.58
1844 2352 400 10 400 0.02 0.58
1738 2384 400 10 400 0.02 0.58
620 1045 400 10 400 0.02 0.6
642 1116 400 10 400 0.02 0.6
853 1439 400 10 400 0.02 0.6
683 1228 400 10 400 0.02 0.6
1311 1745 400 10 400 0.02 0.62
948 1512 400 10 400 0.02 0.62
1244 1888 400 10 400 0.02 0.62
1217 1868 400 10 400 0.02 0.62
1311 1914 400 10 400 0.02 0.64
1151 1860 400 10 400 0.02 0.64
1147 1771 400 10 400 0.02 0.64
1698 2222 400 10 400 0.02 0.64
977 1477 400 10 400 0.02 0.66
757 1275 400 10 400 0.02 0.66
956 1562 400 10 400 0.02 0.66
1411 1972 400 10 400 0.02 0.66
637 1126 400 10 400 0.02 0.68
988 1615 400 10 400 0.02 0.68
773 1305 400 10 400 0.02 0.68
1305 1753 400 10 400 0.02 0.68
444 829 400 10 400 0.02 0.7
965 1549 400 10 400 0.02 0.7
468 888 400 10 400 0.02 0.7
1949 2620 400 10 400 0.02 0.7
2497 1785 400 10 500 0.01 0.5
5217 2538 400 10 500 0.01 0.5
4528 2335 400 10 500 0.01 0.5
88456 200000 400 10 500 0.01 0.5
1579 1309 400 10 500 0.01 0.52
1421 1351 400 10 500 0.01 0.52
1794 1257 400 10 500 0.01 0.52
1704 1328 400 10 500 0.01 0.52
1233 1198 400 10 500 0.01 0.54
1166 1098 400 10 500 0.01 0.54
1883 1457 400 10 500 0.01 0.54
1301 1031 400 10 500 0.01 0.54
1641 1271 400 10 500 0.01 0.56
1554 1207 400 10 500 0.01 0.56
1315 1119 400 10 500 0.01 0.56
2020 1556 400 10 500 0.01 0.56
990 1035 400 10 500 0.01 0.58
1512 1272 400 10 500 0.01 0.58
1589 1232 400 10 500 0.01 0.58
1206 1203 400 10 500 0.01 0.58
329 569 400 10 500 0.01 0.6
405 684 400 10 500 0.01 0.6
545 795 400 10 500 0.01 0.6
1117 1098 400 10 500 0.01 0.6
525 774 400 10 500 0.01 0.62
501 820 400 10 500 0.01 0.62
970 1050 400 10 500 0.01 0.62
427 709 400 10 500 0.01 0.62
465 702 400 10 500 0.01 0.64
427 685 400 10 500 0.01 0.64
793 867 400 10 500 0.01 0.64
516 819 400 10 500 0.01 0.64
587 818 400 10 500 0.01 0.66
581 812 400 10 500 0.01 0.66
847 1064 400 10 500 0.01 0.66
935 962 400 10 500 0.01 0.66
582 827 400 10 500 0.01 0.68
477 688 400 10 500 0.01 0.68
765 965 400 10 500 0.01 0.68
1090 1027 400 10 500 0.01 0.68
355 574 400 10 500 0.01 0.7
412 670 400 10 500 0.01 0.7
369 654 400 10 500 0.01 0.7
832 1089 400 10 500 0.01 0.7
5422 2945 400 10 500 0.015 0.5
5966 2999 400 10 500 0.015 0.5
4194 2495 400 10 500 0.015 0.5
89123 200000 400 10 500 0.015 0.5
1196 1322 400 10 500 0.015 0.52
990 1102 400 10 500 0.015 0.52
2206 1792 400 10 500 0.015 0.52
803 1079 400 10 500 0.015 0.52
1657 1362 400 10 500 0.015 0.54
1585 1346 400 10 500 0.015 0.54
1704 1336 400 10 500 0.015 0.54
2119 1518 400 10 500 0.015 0.54
1379 1426 400 10 500 0.015 0.56
1120 1185 400 10 500 0.015 0.56
1604 1382 400 10 500 0.015 0.56
1360 1481 400 10 500 0.015 0.56
1496 1689 400 10 500 0.015 0.58
2296 1839 400 10 500 0.015 0.58
4037 2507 400 10 500 0.015 0.58
1428 1395 400 10 500 0.015 0.58
819 1085 400 10 500 0.015 0.6
519 803 400 10 500 0.015 0.6
2663 1958 400 10 500 0.015 0.6
652 1022 400 10 500 0.015 0.6
409 719 400 10 500 0.015 0.62
380 684 400 10 500 0.015 0.62
826 1112 400 10 500 0.015 0.62
574 840 400 10 500 0.015 0.62
454 728 400 10 500 0.015 0.64
509 850 400 10 500 0.015 0.64
758 1022 400 10 500 0.015 0.64
633 1029 400 10 500 0.015 0.64
388 634 400 10 500 0.015 0.66
699 1011 400 10 500 0.015 0.66
659 985 400 10 500 0.015 0.66
984 1201 400 10 500 0.015 0.66
708 982 400 10 500 0.015 0.68
452 771 400 10 500 0.015 0.68
573 880 400 10 500 0.015 0.68
741 1068 400 10 500 0.015 0.68
359 632 400 10 500 0.015 0.7
345 628 400 10 500 0.015 0.7
610 990 400 10 500 0.015 0.7
398 747 400 10 500 0.015 0.7
4824 3741 400 10 500 0.02 0.5
6764 4430 400 10 500 0.02 0.5
6064 4420 400 10 500 0.02 0.5
7802 5382 400 10 500 0.02 0.5
1599 1800 400 10 500 0.02 0.52
1774 1881 400 10 500 0.02 0.52
1353 1675 400 10 500 0.02 0.52
2885 2856 400 10 500 0.02 0.52
1904 1910 400 10 500 0.02 0.54
1686 2040 400 10 500 0.02 0.54
1512 1720 400 10 500 0.02 0.54
2598 2656 400 10 500 0.02 0.54
977 1282 400 10 500 0.02 0.56
1631 1875 400 10 500 0.02 0.56
2638 2716 400 10 500 0.02 0.56
2174 2423 400 10 500 0.02 0.56
774 1121 400 10 500 0.02 0.58
1314 1610 400 10 500 0.02 0.58
2644 2607 400 10 500 0.02 0.58
1758 1934 400 10 500 0.02 0.58
808 1310 400 10 500 0.02 0.6
764 1211 400 10 500 0.02 0.6
1071 1599 400 10 500 0.02 0.6
847 1343 400 10 500 0.02 0.6
1011 1496 400 10 500 0.02 0.62
720 1212 400 10 500 0.02 0.62
469 812 400 10 500 0.02 0.62
1919 2272 400 10 500 0.02 0.62
1106 1513 400 10 500 0.02 0.64
545 954 400 10 500 0.02 0.64
426 741 400 10 500 0.02 0.64
1447 2003 400 10 500 0.02 0.64
824 1308 400 10 500 0.02 0.66
1196 1715 400 10 500 0.02 0.66
1624 2062 400 10 500 0.02 0.66
1133 1515 400 10 500 0.02 0.66
666 1068 400 10 500 0.02 0.68
783 1211 400 10 500 0.02 0.68
713 1163 400 10 500 0.02 0.68
1225 1651 400 10 500 0.02 0.68
429 775 400 10 500 0.02 0.7
660 1083 400 10 500 0.02 0.7
514 903 400 10 500 0.02 0.7
1057 1571 400 10 500 0.02 0.7
2242 1837 400 15 300 0.01 0.5
2022 1698 400 15 300 0.01 0.5
2463 2033 400 15 300 0.01 0.5
2492 2028 400 15 300 0.01 0.5
1745 1515 400 15 300 0.01 0.52
3112 2295 400 15 300 0.01 0.52
2952 2179 400 15 300 0.01 0.52
2073 1748 400 15 300 0.01 0.52
851 953 400 15 300 0.01 0.54
914 1034 400 15 300 0.01 0.54
1546 1396 400 15 300 0.01 0.54
1464 1457 400 15 300 0.01 0.54
909 1049 400 15 300 0.01 0.56
1295 1198 400 15 300 0.01 0.56
996 1012 400 15 300 0.01 0.56
1325 1372 400 15 300 0.01 0.56
1231 1313 400 15 300 0.01 0.58
1507 1425 400 15 300 0.01 0.58
1012 1111 400 15 300 0.01 0.58
1919 1611 400 15 300 0.01 0.58
749 903 400 15 300 0.01 0.6
896 950 400 15 300 0.01 0.6
1000 1048 400 15 300 0.01 0.6
682 811 400 15 300 0.01 0.6
614 785 400 15 300 0.01 0.62
1173 1204 400 15 300 0.01 0.62
1091 1181 400 15 300 0.01 0.62
700 832 400 15 300 0.01 0.62
586 792 400 15 300 0.01 0.64
451 662 400 15 300 0.01 0.64
416 588 400 15 300 0.01 0.64
750 901 400 15 300 0.01 0.64
1059 823 400 15 300 0.01 0.66
1084 914 400 15 300 0.01 0.66
1699 1133 400 15 300 0.01 0.66
660 681 400 15 300 0.01 0.66
425 561 400 15 300 0.01 0.68
269 437 400 15 300 0.01 0.68
515 651 400 15 300 0.01 0.68
519 656 400 15 300 0.01 0.68
433 644 400 15 300 0.01 0.7
323 525 400 15 300 0.01 0.7
391 592 400 15 300 0.01 0.7
397 589 400 15 300 0.01 0.7
1954 1638 400 15 300 0.015 0.5
1077 1123 400 15 300 0.015 0.5
2181 1791 400 15 300 0.015 0.5
2151 1807 400 15 300 0.015 0.5
1922 1693 400 15 300 0.015 0.52
2070 1813 400 15 300 0.015 0.52
2143 1780 400 15 300 0.015 0.52
2167 1772 400 15 300 0.015 0.52
776 880 400 15 300 0.015 0.54
746 915 400 15 300 0.015 0.54
622 809 400 15 300 0.015 0.54
1128 1166 400 15 300 0.015 0.54
653 656 400 15 300 0.015 0.56
1159 1024 400 15 300 0.015 0.56
1884 1383 400 15 300 0.015 0.56
588 806 400 15 300 0.015 0.56
793 984 400 15 300 0.015 0.58
701 812 400 15 300 0.015 0.58
815 989 400 15 300 0.015 0.58
801 952 400 15 300 0.015 0.58
343 502 400 15 300 0.015 0.6
578 808 400 15 300 0.015 0.6
541 697 400 15 300 0.015 0.6
822 895 400 15 300 0.015 0.6
378 589 400 15 300 0.015 0.62
374 573 400 15 300 0.015 0.62
1049 1085 400 15 300 0.015 0.62
507 749 400 15 300 0.015 0.62
816 940 400 15 300 0.015 0.64
530 780 400 15 300 0.015 0.64
1227 1283 400 15 300 0.015 0.64
851 1029 400 15 300 0.015 0.64
368 564 400 15 300 0.015 0.66
508 720 400 15 300 0.015 0.66
781 948 400 15 300 0.015 0.66
400 654 400 15 300 0.015 0.66
564 479 400 15 300 0.015 0.68
496 475 400 15 300 0.015 0.68
1128 829 400 15 300 0.015 0.68
343 596 400 15 300 0.015 0.68
400 541 400 15 300 0.015 0.7
233 391 400 15 300 0.015 0.7
377 595 400 15 300 0.015 0.7
893 1100 400 15 300 0.015 0.7
3113 2693 400 15 300 0.02 0.5
1463 1569 400 15 300 0.02 0.5
2168 2171 400 15 300 0.02 0.5
2529 2343 400 15 300 0.02 0.5
1915 1976 400 15 300 0.02 0.52
1775 1769 400 15 300 0.02 0.52
2051 2006 400 15 300 0.02 0.52
2515 2463 400 15 300 0.02 0.52
774 1037 400 15 300 0.02 0.54
1087 1364 400 15 300 0.02 0.54
861 1134 400 15 300 0.02 0.54
1456 1675 400 15 300 0.02 0.54
976 1318 400 15 300 0.02 0.56
617 888 400 15 300 0.02 0.56
1809 1931 400 15 300 0.02 0.56
655 905 400 15 300 0.02 0.56
582 851 400 15 300 0.02 0.58
1095 1302 400 15 300 0.02 0.58
969 1159 400 15 300 0.02 0.58
909 1250 400 15 300 0.02 0.58
353 549 400 15 300 0.02 0.6
511 779 400 15 300 0.02 0.6
886 1149 400 15 300 0.02 0.6
460 760 400 15 300 0.02 0.6
768 1020 400 15 300 0.02 0.62
583 896 400 15 300 0.02 0.62
313 508 400 15 300 0.02 0.62
1516 1644 400 15 300 0.02 0.62
450 686 400 15 300 0.02 0.64
610 937 400 15 300 0.02 0.64
1041 1264 400 15 300 0.02 0.64
422 713 400 15 300 0.02 0.64
487 755 400 15 300 0.02 0.66
642 948 400 15 300 0.02 0.66
599 859 400 15 300 0.02 0.66
539 851 400 15 300 0.02 0.66
420 698 400 15 300 0.02 0.68
302 508 400 15 300 0.02 0.68
519 811 400 15 300 0.02 0.68
474 790 400 15 300 0.02 0.68
500 771 400 15 300 0.02 0.7
272 457 400 15 300 0.02 0.7
470 770 400 15 300 0.02 0.7
508 819 400 15 300 0.02 0.7
4523 2292 400 15 400 0.01 0.5
3867 2269 400 15 400 0.01 0.5
3350 2002 400 15 400 0.01 0.5
6044 2949 400 15 400 0.01 0.5
2457 1620 400 15 400 0.01 0.52
2505 1647 400 15 400 0.01 0.52
3025 1951 400 15 400 0.01 0.52
3113 1874 400 15 400 0.01 0.52
1303 1195 400 15 400 0.01 0.54
2200 1516 400 15 400 0.01 0.54
1258 1157 400 15 400 0.01 0.54
2920 1908 400 15 400 0.01 0.54
1534 1326 400 15 400 0.01 0.56
968 1045 400 15 400 0.01 0.56
2089 1504 400 15 400 0.01 0.56
1161 1129 400 15 400 0.01 0.56
1085 1085 400 15 400 0.01 0.58
1271 1131 400 15 400 0.01 0.58
1970 1481 400 15 400 0.01 0.58
958 970 400 15 400 0.01 0.58
854 919 400 15 400 0.01 0.6
684 733 400 15 400 0.01 0.6
1529 1197 400 15 400 0.01 0.6
925 958 400 15 400 0.01 0.6
860 895 400 15 400 0.01 0.62
647 838 400 15 400 0.01 0.62
1156 1005 400 15 400 0.01 0.62
773 823 400 15 400 0.01 0.62
825 958 400 15 400 0.01 0.64
782 911 400 15 400 0.01 0.64
842 875 400 15 400 0.01 0.64
1109 1060 400 15 400 0.01 0.64
558 648 400 15 400 0.01 0.66
932 969 400 15 400 0.01 0.66
1054 926 400 15 400 0.01 0.66
699 777 400 15 400 0.01 0.66
281 423 400 15 400 0.01 0.68
455 591 400 15 400 0.01 0.68
509 588 400 15 400 0.01 0.68
589 702 400 15 400 0.01 0.68
345 428 400 15 400 0.01 0.7
598 621 400 15 400 0.01 0.7
516 610 400 15 400 0.01 0.7
601 679 400 15 400 0.01 0.7
1687 1366 400 15 400 0.015 0.5
2541 1667 400 15 400 0.015 0.5
3532 2193 400 15 400 0.015 0.5
3310 2003 400 15 400 0.015 0.5
1638 1222 400 15 400 0.015 0.52
2383 1688 400 15 400 0.015 0.52
3726 2114 400 15 400 0.015 0.52
2089 1457 400 15 400 0.015 0.52
829 951 400 15 400 0.015 0.54
871 1005 400 15 400 0.015 0.54
1263 1112 400 15 400 0.015 0.54
1031 1042 400 15 400 0.015 0.54
706 851 400 15 400 0.015 0.56
970 954 400 15 400 0.015 0.56
1344 1133 400 15 400 0.015 0.56
1369 1258 400 15 400 0.015 0.56
827 915 400 15 400 0.015 0.58
1104 1034 400 15 400 0.015 0.58
1730 1271 400 15 400 0.015 0.58
831 930 400 15 400 0.015 0.58
419 578 400 15 400 0.015 0.6
435 621 400 15 400 0.015 0.6
399 590 400 15 400 0.015 0.6
489 664 400 15 400 0.015 0.6
418 613 400 15 400 0.015 0.62
667 806 400 15 400 0.015 0.62
1630 1179 400 15 400 0.015 0.62
593 714 400 15 400 0.015 0.62
414 584 400 15 400 0.015 0.64
437 595 400 15 400 0.015 0.64
566 733 400 15 400 0.015 0.64
727 777 400 15 400 0.015 0.64
511 518 400 15 400 0.015 0.66
725 669 400 15 400 0.015 0.66
607 569 400 15 400 0.015 0.66
1263 982 400 15 400 0.015 0.66
418 603 400 15 400 0.015 0.68
529 714 400 15 400 0.015 0.68
687 835 400 15 400 0.015 0.68
481 670 400 15 400 0.015 0.68
396 577 400 15 400 0.015 0.7
552 689 400 15 400 0.015 0.7
737 864 400 15 400 0.015 0.7
409 636 400 15 400 0.015 0.7
2032 1629 400 15 400 0.02 0.5
2581 2012 400 15 400 0.02 0.5
2522 2146 400 15 400 0.02 0.5
2771 2105 400 15 400 0.02 0.5
3381 2354 400 15 400 0.02 0.52
2147 1981 400 15 400 0.02 0.52
2575 2002 400 15 400 0.02 0.52
5275 3516 400 15 400 0.02 0.52
1030 1143 400 15 400 0.02 0.54
1458 1471 400 15 400 0.02 0.54
1799 1598 400 15 400 0.02 0.54
945 1171 400 15 400 0.02 0.54
1668 1602 400 15 400 0.02 0.56
783 1011 400 15 400 0.02 0.56
1660 1404 400 15 400 0.02 0.56
976 1218 400 15 400 0.02 0.56
664 880 400 15 400 0.02 0.58
1404 1417 400 15 400 0.02 0.58
1399 1233 400 15 400 0.02 0.58
734 959 400 15 400 0.02 0.58
478 717 400 15 400 0.02 0.6
432 659 400 15 400 0.02 0.6
860 1053 400 15 400 0.02 0.6
735 997 400 15 400 0.02 0.6
611 877 400 15 400 0.02 0.62
552 814 400 15 400 0.02 0.62
1219 1174 400 15 400 0.02 0.62
421 682 400 15 400 0.02 0.62
786 800 400 15 400 0.02 0.64
661 732 400 15 400 0.02 0.64
762 757 400 15 400 0.02 0.64
694 717 400 15 400 0.02 0.64
698 1018 400 15 400 0.02 0.66
368 567 400 15 400 0.02 0.66
618 824 400 15 400 0.02 0.66
670 934 400 15 400 0.02 0.66
565 839 400 15 400 0.02 0.68
439 680 400 15 400 0.02 0.68
457 704 400 15 400 0.02 0.68
682 974 400 15 400 0.02 0.68
352 525 400 15 400 0.02 0.7
377 572 400 15 400 0.02 0.7
445 662 400 15 400 0.02 0.7
1966 1725 400 15 400 0.02 0.7
4780 2116 400 15 500 0.01 0.5
3622 1747 400 15 500 0.01 0.5
5982 2474 400 15 500 0.01 0.5
6442 2448 400 15 500 0.01 0.5
6451 2700 400 15 500 0.01 0.52
4270 1853 400 15 500 0.01 0.52
5349 2306 400 15 500 0.01 0.52
6929 2671 400 15 500 0.01 0.52
1798 1204 400 15 500 0.01 0.54
1113 997 400 15 500 0.01 0.54
2812 1492 400 15 500 0.01 0.54
2178 1348 400 15 500 0.01 0.54
1549 1156 400 15 500 0.01 0.56
1989 1320 400 15 500 0.01 0.56
1297 1006 400 15 500 0.01 0.56
2507 1398 400 15 500 0.01 0.56
1088 929 400 15 500 0.01 0.58
1265 1013 400 15 500 0.01 0.58
2492 1554 400 15 500 0.01 0.58
2641 1508 400 15 500 0.01 0.58
817 896 400 15 500 0.01 0.6
526 630 400 15 500 0.01 0.6
901 851 400 15 500 0.01 0.6
1199 1069 400 15 500 0.01 0.6
670 715 400 15 500 0.01 0.62
610 681 400 15 500 0.01 0.62
877 805 400 15 500 0.01 0.62
457 599 400 15 500 0.01 0.62
820 884 400 15 500 0.01 0.64
823 867 400 15 500 0.01 0.64
553 667 400 15 500 0.01 0.64
1098 1027 400 15 500 0.01 0.64
857 794 400 15 500 0.01 0.66
531 682 400 15 500 0.01 0.66
693 786 400 15 500 0.01 0.66
926 949 400 15 500 0.01 0.66
581 609 400 15 500 0.01 0.68
500 646 400 15 500 0.01 0.68
845 658 400 15 500 0.01 0.68
573 626 400 15 500 0.01 0.68
493 493 400 15 500 0.01 0.7
570 619 400 15 500 0.01 0.7
1345 798 400 15 500 0.01 0.7
356 518 400 15 500 0.01 0.7
1771 1306 400 15 500 0.015 0.5
2845 1520 400 15 500 0.015 0.5
5563 2449 400 15 500 0.015 0.5
3170 1662 400 15 500 0.015 0.5
2360 1434 400 15 500 0.015 0.52
2894 1590 400 15 500 0.015 0.52
3541 1851 400 15 500 0.015 0.52
3572 1770 400 15 500 0.015 0.52
627 675 400 15 500 0.015 0.54
1710 1343 400 15 500 0.015 0.54
1409 1092 400 15 500 0.015 0.54
961 893 400 15 500 0.015 0.54
1054 898 400 15 500 0.015 0.56
1065 1083 400 15 500 0.015 0.56
1613 1120 400 15 500 0.015 0.56
932 937 400 15 500 0.015 0.56
1295 1078 400 15 500 0.015 0.58
817 698 400 15 500 0.015 0.58
969 972 400 15 500 0.015 0.58
1282 958 400 15 500 0.015 0.58
697 796 400 15 500 0.015 0.6
448 577 400 15 500 0.015 0.6
365 518 400 15 500 0.015 0.6
815 751 400 15 500 0.015 0.6
513 656 400 15 500 0.015 0.62
403 547 400 15 500 0.015 0.62
457 609 400 15 500 0.015 0.62
726 779 400 15 500 0.015 0.62
551 716 400 15 500 0.015 0.64
482 616 400 15 500 0.015 0.64
1003 851 400 15 500 0.015 0.64
370 552 400 15 500 0.015 0.64
726 780 400 15 500 0.015 0.66
789 703 400 15 500 0.015 0.66
653 708 400 15 500 0.015 0.66
1352 874 400 15 500 0.015 0.66
496 633 400 15 500 0.015 0.68
244 376 400 15 500 0.015 0.68
641 742 400 15 500 0.015 0.68
406 565 400 15 500 0.015 0.68
468 594 400 15 500 0.015 0.7
350 499 400 15 500 0.015 0.7
555 725 400 15 500 0.015 0.7
830 676 400 15 500 0.015 0.7
2380 1702 400 15 500 0.02 0.5
3968 2480 400 15 500 0.02 0.5
3181 2103 400 15 500 0.02 0.5
3869 2519 400 15 500 0.02 0.5
3623 1982 400 15 500 0.02 0.52
2407 1645 400 15 500 0.02 0.52
3781 2365 400 15 500 0.02 0.52
4787 2618 400 15 500 0.02 0.52
855 995 400 15 500 0.02 0.54
670 841 400 15 500 0.02 0.54
1051 983 400 15 500 0.02 0.54
2980 1895 400 15 500 0.02 0.54
790 908 400 15 500 0.02 0.56
1343 1241 400 15 500 0.02 0.56
1069 1036 400 15 500 0.02 0.56
2462 1714 400 15 500 0.02 0.56
1801 1415 400 15 500 0.02 0.58
575 714 400 15 500 0.02 0.58
1163 1209 400 15 500 0.02 0.58
2550 1514 400 15 500 0.02 0.58
614 696 400 15 500 0.02 0.6
1208 1327 400 15 500 0.02 0.6
920 1143 400 15 500 0.02 0.6
1362 1331 400 15 500 0.02 0.6
453 650 400 15 500 0.02 0.62
443 649 400 15 500 0.02 0.62
576 804 400 15 500 0.02 0.62
976 1136 400 15 500 0.02 0.62
612 830 400 15 500 0.02 0.64
696 831 400 15 500 0.02 0.64
1133 1213 400 15 500 0.02 0.64
616 797 400 15 500 0.02 0.64
788 964 400 15 500 0.02 0.66
869 1017 400 15 500 0.02 0.66
1660 1375 400 15 500 0.02 0.66
764 1005 400 15 500 0.02 0.66
330 503 400 15 500 0.02 0.68
640 826 400 15 500 0.02 0.68
801 876 400 15 500 0.02 0.68
1449 1383 400 15 500 0.02 0.68
428 598 400 15 500 0.02 0.7
664 912 400 15 500 0.02 0.7
319 481 400 15 500 0.02 0.7
939 1115 400 15 500 0.02 0.7
3284 2315 400 20 300 0.01 0.5
4369 2823 400 20 300 0.01 0.5
4998 3156 400 20 300 0.01 0.5
2990 2097 400 20 300 0.01 0.5
1746 1469 400 20 300 0.01 0.52
2074 1678 400 20 300 0.01 0.52
2083 1644 400 20 300 0.01 0.52
2541 1822 400 20 300 0.01 0.52
2658 1926 400 20 300 0.01 0.54
1982 1583 400 20 300 0.01 0.54
2367 1923 400 20 300 0.01 0.54
3196 2322 400 20 300 0.01 0.54
1347 1264 400 20 300 0.01 0.56
1310 1233 400 20 300 0.01 0.56
1831 1492 400 20 300 0.01 0.56
1225 1174 400 20 300 0.01 0.56
1812 1547 400 20 300 0.01 0.58
1328 1168 400 20 300 0.01 0.58
1802 1594 400 20 300 0.01 0.58
1715 1453 400 20 300 0.01 0.58
1285 898 400 20 300 0.01 0.6
1136 809 400 20 300 0.01 0.6
1221 1055 400 20 300 0.01 0.6
1303 961 400 20 300 0.01 0.6
872 935 400 20 300 0.01 0.62
1133 1003 400 20 300 0.01 0.62
1118 1012 400 20 300 0.01 0.62
1130 1001 400 20 300 0.01 0.62
754 831 400 20 300 0.01 0.64
1131 1130 400 20 300 0.01 0.64
1451 1183 400 20 300 0.01 0.64
1146 998 400 20 300 0.01 0.64
962 818 400 20 300 0.01 0.66
702 783 400 20 300 0.01 0.66
1401 1170 400 20 300 0.01 0.66
625 746 400 20 300 0.01 0.66
606 720 400 20 300 0.01 0.68
666 761 400 20 300 0.01 0.68
1117 1013 400 20 300 0.01 0.68
1126 942 400 20 300 0.01 0.68
383 500 400 20 300 0.01 0.7
436 506 400 20 300 0.01 0.7
473 594 400 20 300 0.01 0.7
534 592 400 20 300 0.01 0.7
2759 1946 400 20 300 0.015 0.5
1981 1549 400 20 300 0.015 0.5
2982 2025 400 20 300 0.015 0.5
2587 1951 400 20 300 0.015 0.5
1783 1407 400 20 300 0.015 0.52
1434 1265 400 20 300 0.015 0.52
2415 1727 400 20 300 0.015 0.52
1128 1043 400 20 300 0.015 0.52
1555 1310 400 20 300 0.015 0.54
1019 955 400 20 300 0.015 0.54
2396 1748 400 20 300 0.015 0.54
1039 1032 400 20 300 0.015 0.54
522 621 400 20 300 0.015 0.56
1099 1048 400 20 300 0.015 0.56
737 813 400 20 300 0.015 0.56
1610 1294 400 20 300 0.015 0.56
812 845 400 20 300 0.015 0.58
547 647 400 20 300 0.015 0.58
981 993 400 20 300 0.015 0.58
706 833 400 20 300 0.015 0.58
610 693 400 20 300 0.015 0.6
321 398 400 20 300 0.015 0.6
725 777 400 20 300 0.015 0.6
1386 1149 400 20 300 0.015 0.6
631 704 400 20 300 0.015 0.62
500 599 400 20 300 0.015 0.62
675 659 400 20 300 0.015 0.62
560 635 400 20 300 0.015 0.62
476 590 400 20 300 0.015 0.64
511 616 400 20 300 0.015 0.64
895 865 400 20 300 0.015 0.64
535 617 400 20 300 0.015 0.64
413 484 400 20 300 0.015 0.66
374 488 400 20 300 0.015 0.66
410 542 400 20 300 0.015 0.66
430 526 400 20 300 0.015 0.66
415 506 400 20 300 0.015 0.68
526 606 400 20 300 0.015 0.68
610 647 400 20 300 0.015 0.68
706 694 400 20 300 0.015 0.68
516 438 400 20 300 0.015 0.7
384 299 400 20 300 0.015 0.7
565 510 400 20 300 0.015 0.7
652 562 400 20 300 0.015 0.7
3158 2453 400 20 300 0.02 0.5
1808 1600 400 20 300 0.02 0.5
2836 2262 400 20 300 0.02 0.5
2159 1804 400 20 300 0.02 0.5
1086 1076 400 20 300 0.02 0.52
1585 1434 400 20 300 0.02 0.52
1099 1112 400 20 300 0.02 0.52
2485 2128 400 20 300 0.02 0.52
1028 1045 400 20 300 0.02 0.54
987 1071 400 20 300 0.02 0.54
829 892 400 20 300 0.02 0.54
1263 1219 400 20 300 0.02 0.54
607 734 400 20 300 0.02 0.56
752 851 400 20 300 0.02 0.56
720 865 400 20 300 0.02 0.56
726 839 400 20 300 0.02 0.56
616 730 400 20 300 0.02 0.58
1146 1150 400 20 300 0.02 0.58
601 728 400 20 300 0.02 0.58
1514 1373 400 20 300 0.02 0.58
889 936 400 20 300 0.02 0.6
635 773 400 20 300 0.02 0.6
462 592 400 20 300 0.02 0.6
1751 1461 400 20 300 0.02 0.6
414 535 400 20 300 0.02 0.62
406 543 400 20 300 0.02 0.62
580 745 400 20 300 0.02 0.62
661 770 400 20 300 0.02 0.62
361 486 400 20 300 0.02 0.64
443 544 400 20 300 0.02 0.64
513 634 400 20 300 0.02 0.64
575 723 400 20 300 0.02 0.64
307 426 400 20 300 0.02 0.66
358 496 400 20 300 0.02 0.66
376 498 400 20 300 0.02 0.66
527 700 400 20 300 0.02 0.66
343 462 400 20 300 0.02 0.68
354 485 400 20 300 0.02 0.68
433 570 400 20 300 0.02 0.68
398 555 400 20 300 0.02 0.68
384 514 400 20 300 0.02 0.7
397 543 400 20 300 0.02 0.7
411 513 400 20 300 0.02 0.7
760 951 400 20 300 0.02 0.7
5159 2591 400 20 400 0.01 0.5
7925 3407 400 20 400 0.01 0.5
8996 3924 400 20 400 0.01 0.5
6175 2965 400 20 400 0.01 0.5
1864 1322 400 20 400 0.01 0.52
4875 2463 400 20 400 0.01 0.52
5018 2543 400 20 400 0.01 0.52
2542 1590 400 20 400 0.01 0.52
3144 1841 400 20 400 0.01 0.54
2961 1804 400 20 400 0.01 0.54
3554 1913 400 20 400 0.01 0.54
2711 1533 400 20 400 0.01 0.54
1900 1422 400 20 400 0.01 0.56
1741 1253 400 20 400 0.01 0.56
2007 1403 400 20 400 0.01 0.56
3338 1975 400 20 400 0.01 0.56
2416 1517 400 20 400 0.01 0.58
1852 1342 400 20 400 0.01 0.58
2551 1615 400 20 400 0.01 0.58
2125 1494 400 20 400 0.01 0.58
1208 997 400 20 400 0.01 0.6
1211 1008 400 20 400 0.01 0.6
2338 1480 400 20 400 0.01 0.6
1186 1045 400 20 400 0.01 0.6
1297 1127 400 20 400 0.01 0.62
945 816 400 20 400 0.01 0.62
1782 1212 400 20 400 0.01 0.62
2021 1302 400 20 400 0.01 0.62
1195 1074 400 20 400 0.01 0.64
1241 986 400 20 400 0.01 0.64
1792 1239 400 20 400 0.01 0.64
1057 967 400 20 400 0.01 0.64
794 790 400 20 400 0.01 0.66
822 748 400 20 400 0.01 0.66
1189 933 400 20 400 0.01 0.66
763 746 400 20 400 0.01 0.66
430 504 400 20 400 0.01 0.68
1027 855 400 20 400 0.01 0.68
1034 812 400 20 400 0.01 0.68
900 685 400 20 400 0.01 0.68
377 481 400 20 400 0.01 0.7
454 507 400 20 400 0.01 0.7
421 512 400 20 400 0.01 0.7
525 595 400 20 400 0.01 0.7
3481 1855 400 20 400 0.015 0.5
2349 1459 400 20 400 0.015 0.5
2477 1573 400 20 400 0.015 0.5
6005 2903 400 20 400 0.015 0.5
3183 1701 400 20 400 0.015 0.52
1773 1322 400 20 400 0.015 0.52
2853 1682 400 20 400 0.015 0.52
2623 1569 400 20 400 0.015 0.52
3062 1712 400 20 400 0.015 0.54
1266 1030 400 20 400 0.015 0.54
1641 1233 400 20 400 0.015 0.54
2956 1735 400 20 400 0.015 0.54
1809 1124 400 20 400 0.015 0.56
907 724 400 20 400 0.015 0.56
1318 949 400 20 400 0.015 0.56
1671 1069 400 20 400 0.015 0.56
1038 983 400 20 400 0.015 0.58
1309 1022 400 20 400 0.015 0.58
1435 1064 400 20 400 0.015 0.58
976 890 400 20 400 0.015 0.58
1174 825 400 20 400 0.015 0.6
778 611 400 20 400 0.015 0.6
740 570 400 20 400 0.015 0.6
1213 816 400 20 400 0.015 0.6
618 620 400 20 400 0.015 0.62
494 541 400 20 400 0.015 0.62
822 746 400 20 400 0.015 0.62
1099 876 400 20 400 0.015 0.62
608 634 400 20 400 0.015 0.64
526 581 400 20 400 0.015 0.64
636 644 400 20 400 0.015 0.64
666 696 400 20 400 0.015 0.64
424 495 400 20 400 0.015 0.66
443 537 400 20 400 0.015 0.66
554 567 400 20 400 0.015 0.66
400 503 400 20 400 0.015 0.66
497 583 400 20 400 0.015 0.68
373 459 400 20 400 0.015 0.68
395 465 400 20 400 0.015 0.68
1091 750 400 20 400 0.015 0.68
314 403 400 20 400 0.015 0.7
256 347 400 20 400 0.015 0.7
417 479 400 20 400 0.015 0.7
437 539 400 20 400 0.015 0.7
3376 2183 400 20 400 0.02 0.5
2832 2005 400 20 400 0.02 0.5
3715 2324 400 20 400 0.02 0.5
3952 2386 400 20 400 0.02 0.5
1557 1225 400 20 400 0.02 0.52
1483 1182 400 20 400 0.02 0.52
1998 1536 400 20 400 0.02 0.52
3024 1774 400 20 400 0.02 0.52
1662 1277 400 20 400 0.02 0.54
864 834 400 20 400 0.02 0.54
1412 1266 400 20 400 0.02 0.54
1564 1279 400 20 400 0.02 0.54
639 628 400 20 400 0.02 0.56
1050 963 400 20 400 0.02 0.56
1300 1045 400 20 400 0.02 0.56
605 716 400 20 400 0.02 0.56
713 764 400 20 400 0.02 0.58
905 875 400 20 400 0.02 0.58
1150 1025 400 20 400 0.02 0.58
782 793 400 20 400 0.02 0.58
680 779 400 20 400 0.02 0.6
681 759 400 20 400 0.02 0.6
836 879 400 20 400 0.02 0.6
685 661 400 20 400 0.02 0.6
481 601 400 20 400 0.02 0.62
555 659 400 20 400 0.02 0.62
609 699 400 20 400 0.02 0.62
643 758 400 20 400 0.02 0.62
454 552 400 20 400 0.02 0.64
592 614 400 20 400 0.02 0.64
626 725 400 20 400 0.02 0.64
474 611 400 20 400 0.02 0.64
305 413 400 20 400 0.02 0.66
333 446 400 20 400 0.02 0.66
385 502 400 20 400 0.02 0.66
338 459 400 20 400 0.02 0.66
259 344 400 20 400 0.02 0.68
654 800 400 20 400 0.02 0.68
1373 1224 400 20 400 0.02 0.68
407 525 400 20 400 0.02 0.68
370 480 400 20 400 0.02 0.7
405 545 400 20 400 0.02 0.7
522 615 400 20 400 0.02 0.7
312 426 400 20 400 0.02 0.7
11835 3929 400 20 500 0.01 0.5
8315 2894 400 20 500 0.01 0.5
12189 4132 400 20 500 0.01 0.5
12922 4115 400 20 500 0.01 0.5
5064 1980 400 20 500 0.01 0.52
8825 3028 400 20 500 0.01 0.52
9110 2873 400 20 500 0.01 0.52
4960 1992 400 20 500 0.01 0.52
4200 1974 400 20 500 0.01 0.54
5029 2175 400 20 500 0.01 0.54
6267 2437 400 20 500 0.01 0.54
4257 1866 400 20 500 0.01 0.54
2920 1371 400 20 500 0.01 0.56
2409 1342 400 20 500 0.01 0.56
4493 1871 400 20 500 0.01 0.56
2667 1520 400 20 500 0.01 0.56
1720 1126 400 20 500 0.01 0.58
2149 1348 400 20 500 0.01 0.58
3359 1815 400 20 500 0.01 0.58
2399 1518 400 20 500 0.01 0.58
1440 1116 400 20 500 0.01 0.6
2559 1409 400 20 500 0.01 0.6
2179 1364 400 20 500 0.01 0.6
1960 1169 400 20 500 0.01 0.6
1231 863 400 20 500 0.01 0.62
2333 1276 400 20 500 0.01 0.62
2459 1229 400 20 500 0.01 0.62
1358 1023 400 20 500 0.01 0.62
1623 1029 400 20 500 0.01 0.64
1651 1040 400 20 500 0.01 0.64
1489 931 400 20 500 0.01 0.64
5442 2007 400 20 500 0.01 0.64
488 527 400 20 500 0.01 0.66
1199 780 400 20 500 0.01 0.66
1154 893 400 20 500 0.01 0.66
717 687 400 20 500 0.01 0.66
672 585 400 20 500 0.01 0.68
1084 741 400 20 500 0.01 0.68
895 676 400 20 500 0.01 0.68
974 654 400 20 500 0.01 0.68
339 418 400 20 500 0.01 0.7
510 535 400 20 500 0.01 0.7
1091 786 400 20 500 0.01 0.7
287 379 400 20 500 0.01 0.7
3598 1797 400 20 500 0.015 0.5
3061 1453 400 20 500 0.015 0.5
4144 1897 400 20 500 0.015 0.5
5485 2217 400 20 500 0.015 0.5
3473 1744 400 20 500 0.015 0.52
1999 1185 400 20 500 0.015 0.52
2719 1346 400 20 500 0.015 0.52
3132 1593 400 20 500 0.015 0.52
1395 1010 400 20 500 0.015 0.54
3068 1559 400 20 500 0.015 0.54
6465 2436 400 20 500 0.015 0.54
1607 1100 400 20 500 0.015 0.54
1727 1088 400 20 500 0.015 0.56
1120 896 400 20 500 0.015 0.56
2780 1193 400 20 500 0.015 0.56
1770 1036 400 20 500 0.015 0.56
1201 878 400 20 500 0.015 0.58
1478 1101 400 20 500 0.015 0.58
2026 1136 400 20 500 0.015 0.58
1267 966 400 20 500 0.015 0.58
825 486 400 20 500 0.015 0.6
1251 648 400 20 500 0.015 0.6
1006 528 400 20 500 0.015 0.6
1187 643 400 20 500 0.015 0.6
876 745 400 20 500 0.015 0.62
676 607 400 20 500 0.015 0.62
1016 857 400 20 500 0.015 0.62
796 728 400 20 500 0.015 0.62
461 494 400 20 500 0.015 0.64
1114 731 400 20 500 0.015 0.64
1211 874 400 20 500 0.015 0.64
758 650 400 20 500 0.015 0.64
553 595 400 20 500 0.015 0.66
300 379 400 20 500 0.015 0.66
365 441 400 20 500 0.015 0.66
671 581 400 20 500 0.015 0.66
473 489 400 20 500 0.015 0.68
428 494 400 20 500 0.015 0.68
596 616 400 20 500 0.015 0.68
1152 842 400 20 500 0.015 0.68
361 413 400 20 500 0.015 0.7
247 321 400 20 500 0.015 0.7
336 407 400 20 500 0.015 0.7
320 393 400 20 500 0.015 0.7
6447 2659 400 20 500 0.02 0.5
3260 1762 400 20 500 0.02 0.5
4556 2184 400 20 500 0.02 0.5
5320 2566 400 20 500 0.02 0.5
2446 1450 400 20 500 0.02 0.52
764 739 400 20 500 0.02 0.52
2207 1342 400 20 500 0.02 0.52
2290 1397 400 20 500 0.02 0.52
1107 869 400 20 500 0.02 0.54
1962 1308 400 20 500 0.02 0.54
3303 1856 400 20 500 0.02 0.54
1471 997 400 20 500 0.02 0.54
1348 1116 400 20 500 0.02 0.56
1481 1088 400 20 500 0.02 0.56
990 934 400 20 500 0.02 0.56
2536 1461 400 20 500 0.02 0.56
843 853 400 20 500 0.02 0.58
1201 972 400 20 500 0.02 0.58
731 717 400 20 500 0.02 0.58
1496 1097 400 20 500 0.02 0.58
612 629 400 20 500 0.02 0.6
1152 992 400 20 500 0.02 0.6
1754 1177 400 20 500 0.02 0.6
882 894 400 20 500 0.02 0.6
545 615 400 20 500 0.02 0.62
622 685 400 20 500 0.02 0.62
619 729 400 20 500 0.02 0.62
3228 1482 400 20 500 0.02 0.62
627 699 400 20 500 0.02 0.64
409 511 400 20 500 0.02 0.64
691 744 400 20 500 0.02 0.64
445 528 400 20 500 0.02 0.64
584 706 400 20 500 0.02 0.66
476 564 400 20 500 0.02 0.66
602 707 400 20 500 0.02 0.66
474 578 400 20 500 0.02 0.66
418 515 400 20 500 0.02 0.68
495 591 400 20 500 0.02 0.68
559 628 400 20 500 0.02 0.68
978 878 400 20 500 0.02 0.68
411 519 400 20 500 0.02 0.7
446 534 400 20 500 0.02 0.7
348 448 400 20 500 0.02 0.7
627 748 400 20 500 0.02 0.7
