5136 4818 500 5 375 0.01 0.5
4199 4229 500 5 375 0.01 0.5
6209 5587 500 5 375 0.01 0.5
4439 4643 500 5 375 0.01 0.5
4317 4391 500 5 375 0.01 0.52
3824 4131 500 5 375 0.01 0.52
5976 5608 500 5 375 0.01 0.52
6330 5641 500 5 375 0.01 0.52
5554 4843 500 5 375 0.01 0.54
4790 4689 500 5 375 0.01 0.54
6673 5343 500 5 375 0.01 0.54
5900 5463 500 5 375 0.01 0.54
3227 3456 500 5 375 0.01 0.56
3467 3714 500 5 375 0.01 0.56
5423 5275 500 5 375 0.01 0.56
4598 4617 500 5 375 0.01 0.56
4942 4687 500 5 375 0.01 0.58
5497 5290 500 5 375 0.01 0.58
8104 7024 500 5 375 0.01 0.58
5398 5305 500 5 375 0.01 0.58
946 1723 500 5 375 0.01 0.6
1806 3066 500 5 375 0.01 0.6
1773 2895 500 5 375 0.01 0.6
1125 2141 500 5 375 0.01 0.6
1467 2532 500 5 375 0.01 0.62
1105 1973 500 5 375 0.01 0.62
868 1579 500 5 375 0.01 0.62
2019 3318 500 5 375 0.01 0.62
1153 1997 500 5 375 0.01 0.64
1102 1972 500 5 375 0.01 0.64
1969 3253 500 5 375 0.01 0.64
1222 2308 500 5 375 0.01 0.64
984 1744 500 5 375 0.01 0.66
1005 1809 500 5 375 0.01 0.66
1411 2456 500 5 375 0.01 0.66
1137 2122 500 5 375 0.01 0.66
1073 1928 500 5 375 0.01 0.68
1267 2246 500 5 375 0.01 0.68
1531 2535 500 5 375 0.01 0.68
1215 2216 500 5 375 0.01 0.68
1049 1829 500 5 375 0.01 0.7
1036 1848 500 5 375 0.01 0.7
1409 2374 500 5 375 0.01 0.7
1274 2362 500 5 375 0.01 0.7
9499 9725 500 5 375 0.015 0.5
12534 12596 500 5 375 0.015 0.5
11812 13928 500 5 375 0.015 0.5
11271 12559 500 5 375 0.015 0.5
9952 11392 500 5 375 0.015 0.52
8313 8971 500 5 375 0.015 0.52
10587 11644 500 5 375 0.015 0.52
9647 10718 500 5 375 0.015 0.52
7767 8504 500 5 375 0.015 0.54
6913 8207 500 5 375 0.015 0.54
10210 10715 500 5 375 0.015 0.54
8733 10054 500 5 375 0.015 0.54
7071 7963 500 5 375 0.015 0.56
10794 11409 500 5 375 0.015 0.56
13732 14011 500 5 375 0.015 0.56
9617 11141 500 5 375 0.015 0.56
11492 11996 500 5 375 0.015 0.58
11085 12022 500 5 375 0.015 0.58
10457 11421 500 5 375 0.015 0.58
12492 13399 500 5 375 0.015 0.58
1976 3475 500 5 375 0.015 0.6
2480 4177 500 5 375 0.015 0.6
3541 5346 500 5 375 0.015 0.6
2433 4413 500 5 375 0.015 0.6
2422 4069 500 5 375 0.015 0.62
2126 3720 500 5 375 0.015 0.62
3019 4879 500 5 375 0.015 0.62
2543 4331 500 5 375 0.015 0.62
1860 3266 500 5 375 0.015 0.64
2957 4575 500 5 375 0.015 0.64
2447 4003 500 5 375 0.015 0.64
2886 4832 500 5 375 0.015 0.64
2641 4164 500 5 375 0.015 0.66
4462 6679 500 5 375 0.015 0.66
3778 5972 500 5 375 0.015 0.66
3500 5834 500 5 375 0.015 0.66
3823 5335 500 5 375 0.015 0.68
3552 5014 500 5 375 0.015 0.68
4720 6228 500 5 375 0.015 0.68
3586 5103 500 5 375 0.015 0.68
2651 3831 500 5 375 0.015 0.7
3073 4294 500 5 375 0.015 0.7
2796 4055 500 5 375 0.015 0.7
4504 6231 500 5 375 0.015 0.7
22770 28236 500 5 375 0.02 0.5
31013 34587 500 5 375 0.02 0.5
30988 34505 500 5 375 0.02 0.5
29528 36767 500 5 375 0.02 0.5
32100 36598 500 5 375 0.02 0.52
25969 29522 500 5 375 0.02 0.52
28325 31216 500 5 375 0.02 0.52
35916 39594 500 5 375 0.02 0.52
20425 25830 500 5 375 0.02 0.54
26244 32183 500 5 375 0.02 0.54
26592 31961 500 5 375 0.02 0.54
27275 34189 500 5 375 0.02 0.54
24008 30178 500 5 375 0.02 0.56
28742 31323 500 5 375 0.02 0.56
32037 36159 500 5 375 0.02 0.56
26996 31499 500 5 375 0.02 0.56
18255 22082 500 5 375 0.02 0.58
24259 27668 500 5 375 0.02 0.58
18480 22923 500 5 375 0.02 0.58
27719 31973 500 5 375 0.02 0.58
14628 18477 500 5 375 0.02 0.6
16419 19906 500 5 375 0.02 0.6
21633 27146 500 5 375 0.02 0.6
19521 27057 500 5 375 0.02 0.6
13581 19589 500 5 375 0.02 0.62
7707 12058 500 5 375 0.02 0.62
12191 17217 500 5 375 0.02 0.62
16194 22577 500 5 375 0.02 0.62
5675 8710 500 5 375 0.02 0.64
9436 14059 500 5 375 0.02 0.64
14725 19900 500 5 375 0.02 0.64
9247 14719 500 5 375 0.02 0.64
14709 21103 500 5 375 0.02 0.66
10789 16241 500 5 375 0.02 0.66
14586 20173 500 5 375 0.02 0.66
15841 23017 500 5 375 0.02 0.66
10242 15059 500 5 375 0.02 0.68
6394 10292 500 5 375 0.02 0.68
16497 22440 500 5 375 0.02 0.68
14945 22138 500 5 375 0.02 0.68
11557 16535 500 5 375 0.02 0.7
13933 19249 500 5 375 0.02 0.7
17632 23571 500 5 375 0.02 0.7
10433 15439 500 5 375 0.02 0.7
6575 5084 500 5 500 0.01 0.5
8456 5716 500 5 500 0.01 0.5
9172 6148 500 5 500 0.01 0.5
9112 6375 500 5 500 0.01 0.5
6422 4953 500 5 500 0.01 0.52
7459 4943 500 5 500 0.01 0.52
10366 6832 500 5 500 0.01 0.52
6704 4653 500 5 500 0.01 0.52
6621 4995 500 5 500 0.01 0.54
6197 4810 500 5 500 0.01 0.54
10067 6565 500 5 500 0.01 0.54
4871 4059 500 5 500 0.01 0.54
6228 4662 500 5 500 0.01 0.56
8100 5801 500 5 500 0.01 0.56
6574 4826 500 5 500 0.01 0.56
8375 5530 500 5 500 0.01 0.56
5374 4072 500 5 500 0.01 0.58
5689 4812 500 5 500 0.01 0.58
6200 4366 500 5 500 0.01 0.58
8276 5786 500 5 500 0.01 0.58
1566 2168 500 5 500 0.01 0.6
1245 1740 500 5 500 0.01 0.6
1718 2229 500 5 500 0.01 0.6
1651 2285 500 5 500 0.01 0.6
1062 1676 500 5 500 0.01 0.62
1354 2055 500 5 500 0.01 0.62
1366 2061 500 5 500 0.01 0.62
1312 2158 500 5 500 0.01 0.62
1253 1875 500 5 500 0.01 0.64
1050 1757 500 5 500 0.01 0.64
1535 2209 500 5 500 0.01 0.64
1356 2258 500 5 500 0.01 0.64
886 1461 500 5 500 0.01 0.66
1223 2054 500 5 500 0.01 0.66
2049 2753 500 5 500 0.01 0.66
1312 2143 500 5 500 0.01 0.66
1320 2039 500 5 500 0.01 0.68
1114 1748 500 5 500 0.01 0.68
2450 3385 500 5 500 0.01 0.68
993 1808 500 5 500 0.01 0.68
1386 2237 500 5 500 0.01 0.7
1217 1953 500 5 500 0.01 0.7
2268 3256 500 5 500 0.01 0.7
1586 2561 500 5 500 0.01 0.7
15004 12220 500 5 500 0.015 0.5
12202 10748 500 5 500 0.015 0.5
18630 15047 500 5 500 0.015 0.5
16383 13245 500 5 500 0.015 0.5
21543 14714 500 5 500 0.015 0.52
10310 8832 500 5 500 0.015 0.52
21840 16139 500 5 500 0.015 0.52
11122 10254 500 5 500 0.015 0.52
15333 12963 500 5 500 0.015 0.54
11056 9885 500 5 500 0.015 0.54
17721 13994 500 5 500 0.015 0.54
12025 10750 500 5 500 0.015 0.54
14409 11473 500 5 500 0.015 0.56
13848 11456 500 5 500 0.015 0.56
15311 12873 500 5 500 0.015 0.56
17127 13314 500 5 500 0.015 0.56
11205 9702 500 5 500 0.015 0.58
15276 12625 500 5 500 0.015 0.58
13285 10640 500 5 500 0.015 0.58
14116 12640 500 5 500 0.015 0.58
2974 4168 500 5 500 0.015 0.6
3594 5143 500 5 500 0.015 0.6
3043 4234 500 5 500 0.015 0.6
4507 6030 500 5 500 0.015 0.6
3071 4250 500 5 500 0.015 0.62
4194 5273 500 5 500 0.015 0.62
3580 4784 500 5 500 0.015 0.62
5127 6256 500 5 500 0.015 0.62
3060 4130 500 5 500 0.015 0.64
2136 3191 500 5 500 0.015 0.64
3677 4670 500 5 500 0.015 0.64
2524 3692 500 5 500 0.015 0.64
2714 3957 500 5 500 0.015 0.66
3059 4308 500 5 500 0.015 0.66
2515 3539 500 5 500 0.015 0.66
4682 6045 500 5 500 0.015 0.66
2566 3918 500 5 500 0.015 0.68
3308 4653 500 5 500 0.015 0.68
3001 4280 500 5 500 0.015 0.68
3666 5161 500 5 500 0.015 0.68
3435 4807 500 5 500 0.015 0.7
3132 4348 500 5 500 0.015 0.7
3499 5138 500 5 500 0.015 0.7
3616 4692 500 5 500 0.015 0.7
26061 27617 500 5 500 0.02 0.5
26860 28944 500 5 500 0.02 0.5
45520 38367 500 5 500 0.02 0.5
35180 33239 500 5 500 0.02 0.5
37782 34715 500 5 500 0.02 0.52
35300 32428 500 5 500 0.02 0.52
46341 40056 500 5 500 0.02 0.52
62423 51259 500 5 500 0.02 0.52
43564 37890 500 5 500 0.02 0.54
20334 20452 500 5 500 0.02 0.54
44280 39207 500 5 500 0.02 0.54
32684 28688 500 5 500 0.02 0.54
28468 27269 500 5 500 0.02 0.56
40941 38812 500 5 500 0.02 0.56
39149 31888 500 5 500 0.02 0.56
42691 40394 500 5 500 0.02 0.56
19203 17896 500 5 500 0.02 0.58
57829 47494 500 5 500 0.02 0.58
45494 38982 500 5 500 0.02 0.58
36404 32417 500 5 500 0.02 0.58
19372 19054 500 5 500 0.02 0.6
12737 14292 500 5 500 0.02 0.6
20298 23361 500 5 500 0.02 0.6
27029 28685 500 5 500 0.02 0.6
16969 18393 500 5 500 0.02 0.62
6182 8324 500 5 500 0.02 0.62
10290 13075 500 5 500 0.02 0.62
20892 22772 500 5 500 0.02 0.62
17471 20070 500 5 500 0.02 0.64
10871 14004 500 5 500 0.02 0.64
18603 20919 500 5 500 0.02 0.64
13253 15632 500 5 500 0.02 0.64
11941 13850 500 5 500 0.02 0.66
11496 13507 500 5 500 0.02 0.66
18324 22607 500 5 500 0.02 0.66
14346 16864 500 5 500 0.02 0.66
16074 18450 500 5 500 0.02 0.68
7884 10274 500 5 500 0.02 0.68
13640 15960 500 5 500 0.02 0.68
12516 14238 500 5 500 0.02 0.68
12368 14428 500 5 500 0.02 0.7
9667 11679 500 5 500 0.02 0.7
16187 18019 500 5 500 0.02 0.7
13770 15881 500 5 500 0.02 0.7
9007 4852 500 5 625 0.01 0.5
6554 4145 500 5 625 0.01 0.5
8039 4913 500 5 625 0.01 0.5
11362 5827 500 5 625 0.01 0.5
4249 2945 500 5 625 0.01 0.52
7365 4420 500 5 625 0.01 0.52
12685 6739 500 5 625 0.01 0.52
11514 5853 500 5 625 0.01 0.52
10818 5976 500 5 625 0.01 0.54
10803 5473 500 5 625 0.01 0.54
10427 5723 500 5 625 0.01 0.54
11746 6065 500 5 625 0.01 0.54
9505 5141 500 5 625 0.01 0.56
7284 4371 500 5 625 0.01 0.56
8016 4574 500 5 625 0.01 0.56
11831 6618 500 5 625 0.01 0.56
8777 5152 500 5 625 0.01 0.58
8881 5026 500 5 625 0.01 0.58
10570 5430 500 5 625 0.01 0.58
9713 5533 500 5 625 0.01 0.58
1765 2256 500 5 625 0.01 0.6
1237 1819 500 5 625 0.01 0.6
1767 2160 500 5 625 0.01 0.6
1356 1906 500 5 625 0.01 0.6
1698 2414 500 5 625 0.01 0.62
1337 1816 500 5 625 0.01 0.62
2275 2804 500 5 625 0.01 0.62
1303 1955 500 5 625 0.01 0.62
1156 1742 500 5 625 0.01 0.64
1914 2588 500 5 625 0.01 0.64
1990 2600 500 5 625 0.01 0.64
1812 2497 500 5 625 0.01 0.64
1564 2099 500 5 625 0.01 0.66
1165 1761 500 5 625 0.01 0.66
1660 2246 500 5 625 0.01 0.66
1381 1962 500 5 625 0.01 0.66
1913 2520 500 5 625 0.01 0.68
1409 2012 500 5 625 0.01 0.68
1841 2384 500 5 625 0.01 0.68
2692 3325 500 5 625 0.01 0.68
1097 1683 500 5 625 0.01 0.7
1470 2031 500 5 625 0.01 0.7
1763 2257 500 5 625 0.01 0.7
1251 1842 500 5 625 0.01 0.7
18413 12145 500 5 625 0.015 0.5
15124 10634 500 5 625 0.015 0.5
23986 16226 500 5 625 0.015 0.5
13613 9765 500 5 625 0.015 0.5
22288 13057 500 5 625 0.015 0.52
12842 9623 500 5 625 0.015 0.52
13076 9260 500 5 625 0.015 0.52
24022 14569 500 5 625 0.015 0.52
14937 9805 500 5 625 0.015 0.54
24502 15864 500 5 625 0.015 0.54
19394 13384 500 5 625 0.015 0.54
22069 12684 500 5 625 0.015 0.54
22137 13977 500 5 625 0.015 0.56
16944 11173 500 5 625 0.015 0.56
22251 13732 500 5 625 0.015 0.56
28045 15639 500 5 625 0.015 0.56
17742 11994 500 5 625 0.015 0.58
19973 12665 500 5 625 0.015 0.58
21255 13263 500 5 625 0.015 0.58
18418 14340 500 5 625 0.015 0.58
4664 5365 500 5 625 0.015 0.6
3056 3903 500 5 625 0.015 0.6
5089 5615 500 5 625 0.015 0.6
2850 3673 500 5 625 0.015 0.6
2879 3605 500 5 625 0.015 0.62
3652 4446 500 5 625 0.015 0.62
4203 4913 500 5 625 0.015 0.62
4961 5290 500 5 625 0.015 0.62
4696 4943 500 5 625 0.015 0.64
3194 3936 500 5 625 0.015 0.64
5701 5614 500 5 625 0.015 0.64
5210 5823 500 5 625 0.015 0.64
2601 3340 500 5 625 0.015 0.66
3511 4336 500 5 625 0.015 0.66
6436 6679 500 5 625 0.015 0.66
3814 4837 500 5 625 0.015 0.66
3542 4442 500 5 625 0.015 0.68
2139 2948 500 5 625 0.015 0.68
2754 3435 500 5 625 0.015 0.68
4032 4637 500 5 625 0.015 0.68
3751 4035 500 5 625 0.015 0.7
2150 2836 500 5 625 0.015 0.7
3171 4121 500 5 625 0.015 0.7
4016 4704 500 5 625 0.015 0.7
80677 54811 500 5 625 0.02 0.5
28718 23515 500 5 625 0.02 0.5
53628 37307 500 5 625 0.02 0.5
69732 43413 500 5 625 0.02 0.5
43347 31322 500 5 625 0.02 0.52
40573 30431 500 5 625 0.02 0.52
58879 36847 500 5 625 0.02 0.52
72264 52539 500 5 625 0.02 0.52
51387 38242 500 5 625 0.02 0.54
37033 27679 500 5 625 0.02 0.54
49035 34416 500 5 625 0.02 0.54
66121 42190 500 5 625 0.02 0.54
41964 31484 500 5 625 0.02 0.56
62922 45224 500 5 625 0.02 0.56
30337 23838 500 5 625 0.02 0.56
88620 59107 500 5 625 0.02 0.56
42704 30382 500 5 625 0.02 0.58
40523 28244 500 5 625 0.02 0.58
65488 40063 500 5 625 0.02 0.58
31214 24519 500 5 625 0.02 0.58
12537 12485 500 5 625 0.02 0.6
13062 14340 500 5 625 0.02 0.6
17497 16136 500 5 625 0.02 0.6
17940 16747 500 5 625 0.02 0.6
13772 14047 500 5 625 0.02 0.62
9842 11422 500 5 625 0.02 0.62
21135 18360 500 5 625 0.02 0.62
16685 14423 500 5 625 0.02 0.62
10746 11288 500 5 625 0.02 0.64
8547 10051 500 5 625 0.02 0.64
10643 11629 500 5 625 0.02 0.64
18436 16784 500 5 625 0.02 0.64
9742 9620 500 5 625 0.02 0.66
12296 12772 500 5 625 0.02 0.66
23734 20233 500 5 625 0.02 0.66
19498 17409 500 5 625 0.02 0.66
16325 15748 500 5 625 0.02 0.68
16853 15901 500 5 625 0.02 0.68
28559 25000 500 5 625 0.02 0.68
20109 19581 500 5 625 0.02 0.68
13042 13184 500 5 625 0.02 0.7
13530 11798 500 5 625 0.02 0.7
29040 23687 500 5 625 0.02 0.7
12130 14441 500 5 625 0.02 0.7
3644 2498 500 10 375 0.01 0.5
5888 3641 500 10 375 0.01 0.5
6932 3877 500 10 375 0.01 0.5
5174 3401 500 10 375 0.01 0.5
2401 1908 500 10 375 0.01 0.52
1326 1290 500 10 375 0.01 0.52
2159 1943 500 10 375 0.01 0.52
2401 1930 500 10 375 0.01 0.52
2382 2053 500 10 375 0.01 0.54
1728 1486 500 10 375 0.01 0.54
3173 2294 500 10 375 0.01 0.54
2488 2130 500 10 375 0.01 0.54
1513 1461 500 10 375 0.01 0.56
1429 1501 500 10 375 0.01 0.56
2229 1912 500 10 375 0.01 0.56
1818 1742 500 10 375 0.01 0.56
2081 1813 500 10 375 0.01 0.58
1380 1363 500 10 375 0.01 0.58
2098 1762 500 10 375 0.01 0.58
1888 1800 500 10 375 0.01 0.58
747 944 500 10 375 0.01 0.6
1504 1518 500 10 375 0.01 0.6
1726 1586 500 10 375 0.01 0.6
616 921 500 10 375 0.01 0.6
1285 1366 500 10 375 0.01 0.62
1033 1195 500 10 375 0.01 0.62
1721 1721 500 10 375 0.01 0.62
834 1141 500 10 375 0.01 0.62
723 1014 500 10 375 0.01 0.64
812 1076 500 10 375 0.01 0.64
808 1080 500 10 375 0.01 0.64
844 1089 500 10 375 0.01 0.64
700 967 500 10 375 0.01 0.66
649 886 500 10 375 0.01 0.66
948 1177 500 10 375 0.01 0.66
1259 1432 500 10 375 0.01 0.66
790 1066 500 10 375 0.01 0.68
736 1057 500 10 375 0.01 0.68
958 1236 500 10 375 0.01 0.68
661 949 500 10 375 0.01 0.68
517 753 500 10 375 0.01 0.7
669 990 500 10 375 0.01 0.7
532 811 500 10 375 0.01 0.7
834 1193 500 10 375 0.01 0.7
6500 5374 500 10 375 0.015 0.5
5375 4615 500 10 375 0.015 0.5
7427 5881 500 10 375 0.015 0.5
6587 5119 500 10 375 0.015 0.5
2571 2666 500 10 375 0.015 0.52
2200 2341 500 10 375 0.015 0.52
3793 3294 500 10 375 0.015 0.52
2545 2577 500 10 375 0.015 0.52
2816 2777 500 10 375 0.015 0.54
2275 2333 500 10 375 0.015 0.54
2705 2508 500 10 375 0.015 0.54
2731 2784 500 10 375 0.015 0.54
2486 2421 500 10 375 0.015 0.56
1414 1633 500 10 375 0.015 0.56
2675 2719 500 10 375 0.015 0.56
2210 2567 500 10 375 0.015 0.56
3313 3034 500 10 375 0.015 0.58
1340 1674 500 10 375 0.015 0.58
2338 2144 500 10 375 0.015 0.58
5457 4403 500 10 375 0.015 0.58
1264 1652 500 10 375 0.015 0.6
1102 1572 500 10 375 0.015 0.6
1254 1615 500 10 375 0.015 0.6
1223 1718 500 10 375 0.015 0.6
1574 2007 500 10 375 0.015 0.62
1744 2155 500 10 375 0.015 0.62
1620 2019 500 10 375 0.015 0.62
2006 2362 500 10 375 0.015 0.62
1676 2097 500 10 375 0.015 0.64
1071 1452 500 10 375 0.015 0.64
1788 2270 500 10 375 0.015 0.64
1195 1748 500 10 375 0.015 0.64
1241 1676 500 10 375 0.015 0.66
926 1361 500 10 375 0.015 0.66
895 1359 500 10 375 0.015 0.66
1764 2090 500 10 375 0.015 0.66
1045 1470 500 10 375 0.015 0.68
1134 1614 500 10 375 0.015 0.68
1468 1839 500 10 375 0.015 0.68
1599 2119 500 10 375 0.015 0.68
1036 1501 500 10 375 0.015 0.7
836 1298 500 10 375 0.015 0.7
831 1274 500 10 375 0.015 0.7
1446 2110 500 10 375 0.015 0.7
7209 7259 500 10 375 0.02 0.5
14647 12449 500 10 375 0.02 0.5
17562 15931 500 10 375 0.02 0.5
13242 12286 500 10 375 0.02 0.5
7070 7527 500 10 375 0.02 0.52
5830 6492 500 10 375 0.02 0.52
7534 7844 500 10 375 0.02 0.52
6062 6541 500 10 375 0.02 0.52
8105 8714 500 10 375 0.02 0.54
5941 6619 500 10 375 0.02 0.54
9447 8308 500 10 375 0.02 0.54
6454 6733 500 10 375 0.02 0.54
3705 4254 500 10 375 0.02 0.56
6713 6618 500 10 375 0.02 0.56
6302 6821 500 10 375 0.02 0.56
7337 7900 500 10 375 0.02 0.56
6650 6794 500 10 375 0.02 0.58
5128 5206 500 10 375 0.02 0.58
6665 7149 500 10 375 0.02 0.58
6245 7169 500 10 375 0.02 0.58
3456 4326 500 10 375 0.02 0.6
2221 2942 500 10 375 0.02 0.6
3469 4508 500 10 375 0.02 0.6
4788 5746 500 10 375 0.02 0.6
3657 4638 500 10 375 0.02 0.62
6127 6515 500 10 375 0.02 0.62
5780 6552 500 10 375 0.02 0.62
4415 5372 500 10 375 0.02 0.62
3173 4160 500 10 375 0.02 0.64
3227 4252 500 10 375 0.02 0.64
3229 4203 500 10 375 0.02 0.64
4602 5949 500 10 375 0.02 0.64
2280 3117 500 10 375 0.02 0.66
2553 3316 500 10 375 0.02 0.66
3431 4322 500 10 375 0.02 0.66
3844 4313 500 10 375 0.02 0.66
3486 4538 500 10 375 0.02 0.68
4979 5976 500 10 375 0.02 0.68
5783 6682 500 10 375 0.02 0.68
3055 3985 500 10 375 0.02 0.68
2384 3474 500 10 375 0.02 0.7
3312 4655 500 10 375 0.02 0.7
2448 3524 500 10 375 0.02 0.7
4570 6078 500 10 375 0.02 0.7
4988 2800 500 10 500 0.01 0.5
5894 2920 500 10 500 0.01 0.5
7332 3470 500 10 500 0.01 0.5
8262 3711 500 10 500 0.01 0.5
2720 1779 500 10 500 0.01 0.52
1302 1278 500 10 500 0.01 0.52
1837 1502 500 10 500 0.01 0.52
2569 1723 500 10 500 0.01 0.52
1569 1309 500 10 500 0.01 0.54
2332 1658 500 10 500 0.01 0.54
2776 1795 500 10 500 0.01 0.54
4018 2147 500 10 500 0.01 0.54
2562 1728 500 10 500 0.01 0.56
1671 1480 500 10 500 0.01 0.56
1782 1387 500 10 500 0.01 0.56
2489 1726 500 10 500 0.01 0.56
1707 1355 500 10 500 0.01 0.58
2503 1713 500 10 500 0.01 0.58
2907 1780 500 10 500 0.01 0.58
1820 1583 500 10 500 0.01 0.58
882 1124 500 10 500 0.01 0.6
683 931 500 10 500 0.01 0.6
1012 1096 500 10 500 0.01 0.6
1165 1343 500 10 500 0.01 0.6
669 864 500 10 500 0.01 0.62
1055 1166 500 10 500 0.01 0.62
1859 1499 500 10 500 0.01 0.62
460 724 500 10 500 0.01 0.62
1013 1142 500 10 500 0.01 0.64
720 955 500 10 500 0.01 0.64
696 866 500 10 500 0.01 0.64
1084 1194 500 10 500 0.01 0.64
771 942 500 10 500 0.01 0.66
697 948 500 10 500 0.01 0.66
630 865 500 10 500 0.01 0.66
859 941 500 10 500 0.01 0.66
902 1059 500 10 500 0.01 0.68
740 915 500 10 500 0.01 0.68
1300 1316 500 10 500 0.01 0.68
731 934 500 10 500 0.01 0.68
648 905 500 10 500 0.01 0.7
625 898 500 10 500 0.01 0.7
713 919 500 10 500 0.01 0.7
593 866 500 10 500 0.01 0.7
7662 4899 500 10 500 0.015 0.5
5786 3957 500 10 500 0.015 0.5
5695 3775 500 10 500 0.015 0.5
8330 4816 500 10 500 0.015 0.5
2350 2131 500 10 500 0.015 0.52
2596 2317 500 10 500 0.015 0.52
2984 2488 500 10 500 0.015 0.52
5325 3592 500 10 500 0.015 0.52
4139 2862 500 10 500 0.015 0.54
1543 1621 500 10 500 0.015 0.54
4588 3210 500 10 500 0.015 0.54
2308 2147 500 10 500 0.015 0.54
3226 2826 500 10 500 0.015 0.56
2261 2067 500 10 500 0.015 0.56
3278 2534 500 10 500 0.015 0.56
4363 3185 500 10 500 0.015 0.56
3163 2449 500 10 500 0.015 0.58
1722 1761 500 10 500 0.015 0.58
2878 2295 500 10 500 0.015 0.58
4448 3114 500 10 500 0.015 0.58
958 1233 500 10 500 0.015 0.6
817 1151 500 10 500 0.015 0.6
1269 1460 500 10 500 0.015 0.6
794 1094 500 10 500 0.015 0.6
1076 1417 500 10 500 0.015 0.62
1419 1622 500 10 500 0.015 0.62
1593 1952 500 10 500 0.015 0.62
1027 1318 500 10 500 0.015 0.62
1245 1328 500 10 500 0.015 0.64
1365 1372 500 10 500 0.015 0.64
2082 1882 500 10 500 0.015 0.64
2100 2093 500 10 500 0.015 0.64
964 1258 500 10 500 0.015 0.66
1057 1371 500 10 500 0.015 0.66
795 1105 500 10 500 0.015 0.66
1682 1878 500 10 500 0.015 0.66
902 1215 500 10 500 0.015 0.68
1525 1637 500 10 500 0.015 0.68
1038 1337 500 10 500 0.015 0.68
1579 1773 500 10 500 0.015 0.68
768 995 500 10 500 0.015 0.7
563 845 500 10 500 0.015 0.7
1200 1560 500 10 500 0.015 0.7
769 1168 500 10 500 0.015 0.7
15171 11606 500 10 500 0.02 0.5
14659 10802 500 10 500 0.02 0.5
15457 11565 500 10 500 0.02 0.5
20630 13298 500 10 500 0.02 0.5
6980 5710 500 10 500 0.02 0.52
9026 6799 500 10 500 0.02 0.52
12937 9867 500 10 500 0.02 0.52
5515 4954 500 10 500 0.02 0.52
5558 5189 500 10 500 0.02 0.54
4956 4783 500 10 500 0.02 0.54
6198 5663 500 10 500 0.02 0.54
6897 6049 500 10 500 0.02 0.54
6095 5944 500 10 500 0.02 0.56
6317 5932 500 10 500 0.02 0.56
5953 5755 500 10 500 0.02 0.56
10178 8386 500 10 500 0.02 0.56
6886 5883 500 10 500 0.02 0.58
3329 3365 500 10 500 0.02 0.58
6935 6258 500 10 500 0.02 0.58
8104 7017 500 10 500 0.02 0.58
3307 3725 500 10 500 0.02 0.6
1854 2302 500 10 500 0.02 0.6
4497 4933 500 10 500 0.02 0.6
5095 5200 500 10 500 0.02 0.6
3644 3412 500 10 500 0.02 0.62
3023 3326 500 10 500 0.02 0.62
4050 4300 500 10 500 0.02 0.62
4802 5272 500 10 500 0.02 0.62
5280 5251 500 10 500 0.02 0.64
4266 4546 500 10 500 0.02 0.64
5734 5712 500 10 500 0.02 0.64
4684 4346 500 10 500 0.02 0.64
1527 2012 500 10 500 0.02 0.66
1896 2445 500 10 500 0.02 0.66
4076 4312 500 10 500 0.02 0.66
6352 5823 500 10 500 0.02 0.66
3376 3757 500 10 500 0.02 0.68
3305 3727 500 10 500 0.02 0.68
5710 5727 500 10 500 0.02 0.68
5140 5555 500 10 500 0.02 0.68
2145 2843 500 10 500 0.02 0.7
1852 2464 500 10 500 0.02 0.7
3890 4641 500 10 500 0.02 0.7
2576 3265 500 10 500 0.02 0.7
7682 2974 500 10 625 0.01 0.5
13090 3784 500 10 625 0.01 0.5
7107 2983 500 10 625 0.01 0.5
115307 200000 500 10 625 0.01 0.5
2095 1594 500 10 625 0.01 0.52
2309 1613 500 10 625 0.01 0.52
2727 1824 500 10 625 0.01 0.52
3556 1897 500 10 625 0.01 0.52
4186 2118 500 10 625 0.01 0.54
2027 1342 500 10 625 0.01 0.54
3722 1760 500 10 625 0.01 0.54
3928 1841 500 10 625 0.01 0.54
1860 1433 500 10 625 0.01 0.56
4203 2083 500 10 625 0.01 0.56
2150 1423 500 10 625 0.01 0.56
4146 2383 500 10 625 0.01 0.56
3078 1726 500 10 625 0.01 0.58
2058 1510 500 10 625 0.01 0.58
6409 2675 500 10 625 0.01 0.58
3536 1975 500 10 625 0.01 0.58
862 1011 500 10 625 0.01 0.6
737 918 500 10 625 0.01 0.6
942 1093 500 10 625 0.01 0.6
1313 1234 500 10 625 0.01 0.6
955 1049 500 10 625 0.01 0.62
1119 1011 500 10 625 0.01 0.62
1494 1343 500 10 625 0.01 0.62
843 944 500 10 625 0.01 0.62
837 955 500 10 625 0.01 0.64
701 922 500 10 625 0.01 0.64
1550 1452 500 10 625 0.01 0.64
632 849 500 10 625 0.01 0.64
711 865 500 10 625 0.01 0.66
915 1024 500 10 625 0.01 0.66
1417 1252 500 10 625 0.01 0.66
782 907 500 10 625 0.01 0.66
894 1028 500 10 625 0.01 0.68
745 902 500 10 625 0.01 0.68
892 1004 500 10 625 0.01 0.68
1468 1329 500 10 625 0.01 0.68
491 665 500 10 625 0.01 0.7
482 675 500 10 625 0.01 0.7
704 918 500 10 625 0.01 0.7
891 1174 500 10 625 0.01 0.7
5711 3554 500 10 625 0.015 0.5
14799 6470 500 10 625 0.015 0.5
11643 5237 500 10 625 0.015 0.5
13930 6244 500 10 625 0.015 0.5
4079 2908 500 10 625 0.015 0.52
2479 2202 500 10 625 0.015 0.52
4301 2973 500 10 625 0.015 0.52
3208 2425 500 10 625 0.015 0.52
3579 2567 500 10 625 0.015 0.54
1546 1593 500 10 625 0.015 0.54
6115 3336 500 10 625 0.015 0.54
3490 2554 500 10 625 0.015 0.54
3088 2180 500 10 625 0.015 0.56
3163 2431 500 10 625 0.015 0.56
3346 2417 500 10 625 0.015 0.56
3893 2752 500 10 625 0.015 0.56
3738 2681 500 10 625 0.015 0.58
2241 1885 500 10 625 0.015 0.58
3822 2664 500 10 625 0.015 0.58
3766 2575 500 10 625 0.015 0.58
1180 1391 500 10 625 0.015 0.6
1227 1453 500 10 625 0.015 0.6
2016 1711 500 10 625 0.015 0.6
1273 1513 500 10 625 0.015 0.6
801 1062 500 10 625 0.015 0.62
1681 1637 500 10 625 0.015 0.62
2361 2319 500 10 625 0.015 0.62
2477 2389 500 10 625 0.015 0.62
1292 1437 500 10 625 0.015 0.64
1260 1478 500 10 625 0.015 0.64
1219 1339 500 10 625 0.015 0.64
1649 1604 500 10 625 0.015 0.64
1418 1616 500 10 625 0.015 0.66
1155 1456 500 10 625 0.015 0.66
1366 1569 500 10 625 0.015 0.66
1377 1547 500 10 625 0.015 0.66
1055 1289 500 10 625 0.015 0.68
1047 1339 500 10 625 0.015 0.68
2787 2337 500 10 625 0.015 0.68
2771 2407 500 10 625 0.015 0.68
950 1190 500 10 625 0.015 0.7
1121 1379 500 10 625 0.015 0.7
1296 1539 500 10 625 0.015 0.7
1205 1508 500 10 625 0.015 0.7
24367 14497 500 10 625 0.02 0.5
24150 12740 500 10 625 0.02 0.5
27966 18251 500 10 625 0.02 0.5
115282 200000 500 10 625 0.02 0.5
6902 4922 500 10 625 0.02 0.52
5325 4282 500 10 625 0.02 0.52
8191 6370 500 10 625 0.02 0.52
7335 6016 500 10 625 0.02 0.52
14336 8403 500 10 625 0.02 0.54
9756 6874 500 10 625 0.02 0.54
10056 6687 500 10 625 0.02 0.54
18731 10868 500 10 625 0.02 0.54
8689 5444 500 10 625 0.02 0.56
10078 6431 500 10 625 0.02 0.56
8081 5524 500 10 625 0.02 0.56
13941 8152 500 10 625 0.02 0.56
5061 4179 500 10 625 0.02 0.58
19766 10044 500 10 625 0.02 0.58
20428 12064 500 10 625 0.02 0.58
16109 8788 500 10 625 0.02 0.58
5248 4572 500 10 625 0.02 0.6
5928 4885 500 10 625 0.02 0.6
7248 5934 500 10 625 0.02 0.6
4425 4067 500 10 625 0.02 0.6
3876 3773 500 10 625 0.02 0.62
4987 4329 500 10 625 0.02 0.62
4480 4160 500 10 625 0.02 0.62
5463 4735 500 10 625 0.02 0.62
4134 4001 500 10 625 0.02 0.64
3992 3808 500 10 625 0.02 0.64
8548 6909 500 10 625 0.02 0.64
4791 4427 500 10 625 0.02 0.64
3333 3201 500 10 625 0.02 0.66
5096 4320 500 10 625 0.02 0.66
8873 6348 500 10 625 0.02 0.66
5133 4851 500 10 625 0.02 0.66
5114 4771 500 10 625 0.02 0.68
3163 3338 500 10 625 0.02 0.68
5382 4480 500 10 625 0.02 0.68
8096 5347 500 10 625 0.02 0.68
1776 2125 500 10 625 0.02 0.7
3416 3494 500 10 625 0.02 0.7
5717 5213 500 10 625 0.02 0.7
4240 4114 500 10 625 0.02 0.7
3363 1875 500 15 375 0.01 0.5
3235 1922 500 15 375 0.01 0.5
4285 2273 500 15 375 0.01 0.5
5582 2738 500 15 375 0.01 0.5
4385 2249 500 15 375 0.01 0.52
4508 2387 500 15 375 0.01 0.52
5704 2783 500 15 375 0.01 0.52
3502 2022 500 15 375 0.01 0.52
1588 1199 500 15 375 0.01 0.54
1523 1270 500 15 375 0.01 0.54
2682 1689 500 15 375 0.01 0.54
1835 1304 500 15 375 0.01 0.54
1232 1072 500 15 375 0.01 0.56
1499 1224 500 15 375 0.01 0.56
1273 1100 500 15 375 0.01 0.56
2595 1798 500 15 375 0.01 0.56
932 872 500 15 375 0.01 0.58
1544 1203 500 15 375 0.01 0.58
2111 1406 500 15 375 0.01 0.58
1163 978 500 15 375 0.01 0.58
845 835 500 15 375 0.01 0.6
1058 1023 500 15 375 0.01 0.6
897 880 500 15 375 0.01 0.6
1281 1042 500 15 375 0.01 0.6
1103 1015 500 15 375 0.01 0.62
763 827 500 15 375 0.01 0.62
1388 1235 500 15 375 0.01 0.62
931 963 500 15 375 0.01 0.62
696 726 500 15 375 0.01 0.64
994 946 500 15 375 0.01 0.64
723 764 500 15 375 0.01 0.64
2408 1472 500 15 375 0.01 0.64
1615 1160 500 15 375 0.01 0.66
836 823 500 15 375 0.01 0.66
1093 1036 500 15 375 0.01 0.66
1665 1297 500 15 375 0.01 0.66
705 769 500 15 375 0.01 0.68
712 752 500 15 375 0.01 0.68
998 877 500 15 375 0.01 0.68
618 700 500 15 375 0.01 0.68
474 587 500 15 375 0.01 0.7
644 793 500 15 375 0.01 0.7
1453 1196 500 15 375 0.01 0.7
650 759 500 15 375 0.01 0.7
2607 1840 500 15 375 0.015 0.5
4744 2883 500 15 375 0.015 0.5
2972 2092 500 15 375 0.015 0.5
4883 2689 500 15 375 0.015 0.5
4721 2943 500 15 375 0.015 0.52
3603 2303 500 15 375 0.015 0.52
3589 2159 500 15 375 0.015 0.52
4762 2717 500 15 375 0.015 0.52
1376 1171 500 15 375 0.015 0.54
1844 1641 500 15 375 0.015 0.54
2315 1649 500 15 375 0.015 0.54
993 1072 500 15 375 0.015 0.54
1441 1338 500 15 375 0.015 0.56
1729 1510 500 15 375 0.015 0.56
2078 1606 500 15 375 0.015 0.56
1338 1354 500 15 375 0.015 0.56
1811 1574 500 15 375 0.015 0.58
1039 1143 500 15 375 0.015 0.58
1349 1396 500 15 375 0.015 0.58
1728 1402 500 15 375 0.015 0.58
696 822 500 15 375 0.015 0.6
775 876 500 15 375 0.015 0.6
594 754 500 15 375 0.015 0.6
1244 1161 500 15 375 0.015 0.6
639 785 500 15 375 0.015 0.62
1264 1256 500 15 375 0.015 0.62
1164 1162 500 15 375 0.015 0.62
763 862 500 15 375 0.015 0.62
769 923 500 15 375 0.015 0.64
824 1003 500 15 375 0.015 0.64
1028 1063 500 15 375 0.015 0.64
601 755 500 15 375 0.015 0.64
830 1007 500 15 375 0.015 0.66
903 995 500 15 375 0.015 0.66
1148 1089 500 15 375 0.015 0.66
1031 1107 500 15 375 0.015 0.66
538 706 500 15 375 0.015 0.68
624 807 500 15 375 0.015 0.68
634 769 500 15 375 0.015 0.68
693 892 500 15 375 0.015 0.68
488 639 500 15 375 0.015 0.7
755 950 500 15 375 0.015 0.7
1130 1187 500 15 375 0.015 0.7
696 941 500 15 375 0.015 0.7
9353 6265 500 15 375 0.02 0.5
6245 5107 500 15 375 0.02 0.5
9262 5973 500 15 375 0.02 0.5
6975 5310 500 15 375 0.02 0.5
5155 3974 500 15 375 0.02 0.52
8424 6204 500 15 375 0.02 0.52
12406 8130 500 15 375 0.02 0.52
7115 5602 500 15 375 0.02 0.52
2615 2521 500 15 375 0.02 0.54
2660 2702 500 15 375 0.02 0.54
1725 1862 500 15 375 0.02 0.54
3725 3257 500 15 375 0.02 0.54
2169 2369 500 15 375 0.02 0.56
1680 1724 500 15 375 0.02 0.56
3508 3328 500 15 375 0.02 0.56
1903 2154 500 15 375 0.02 0.56
2242 2416 500 15 375 0.02 0.58
5733 4203 500 15 375 0.02 0.58
4101 3273 500 15 375 0.02 0.58
6452 4779 500 15 375 0.02 0.58
2256 2446 500 15 375 0.02 0.6
2092 2228 500 15 375 0.02 0.6
3002 2915 500 15 375 0.02 0.6
2100 2289 500 15 375 0.02 0.6
1622 1817 500 15 375 0.02 0.62
1273 1552 500 15 375 0.02 0.62
3882 3436 500 15 375 0.02 0.62
1867 2177 500 15 375 0.02 0.62
1135 1384 500 15 375 0.02 0.64
1188 1435 500 15 375 0.02 0.64
2373 2377 500 15 375 0.02 0.64
1532 1842 500 15 375 0.02 0.64
1805 2048 500 15 375 0.02 0.66
1426 1617 500 15 375 0.02 0.66
1643 1881 500 15 375 0.02 0.66
2141 2329 500 15 375 0.02 0.66
1202 1463 500 15 375 0.02 0.68
1259 1550 500 15 375 0.02 0.68
2042 2266 500 15 375 0.02 0.68
2232 2698 500 15 375 0.02 0.68
1416 1556 500 15 375 0.02 0.7
939 1202 500 15 375 0.02 0.7
1632 1886 500 15 375 0.02 0.7
1332 1629 500 15 375 0.02 0.7
6537 2374 500 15 500 0.01 0.5
3387 1610 500 15 500 0.01 0.5
7999 2834 500 15 500 0.01 0.5
6019 2200 500 15 500 0.01 0.5
8222 2853 500 15 500 0.01 0.52
4878 2024 500 15 500 0.01 0.52
7453 2741 500 15 500 0.01 0.52
6109 2493 500 15 500 0.01 0.52
2089 1413 500 15 500 0.01 0.54
2088 1258 500 15 500 0.01 0.54
2521 1529 500 15 500 0.01 0.54
3380 1762 500 15 500 0.01 0.54
3509 1451 500 15 500 0.01 0.56
2852 1599 500 15 500 0.01 0.56
2411 1370 500 15 500 0.01 0.56
4026 1681 500 15 500 0.01 0.56
1678 1229 500 15 500 0.01 0.58
1937 1463 500 15 500 0.01 0.58
1706 1208 500 15 500 0.01 0.58
4567 2035 500 15 500 0.01 0.58
1294 1059 500 15 500 0.01 0.6
1389 1067 500 15 500 0.01 0.6
779 725 500 15 500 0.01 0.6
2711 1507 500 15 500 0.01 0.6
1117 912 500 15 500 0.01 0.62
1175 989 500 15 500 0.01 0.62
2363 1292 500 15 500 0.01 0.62
773 804 500 15 500 0.01 0.62
1097 986 500 15 500 0.01 0.64
643 698 500 15 500 0.01 0.64
1107 949 500 15 500 0.01 0.64
878 864 500 15 500 0.01 0.64
1272 995 500 15 500 0.01 0.66
1160 894 500 15 500 0.01 0.66
1232 1051 500 15 500 0.01 0.66
2004 1362 500 15 500 0.01 0.66
797 838 500 15 500 0.01 0.68
722 666 500 15 500 0.01 0.68
899 817 500 15 500 0.01 0.68
742 780 500 15 500 0.01 0.68
719 725 500 15 500 0.01 0.7
705 782 500 15 500 0.01 0.7
697 801 500 15 500 0.01 0.7
844 847 500 15 500 0.01 0.7
3773 1932 500 15 500 0.015 0.5
6363 2878 500 15 500 0.015 0.5
7646 3160 500 15 500 0.015 0.5
8223 3711 500 15 500 0.015 0.5
4656 2290 500 15 500 0.015 0.52
5463 2794 500 15 500 0.015 0.52
8529 3395 500 15 500 0.015 0.52
7692 3135 500 15 500 0.015 0.52
1544 1174 500 15 500 0.015 0.54
1715 1331 500 15 500 0.015 0.54
2793 1645 500 15 500 0.015 0.54
1091 1098 500 15 500 0.015 0.54
1009 930 500 15 500 0.015 0.56
1544 1452 500 15 500 0.015 0.56
2231 1571 500 15 500 0.015 0.56
1824 1510 500 15 500 0.015 0.56
1474 1182 500 15 500 0.015 0.58
1732 1337 500 15 500 0.015 0.58
1961 1458 500 15 500 0.015 0.58
1382 1259 500 15 500 0.015 0.58
1615 926 500 15 500 0.015 0.6
1369 822 500 15 500 0.015 0.6
1791 1024 500 15 500 0.015 0.6
1529 1076 500 15 500 0.015 0.6
1657 1250 500 15 500 0.015 0.62
949 973 500 15 500 0.015 0.62
922 999 500 15 500 0.015 0.62
1836 1404 500 15 500 0.015 0.62
635 752 500 15 500 0.015 0.64
662 800 500 15 500 0.015 0.64
1091 1048 500 15 500 0.015 0.64
1089 981 500 15 500 0.015 0.64
582 722 500 15 500 0.015 0.66
925 1039 500 15 500 0.015 0.66
934 967 500 15 500 0.015 0.66
1086 1043 500 15 500 0.015 0.66
577 673 500 15 500 0.015 0.68
775 881 500 15 500 0.015 0.68
820 944 500 15 500 0.015 0.68
550 682 500 15 500 0.015 0.68
847 941 500 15 500 0.015 0.7
615 741 500 15 500 0.015 0.7
765 792 500 15 500 0.015 0.7
811 865 500 15 500 0.015 0.7
5539 3615 500 15 500 0.02 0.5
11383 6025 500 15 500 0.02 0.5
21104 9587 500 15 500 0.02 0.5
6208 4418 500 15 500 0.02 0.5
11978 5736 500 15 500 0.02 0.52
9249 4640 500 15 500 0.02 0.52
8778 5089 500 15 500 0.02 0.52
14460 6666 500 15 500 0.02 0.52
3466 2127 500 15 500 0.02 0.54
4695 2664 500 15 500 0.02 0.54
6507 3265 500 15 500 0.02 0.54
3250 2296 500 15 500 0.02 0.54
3029 2575 500 15 500 0.02 0.56
2885 2622 500 15 500 0.02 0.56
4175 3166 500 15 500 0.02 0.56
2232 2141 500 15 500 0.02 0.56
3847 2542 500 15 500 0.02 0.58
3782 2532 500 15 500 0.02 0.58
4782 2966 500 15 500 0.02 0.58
6100 3968 500 15 500 0.02 0.58
2038 1942 500 15 500 0.02 0.6
2936 2534 500 15 500 0.02 0.6
3018 2804 500 15 500 0.02 0.6
3117 2668 500 15 500 0.02 0.6
1038 1218 500 15 500 0.02 0.62
3049 2525 500 15 500 0.02 0.62
2225 2111 500 15 500 0.02 0.62
1978 2004 500 15 500 0.02 0.62
2461 2073 500 15 500 0.02 0.64
1886 1915 500 15 500 0.02 0.64
2063 1834 500 15 500 0.02 0.64
2298 2148 500 15 500 0.02 0.64
1810 1875 500 15 500 0.02 0.66
1586 1663 500 15 500 0.02 0.66
1992 1954 500 15 500 0.02 0.66
1892 1797 500 15 500 0.02 0.66
1686 1861 500 15 500 0.02 0.68
1103 1320 500 15 500 0.02 0.68
2672 2389 500 15 500 0.02 0.68
1590 1931 500 15 500 0.02 0.68
3309 3057 500 15 500 0.02 0.7
940 1124 500 15 500 0.02 0.7
2880 2626 500 15 500 0.02 0.7
2363 2457 500 15 500 0.02 0.7
7021 2217 500 15 625 0.01 0.5
5438 1965 500 15 625 0.01 0.5
7699 2338 500 15 625 0.01 0.5
7661 2467 500 15 625 0.01 0.5
8137 2442 500 15 625 0.01 0.52
9006 2742 500 15 625 0.01 0.52
12038 3151 500 15 625 0.01 0.52
9989 2853 500 15 625 0.01 0.52
2792 1299 500 15 625 0.01 0.54
2461 1353 500 15 625 0.01 0.54
3269 1459 500 15 625 0.01 0.54
2077 1376 500 15 625 0.01 0.54
4285 1566 500 15 625 0.01 0.56
2805 1431 500 15 625 0.01 0.56
4830 1893 500 15 625 0.01 0.56
2525 1392 500 15 625 0.01 0.56
2075 1278 500 15 625 0.01 0.58
3836 1596 500 15 625 0.01 0.58
3165 1540 500 15 625 0.01 0.58
2786 1491 500 15 625 0.01 0.58
1308 1055 500 15 625 0.01 0.6
1083 941 500 15 625 0.01 0.6
2208 1180 500 15 625 0.01 0.6
1238 987 500 15 625 0.01 0.6
1582 1040 500 15 625 0.01 0.62
1218 1047 500 15 625 0.01 0.62
2747 1239 500 15 625 0.01 0.62
1147 954 500 15 625 0.01 0.62
1732 1117 500 15 625 0.01 0.64
1185 947 500 15 625 0.01 0.64
1100 893 500 15 625 0.01 0.64
2672 1357 500 15 625 0.01 0.64
1711 972 500 15 625 0.01 0.66
1761 1170 500 15 625 0.01 0.66
1535 975 500 15 625 0.01 0.66
2342 1086 500 15 625 0.01 0.66
756 686 500 15 625 0.01 0.68
1528 880 500 15 625 0.01 0.68
1691 1038 500 15 625 0.01 0.68
778 647 500 15 625 0.01 0.68
674 663 500 15 625 0.01 0.7
531 569 500 15 625 0.01 0.7
774 698 500 15 625 0.01 0.7
652 697 500 15 625 0.01 0.7
5473 2301 500 15 625 0.015 0.5
5009 2114 500 15 625 0.015 0.5
7825 2820 500 15 625 0.015 0.5
9346 3299 500 15 625 0.015 0.5
8512 3182 500 15 625 0.015 0.52
7049 2804 500 15 625 0.015 0.52
14390 4323 500 15 625 0.015 0.52
4004 1884 500 15 625 0.015 0.52
1823 1369 500 15 625 0.015 0.54
2348 1431 500 15 625 0.015 0.54
2193 1465 500 15 625 0.015 0.54
2319 1644 500 15 625 0.015 0.54
1231 1003 500 15 625 0.015 0.56
1787 1319 500 15 625 0.015 0.56
2025 1324 500 15 625 0.015 0.56
2752 1691 500 15 625 0.015 0.56
1994 1444 500 15 625 0.015 0.58
1493 1214 500 15 625 0.015 0.58
5439 2206 500 15 625 0.015 0.58
1619 1354 500 15 625 0.015 0.58
1008 923 500 15 625 0.015 0.6
931 972 500 15 625 0.015 0.6
3029 1545 500 15 625 0.015 0.6
675 787 500 15 625 0.015 0.6
984 912 500 15 625 0.015 0.62
785 857 500 15 625 0.015 0.62
969 912 500 15 625 0.015 0.62
833 803 500 15 625 0.015 0.62
959 945 500 15 625 0.015 0.64
1316 1172 500 15 625 0.015 0.64
1591 1278 500 15 625 0.015 0.64
1262 1129 500 15 625 0.015 0.64
628 712 500 15 625 0.015 0.66
2420 1601 500 15 625 0.015 0.66
2589 1796 500 15 625 0.015 0.66
915 1008 500 15 625 0.015 0.66
752 813 500 15 625 0.015 0.68
858 868 500 15 625 0.015 0.68
811 913 500 15 625 0.015 0.68
1223 1144 500 15 625 0.015 0.68
602 707 500 15 625 0.015 0.7
859 942 500 15 625 0.015 0.7
1457 1214 500 15 625 0.015 0.7
1101 987 500 15 625 0.015 0.7
18554 6920 500 15 625 0.02 0.5
5285 3059 500 15 625 0.02 0.5
18251 7383 500 15 625 0.02 0.5
20768 8336 500 15 625 0.02 0.5
11573 5228 500 15 625 0.02 0.52
18149 7724 500 15 625 0.02 0.52
12940 5440 500 15 625 0.02 0.52
20179 7657 500 15 625 0.02 0.52
3388 2414 500 15 625 0.02 0.54
1839 1777 500 15 625 0.02 0.54
3903 2826 500 15 625 0.02 0.54
13501 5421 500 15 625 0.02 0.54
2697 2199 500 15 625 0.02 0.56
2991 2436 500 15 625 0.02 0.56
5654 3795 500 15 625 0.02 0.56
2515 2087 500 15 625 0.02 0.56
3803 2669 500 15 625 0.02 0.58
3352 2452 500 15 625 0.02 0.58
4072 3097 500 15 625 0.02 0.58
3664 2678 500 15 625 0.02 0.58
2840 1945 500 15 625 0.02 0.6
2085 1714 500 15 625 0.02 0.6
7658 3659 500 15 625 0.02 0.6
1291 1408 500 15 625 0.02 0.6
1300 1383 500 15 625 0.02 0.62
1339 1263 500 15 625 0.02 0.62
1722 1646 500 15 625 0.02 0.62
1754 1680 500 15 625 0.02 0.62
1329 1338 500 15 625 0.02 0.64
1977 1871 500 15 625 0.02 0.64
2031 1859 500 15 625 0.02 0.64
4025 2706 500 15 625 0.02 0.64
1233 1278 500 15 625 0.02 0.66
4429 2763 500 15 625 0.02 0.66
3885 2955 500 15 625 0.02 0.66
2021 1781 500 15 625 0.02 0.66
1099 1222 500 15 625 0.02 0.68
1077 1188 500 15 625 0.02 0.68
1458 1445 500 15 625 0.02 0.68
1076 1212 500 15 625 0.02 0.68
1393 1434 500 15 625 0.02 0.7
1020 1160 500 15 625 0.02 0.7
1047 1145 500 15 625 0.02 0.7
2370 1947 500 15 625 0.02 0.7
5089 2443 500 20 375 0.01 0.5
4110 2098 500 20 375 0.01 0.5
6119 2848 500 20 375 0.01 0.5
4471 2208 500 20 375 0.01 0.5
5113 2500 500 20 375 0.01 0.52
2561 1473 500 20 375 0.01 0.52
4032 2097 500 20 375 0.01 0.52
4033 2125 500 20 375 0.01 0.52
3851 1981 500 20 375 0.01 0.54
4281 1966 500 20 375 0.01 0.54
6334 2596 500 20 375 0.01 0.54
3884 1981 500 20 375 0.01 0.54
2880 1649 500 20 375 0.01 0.56
3771 2023 500 20 375 0.01 0.56
1775 1277 500 20 375 0.01 0.56
5612 2612 500 20 375 0.01 0.56
1876 1136 500 20 375 0.01 0.58
3338 1719 500 20 375 0.01 0.58
2833 1406 500 20 375 0.01 0.58
2530 1395 500 20 375 0.01 0.58
1464 1096 500 20 375 0.01 0.6
1173 923 500 20 375 0.01 0.6
962 856 500 20 375 0.01 0.6
1690 1174 500 20 375 0.01 0.6
1240 958 500 20 375 0.01 0.62
1306 1064 500 20 375 0.01 0.62
1006 877 500 20 375 0.01 0.62
2005 1372 500 20 375 0.01 0.62
1499 1001 500 20 375 0.01 0.64
1096 929 500 20 375 0.01 0.64
1623 1049 500 20 375 0.01 0.64
1104 907 500 20 375 0.01 0.64
790 708 500 20 375 0.01 0.66
644 629 500 20 375 0.01 0.66
955 826 500 20 375 0.01 0.66
1695 1161 500 20 375 0.01 0.66
699 661 500 20 375 0.01 0.68
814 777 500 20 375 0.01 0.68
899 728 500 20 375 0.01 0.68
1121 879 500 20 375 0.01 0.68
941 624 500 20 375 0.01 0.7
821 558 500 20 375 0.01 0.7
1026 615 500 20 375 0.01 0.7
873 601 500 20 375 0.01 0.7
5226 2605 500 20 375 0.015 0.5
5201 2360 500 20 375 0.015 0.5
2994 1944 500 20 375 0.015 0.5
7939 3319 500 20 375 0.015 0.5
2040 1385 500 20 375 0.015 0.52
2519 1596 500 20 375 0.015 0.52
2532 1513 500 20 375 0.015 0.52
3756 2144 500 20 375 0.015 0.52
4147 2174 500 20 375 0.015 0.54
3326 1818 500 20 375 0.015 0.54
5540 2760 500 20 375 0.015 0.54
4520 2491 500 20 375 0.015 0.54
889 808 500 20 375 0.015 0.56
1637 1294 500 20 375 0.015 0.56
1407 1163 500 20 375 0.015 0.56
1219 1018 500 20 375 0.015 0.56
1200 920 500 20 375 0.015 0.58
1188 982 500 20 375 0.015 0.58
1059 919 500 20 375 0.015 0.58
1585 1141 500 20 375 0.015 0.58
963 901 500 20 375 0.015 0.6
650 620 500 20 375 0.015 0.6
769 753 500 20 375 0.015 0.6
1229 1014 500 20 375 0.015 0.6
962 936 500 20 375 0.015 0.62
1136 920 500 20 375 0.015 0.62
1124 935 500 20 375 0.015 0.62
1130 982 500 20 375 0.015 0.62
1247 714 500 20 375 0.015 0.64
1669 748 500 20 375 0.015 0.64
1443 765 500 20 375 0.015 0.64
1615 786 500 20 375 0.015 0.64
718 722 500 20 375 0.015 0.66
742 788 500 20 375 0.015 0.66
941 933 500 20 375 0.015 0.66
977 911 500 20 375 0.015 0.66
556 562 500 20 375 0.015 0.68
568 605 500 20 375 0.015 0.68
621 632 500 20 375 0.015 0.68
596 645 500 20 375 0.015 0.68
414 456 500 20 375 0.015 0.7
470 521 500 20 375 0.015 0.7
584 645 500 20 375 0.015 0.7
604 666 500 20 375 0.015 0.7
5448 3521 500 20 375 0.02 0.5
6341 4198 500 20 375 0.02 0.5
5482 3745 500 20 375 0.02 0.5
7746 4745 500 20 375 0.02 0.5
2165 1771 500 20 375 0.02 0.52
3209 2449 500 20 375 0.02 0.52
5042 3053 500 20 375 0.02 0.52
7546 4079 500 20 375 0.02 0.52
4320 2607 500 20 375 0.02 0.54
3036 2167 500 20 375 0.02 0.54
4584 2569 500 20 375 0.02 0.54
6760 3706 500 20 375 0.02 0.54
1590 1313 500 20 375 0.02 0.56
1987 1882 500 20 375 0.02 0.56
6074 3542 500 20 375 0.02 0.56
1336 1364 500 20 375 0.02 0.56
1252 1255 500 20 375 0.02 0.58
1724 1516 500 20 375 0.02 0.58
1907 1624 500 20 375 0.02 0.58
1788 1694 500 20 375 0.02 0.58
964 1017 500 20 375 0.02 0.6
1256 1311 500 20 375 0.02 0.6
2843 1943 500 20 375 0.02 0.6
936 959 500 20 375 0.02 0.6
1190 1170 500 20 375 0.02 0.62
712 755 500 20 375 0.02 0.62
1490 1411 500 20 375 0.02 0.62
675 743 500 20 375 0.02 0.62
930 965 500 20 375 0.02 0.64
687 759 500 20 375 0.02 0.64
2814 1957 500 20 375 0.02 0.64
1105 1192 500 20 375 0.02 0.64
925 939 500 20 375 0.02 0.66
616 673 500 20 375 0.02 0.66
693 764 500 20 375 0.02 0.66
2612 1881 500 20 375 0.02 0.66
1056 1102 500 20 375 0.02 0.68
1026 1033 500 20 375 0.02 0.68
2733 1966 500 20 375 0.02 0.68
731 839 500 20 375 0.02 0.68
901 952 500 20 375 0.02 0.7
676 764 500 20 375 0.02 0.7
1119 1128 500 20 375 0.02 0.7
1738 1741 500 20 375 0.02 0.7
7518 2646 500 20 500 0.01 0.5
7528 2583 500 20 500 0.01 0.5
7606 2739 500 20 500 0.01 0.5
12406 3817 500 20 500 0.01 0.5
4811 1859 500 20 500 0.01 0.52
5026 2085 500 20 500 0.01 0.52
8850 2794 500 20 500 0.01 0.52
2917 1518 500 20 500 0.01 0.52
4254 1833 500 20 500 0.01 0.54
6348 2437 500 20 500 0.01 0.54
6722 2440 500 20 500 0.01 0.54
6649 2442 500 20 500 0.01 0.54
2172 1237 500 20 500 0.01 0.56
1788 1197 500 20 500 0.01 0.56
1551 971 500 20 500 0.01 0.56
4183 1773 500 20 500 0.01 0.56
2625 1434 500 20 500 0.01 0.58
2140 1166 500 20 500 0.01 0.58
2486 1278 500 20 500 0.01 0.58
3697 1756 500 20 500 0.01 0.58
660 605 500 20 500 0.01 0.6
1291 896 500 20 500 0.01 0.6
2787 1358 500 20 500 0.01 0.6
1109 958 500 20 500 0.01 0.6
1449 937 500 20 500 0.01 0.62
1677 1098 500 20 500 0.01 0.62
2391 1238 500 20 500 0.01 0.62
2340 1237 500 20 500 0.01 0.62
1183 872 500 20 500 0.01 0.64
1136 891 500 20 500 0.01 0.64
3091 1430 500 20 500 0.01 0.64
1106 898 500 20 500 0.01 0.64
996 729 500 20 500 0.01 0.66
1003 759 500 20 500 0.01 0.66
1474 999 500 20 500 0.01 0.66
990 781 500 20 500 0.01 0.66
1590 978 500 20 500 0.01 0.68
1691 1052 500 20 500 0.01 0.68
1183 847 500 20 500 0.01 0.68
2918 1179 500 20 500 0.01 0.68
654 577 500 20 500 0.01 0.7
531 531 500 20 500 0.01 0.7
510 517 500 20 500 0.01 0.7
720 610 500 20 500 0.01 0.7
4664 2144 500 20 500 0.015 0.5
5837 2409 500 20 500 0.015 0.5
7259 2808 500 20 500 0.015 0.5
5294 2214 500 20 500 0.015 0.5
1880 1224 500 20 500 0.015 0.52
3375 1524 500 20 500 0.015 0.52
3998 1919 500 20 500 0.015 0.52
4288 1997 500 20 500 0.015 0.52
4519 1668 500 20 500 0.015 0.54
2480 1299 500 20 500 0.015 0.54
7992 2450 500 20 500 0.015 0.54
5403 2277 500 20 500 0.015 0.54
1201 895 500 20 500 0.015 0.56
1178 885 500 20 500 0.015 0.56
1412 1044 500 20 500 0.015 0.56
2732 1423 500 20 500 0.015 0.56
2718 1364 500 20 500 0.015 0.58
1965 1167 500 20 500 0.015 0.58
3538 1784 500 20 500 0.015 0.58
2662 1435 500 20 500 0.015 0.58
673 640 500 20 500 0.015 0.6
831 760 500 20 500 0.015 0.6
1305 872 500 20 500 0.015 0.6
743 735 500 20 500 0.015 0.6
579 564 500 20 500 0.015 0.62
1257 948 500 20 500 0.015 0.62
1020 808 500 20 500 0.015 0.62
1176 969 500 20 500 0.015 0.62
1112 827 500 20 500 0.015 0.64
646 596 500 20 500 0.015 0.64
748 718 500 20 500 0.015 0.64
1890 1086 500 20 500 0.015 0.64
816 732 500 20 500 0.015 0.66
781 699 500 20 500 0.015 0.66
1126 970 500 20 500 0.015 0.66
694 702 500 20 500 0.015 0.66
634 620 500 20 500 0.015 0.68
814 732 500 20 500 0.015 0.68
511 532 500 20 500 0.015 0.68
2011 1142 500 20 500 0.015 0.68
675 657 500 20 500 0.015 0.7
542 507 500 20 500 0.015 0.7
698 674 500 20 500 0.015 0.7
574 584 500 20 500 0.015 0.7
6171 3351 500 20 500 0.02 0.5
6340 3721 500 20 500 0.02 0.5
168496 200000 500 20 500 0.02 0.5
6440 3787 500 20 500 0.02 0.5
5481 2891 500 20 500 0.02 0.52
2965 1957 500 20 500 0.02 0.52
8959 3797 500 20 500 0.02 0.52
5164 2973 500 20 500 0.02 0.52
2701 1924 500 20 500 0.02 0.54
3582 2355 500 20 500 0.02 0.54
3698 2311 500 20 500 0.02 0.54
6470 3238 500 20 500 0.02 0.54
2148 1720 500 20 500 0.02 0.56
1892 1471 500 20 500 0.02 0.56
1991 1631 500 20 500 0.02 0.56
2329 1842 500 20 500 0.02 0.56
1126 995 500 20 500 0.02 0.58
1527 1146 500 20 500 0.02 0.58
1261 1080 500 20 500 0.02 0.58
4471 2673 500 20 500 0.02 0.58
1788 1054 500 20 500 0.02 0.6
1535 945 500 20 500 0.02 0.6
2981 1602 500 20 500 0.02 0.6
1196 1086 500 20 500 0.02 0.6
1257 1176 500 20 500 0.02 0.62
1089 1034 500 20 500 0.02 0.62
1056 1019 500 20 500 0.02 0.62
2133 1656 500 20 500 0.02 0.62
784 780 500 20 500 0.02 0.64
1490 1424 500 20 500 0.02 0.64
2648 2052 500 20 500 0.02 0.64
1271 1263 500 20 500 0.02 0.64
2061 894 500 20 500 0.02 0.66
1950 949 500 20 500 0.02 0.66
2971 1237 500 20 500 0.02 0.66
1234 689 500 20 500 0.02 0.66
953 969 500 20 500 0.02 0.68
1016 935 500 20 500 0.02 0.68
838 839 500 20 500 0.02 0.68
1970 1632 500 20 500 0.02 0.68
654 697 500 20 500 0.02 0.7
711 751 500 20 500 0.02 0.7
1554 1451 500 20 500 0.02 0.7
1123 1164 500 20 500 0.02 0.7
11165 2743 500 20 625 0.01 0.5
21005 4581 500 20 625 0.01 0.5
18736 4069 500 20 625 0.01 0.5
15565 3467 500 20 625 0.01 0.5
6033 1950 500 20 625 0.01 0.52
8875 2603 500 20 625 0.01 0.52
9521 2536 500 20 625 0.01 0.52
6499 1982 500 20 625 0.01 0.52
8319 2421 500 20 625 0.01 0.54
8205 2231 500 20 625 0.01 0.54
10983 2868 500 20 625 0.01 0.54
9027 2645 500 20 625 0.01 0.54
1734 1048 500 20 625 0.01 0.56
2802 1339 500 20 625 0.01 0.56
6764 2040 500 20 625 0.01 0.56
5112 1791 500 20 625 0.01 0.56
3080 1453 500 20 625 0.01 0.58
3261 1396 500 20 625 0.01 0.58
5759 1713 500 20 625 0.01 0.58
2124 1109 500 20 625 0.01 0.58
2734 1203 500 20 625 0.01 0.6
1838 1041 500 20 625 0.01 0.6
1768 1034 500 20 625 0.01 0.6
3935 1363 500 20 625 0.01 0.6
1449 903 500 20 625 0.01 0.62
3014 1177 500 20 625 0.01 0.62
2256 1140 500 20 625 0.01 0.62
4270 1474 500 20 625 0.01 0.62
1130 876 500 20 625 0.01 0.64
1784 969 500 20 625 0.01 0.64
2384 1188 500 20 625 0.01 0.64
3150 1322 500 20 625 0.01 0.64
1408 781 500 20 625 0.01 0.66
978 733 500 20 625 0.01 0.66
827 668 500 20 625 0.01 0.66
1870 975 500 20 625 0.01 0.66
870 696 500 20 625 0.01 0.68
987 739 500 20 625 0.01 0.68
1285 870 500 20 625 0.01 0.68
1209 723 500 20 625 0.01 0.68
648 522 500 20 625 0.01 0.7
468 467 500 20 625 0.01 0.7
630 545 500 20 625 0.01 0.7
1610 891 500 20 625 0.01 0.7
4926 1650 500 20 625 0.015 0.5
9641 2482 500 20 625 0.015 0.5
11848 2943 500 20 625 0.015 0.5
8634 2579 500 20 625 0.015 0.5
5462 1904 500 20 625 0.015 0.52
3596 1614 500 20 625 0.015 0.52
6001 2199 500 20 625 0.015 0.52
5950 2317 500 20 625 0.015 0.52
2863 1448 500 20 625 0.015 0.54
5692 1930 500 20 625 0.015 0.54
3849 1629 500 20 625 0.015 0.54
4828 1946 500 20 625 0.015 0.54
1582 946 500 20 625 0.015 0.56
1981 1146 500 20 625 0.015 0.56
999 815 500 20 625 0.015 0.56
2748 1081 500 20 625 0.015 0.56
1728 1143 500 20 625 0.015 0.58
1965 1147 500 20 625 0.015 0.58
2642 1269 500 20 625 0.015 0.58
1423 920 500 20 625 0.015 0.58
943 713 500 20 625 0.015 0.6
1337 986 500 20 625 0.015 0.6
933 738 500 20 625 0.015 0.6
1483 1050 500 20 625 0.015 0.6
882 716 500 20 625 0.015 0.62
1732 1160 500 20 625 0.015 0.62
1200 899 500 20 625 0.015 0.62
2041 966 500 20 625 0.015 0.62
951 793 500 20 625 0.015 0.64
1137 903 500 20 625 0.015 0.64
2262 1179 500 20 625 0.015 0.64
2549 1291 500 20 625 0.015 0.64
643 613 500 20 625 0.015 0.66
668 607 500 20 625 0.015 0.66
744 641 500 20 625 0.015 0.66
629 608 500 20 625 0.015 0.66
1035 808 500 20 625 0.015 0.68
649 623 500 20 625 0.015 0.68
937 740 500 20 625 0.015 0.68
1154 974 500 20 625 0.015 0.68
870 772 500 20 625 0.015 0.7
410 421 500 20 625 0.015 0.7
878 776 500 20 625 0.015 0.7
743 699 500 20 625 0.015 0.7
10342 4097 500 20 625 0.02 0.5
11429 4818 500 20 625 0.02 0.5
15893 6165 500 20 625 0.02 0.5
10313 4735 500 20 625 0.02 0.5
4249 2216 500 20 625 0.02 0.52
3573 1979 500 20 625 0.02 0.52
3660 2071 500 20 625 0.02 0.52
6910 3249 500 20 625 0.02 0.52
3915 2164 500 20 625 0.02 0.54
5125 2626 500 20 625 0.02 0.54
6104 2984 500 20 625 0.02 0.54
5242 2615 500 20 625 0.02 0.54
1097 936 500 20 625 0.02 0.56
1942 1460 500 20 625 0.02 0.56
2846 1833 500 20 625 0.02 0.56
1603 1342 500 20 625 0.02 0.56
1965 1312 500 20 625 0.02 0.58
3246 2038 500 20 625 0.02 0.58
2374 1644 500 20 625 0.02 0.58
3214 2030 500 20 625 0.02 0.58
1430 1266 500 20 625 0.02 0.6
1234 1097 500 20 625 0.02 0.6
2087 1467 500 20 625 0.02 0.6
974 967 500 20 625 0.02 0.6
1033 962 500 20 625 0.02 0.62
1171 959 500 20 625 0.02 0.62
1421 1252 500 20 625 0.02 0.62
1118 1053 500 20 625 0.02 0.62
813 789 500 20 625 0.02 0.64
1643 1428 500 20 625 0.02 0.64
1041 952 500 20 625 0.02 0.64
1487 1223 500 20 625 0.02 0.64
852 803 500 20 625 0.02 0.66
1221 1101 500 20 625 0.02 0.66
1398 1260 500 20 625 0.02 0.66
1342 1213 500 20 625 0.02 0.66
1022 987 500 20 625 0.02 0.68
755 742 500 20 625 0.02 0.68
1506 1245 500 20 625 0.02 0.68
1330 1217 500 20 625 0.02 0.68
922 885 500 20 625 0.02 0.7
878 867 500 20 625 0.02 0.7
1048 990 500 20 625 0.02 0.7
1027 965 500 20 625 0.02 0.7
