12133 8631 600 5 450 0.01 0.5
6326 5066 600 5 450 0.01 0.5
13203 8809 600 5 450 0.01 0.5
17837 11659 600 5 450 0.01 0.5
10976 7883 600 5 450 0.01 0.52
11401 8224 600 5 450 0.01 0.52
10336 8214 600 5 450 0.01 0.52
12223 8627 600 5 450 0.01 0.52
13521 8536 600 5 450 0.01 0.54
9711 7230 600 5 450 0.01 0.54
11782 8678 600 5 450 0.01 0.54
12253 8163 600 5 450 0.01 0.54
7661 5917 600 5 450 0.01 0.56
12092 8494 600 5 450 0.01 0.56
23135 14008 600 5 450 0.01 0.56
9474 7504 600 5 450 0.01 0.56
11657 8318 600 5 450 0.01 0.58
12241 8366 600 5 450 0.01 0.58
9132 7038 600 5 450 0.01 0.58
15273 9321 600 5 450 0.01 0.58
2232 3000 600 5 450 0.01 0.6
1928 2724 600 5 450 0.01 0.6
2990 3578 600 5 450 0.01 0.6
2818 3740 600 5 450 0.01 0.6
2977 3512 600 5 450 0.01 0.62
2123 2793 600 5 450 0.01 0.62
3684 3847 600 5 450 0.01 0.62
1855 2672 600 5 450 0.01 0.62
2400 3121 600 5 450 0.01 0.64
2464 3188 600 5 450 0.01 0.64
3470 4251 600 5 450 0.01 0.64
2307 3166 600 5 450 0.01 0.64
1764 2495 600 5 450 0.01 0.66
3046 3858 600 5 450 0.01 0.66
2887 3502 600 5 450 0.01 0.66
4150 5245 600 5 450 0.01 0.66
2297 3062 600 5 450 0.01 0.68
2371 3294 600 5 450 0.01 0.68
4255 5037 600 5 450 0.01 0.68
2415 3360 600 5 450 0.01 0.68
2087 2764 600 5 450 0.01 0.7
1836 2578 600 5 450 0.01 0.7
2041 2855 600 5 450 0.01 0.7
2100 2946 600 5 450 0.01 0.7
23985 21802 600 5 450 0.015 0.5
28904 23595 600 5 450 0.015 0.5
36565 28079 600 5 450 0.015 0.5
30612 26329 600 5 450 0.015 0.5
33320 27412 600 5 450 0.015 0.52
31038 24587 600 5 450 0.015 0.52
40867 29867 600 5 450 0.015 0.52
34506 27856 600 5 450 0.015 0.52
22418 19435 600 5 450 0.015 0.54
36966 30276 600 5 450 0.015 0.54
40997 29709 600 5 450 0.015 0.54
36408 30258 600 5 450 0.015 0.54
30167 25068 600 5 450 0.015 0.56
30692 25430 600 5 450 0.015 0.56
31925 26627 600 5 450 0.015 0.56
36733 30548 600 5 450 0.015 0.56
35547 29595 600 5 450 0.015 0.58
28971 23729 600 5 450 0.015 0.58
40446 30075 600 5 450 0.015 0.58
31893 28216 600 5 450 0.015 0.58
15641 15859 600 5 450 0.015 0.6
9001 10918 600 5 450 0.015 0.6
13530 12970 600 5 450 0.015 0.6
11594 12215 600 5 450 0.015 0.6
16268 16338 600 5 450 0.015 0.62
9370 11255 600 5 450 0.015 0.62
10948 12561 600 5 450 0.015 0.62
17281 19104 600 5 450 0.015 0.62
12261 13411 600 5 450 0.015 0.64
12683 14558 600 5 450 0.015 0.64
12677 13672 600 5 450 0.015 0.64
17786 18967 600 5 450 0.015 0.64
7675 9379 600 5 450 0.015 0.66
8016 9495 600 5 450 0.015 0.66
9812 10592 600 5 450 0.015 0.66
13931 13434 600 5 450 0.015 0.66
15938 16349 600 5 450 0.015 0.68
10811 11957 600 5 450 0.015 0.68
14548 14146 600 5 450 0.015 0.68
16696 16085 600 5 450 0.015 0.68
6956 8725 600 5 450 0.015 0.7
9006 10538 600 5 450 0.015 0.7
10368 11273 600 5 450 0.015 0.7
14263 14689 600 5 450 0.015 0.7
89426 84828 600 5 450 0.02 0.5
113314 91789 600 5 450 0.02 0.5
81316 73981 600 5 450 0.02 0.5
128830 104084 600 5 450 0.02 0.5
108142 87535 600 5 450 0.02 0.52
95009 79557 600 5 450 0.02 0.52
150342 119220 600 5 450 0.02 0.52
82604 72286 600 5 450 0.02 0.52
132078 106290 600 5 450 0.02 0.54
94300 91874 600 5 450 0.02 0.54
181743 154182 600 5 450 0.02 0.54
147393 139384 600 5 450 0.02 0.54
104856 90752 600 5 450 0.02 0.56
70462 63982 600 5 450 0.02 0.56
92635 78327 600 5 450 0.02 0.56
112901 94735 600 5 450 0.02 0.56
132251 117466 600 5 450 0.02 0.58
61905 60608 600 5 450 0.02 0.58
137827 117417 600 5 450 0.02 0.58
66693 62637 600 5 450 0.02 0.58
37910 43727 600 5 450 0.02 0.6
76076 73823 600 5 450 0.02 0.6
81292 85477 600 5 450 0.02 0.6
62921 65806 600 5 450 0.02 0.6
94382 90978 600 5 450 0.02 0.62
65913 70325 600 5 450 0.02 0.62
128791 119150 600 5 450 0.02 0.62
64017 67461 600 5 450 0.02 0.62
35779 38009 600 5 450 0.02 0.64
56576 57706 600 5 450 0.02 0.64
67574 65656 600 5 450 0.02 0.64
60593 62099 600 5 450 0.02 0.64
36572 43891 600 5 450 0.02 0.66
68055 70796 600 5 450 0.02 0.66
60401 62038 600 5 450 0.02 0.66
92523 96043 600 5 450 0.02 0.66
52588 54997 600 5 450 0.02 0.68
58615 64995 600 5 450 0.02 0.68
62478 67232 600 5 450 0.02 0.68
80259 81341 600 5 450 0.02 0.68
84131 80670 600 5 450 0.02 0.7
77229 76730 600 5 450 0.02 0.7
94000 87791 600 5 450 0.02 0.7
70031 73624 600 5 450 0.02 0.7
9152 6132 600 5 600 0.01 0.5
18415 9599 600 5 600 0.01 0.5
15542 8037 600 5 600 0.01 0.5
13453 8213 600 5 600 0.01 0.5
14954 8396 600 5 600 0.01 0.52
14045 8035 600 5 600 0.01 0.52
19373 8753 600 5 600 0.01 0.52
17848 8557 600 5 600 0.01 0.52
21832 10106 600 5 600 0.01 0.54
15371 8404 600 5 600 0.01 0.54
15166 7493 600 5 600 0.01 0.54
23709 10341 600 5 600 0.01 0.54
19630 10143 600 5 600 0.01 0.56
19682 9564 600 5 600 0.01 0.56
19323 9647 600 5 600 0.01 0.56
26663 11197 600 5 600 0.01 0.56
18801 8950 600 5 600 0.01 0.58
18828 9377 600 5 600 0.01 0.58
21672 10140 600 5 600 0.01 0.58
16055 9250 600 5 600 0.01 0.58
2145 2668 600 5 600 0.01 0.6
2720 3092 600 5 600 0.01 0.6
1881 2381 600 5 600 0.01 0.6
4275 4056 600 5 600 0.01 0.6
2921 3161 600 5 600 0.01 0.62
2278 2780 600 5 600 0.01 0.62
2583 3053 600 5 600 0.01 0.62
3009 3119 600 5 600 0.01 0.62
2953 3175 600 5 600 0.01 0.64
2065 2578 600 5 600 0.01 0.64
3443 3603 600 5 600 0.01 0.64
2573 3103 600 5 600 0.01 0.64
2211 2686 600 5 600 0.01 0.66
2144 2606 600 5 600 0.01 0.66
2478 2791 600 5 600 0.01 0.66
2136 2717 600 5 600 0.01 0.66
2821 2689 600 5 600 0.01 0.68
3241 3201 600 5 600 0.01 0.68
3952 3596 600 5 600 0.01 0.68
2277 2328 600 5 600 0.01 0.68
2443 2843 600 5 600 0.01 0.7
2102 2631 600 5 600 0.01 0.7
3190 3269 600 5 600 0.01 0.7
2694 3135 600 5 600 0.01 0.7
39857 26670 600 5 600 0.015 0.5
37185 23610 600 5 600 0.015 0.5
53315 27992 600 5 600 0.015 0.5
39430 23773 600 5 600 0.015 0.5
47403 27873 600 5 600 0.015 0.52
52692 28253 600 5 600 0.015 0.52
46305 28241 600 5 600 0.015 0.52
68835 33709 600 5 600 0.015 0.52
40044 25293 600 5 600 0.015 0.54
53418 31278 600 5 600 0.015 0.54
48024 28672 600 5 600 0.015 0.54
47966 26763 600 5 600 0.015 0.54
36904 24086 600 5 600 0.015 0.56
33821 22857 600 5 600 0.015 0.56
55614 30890 600 5 600 0.015 0.56
68727 37113 600 5 600 0.015 0.56
41538 26605 600 5 600 0.015 0.58
44982 29043 600 5 600 0.015 0.58
75593 38478 600 5 600 0.015 0.58
51131 32057 600 5 600 0.015 0.58
11537 9633 600 5 600 0.015 0.6
9443 9426 600 5 600 0.015 0.6
11437 11084 600 5 600 0.015 0.6
13962 12343 600 5 600 0.015 0.6
16751 14002 600 5 600 0.015 0.62
13116 11364 600 5 600 0.015 0.62
11626 10004 600 5 600 0.015 0.62
20130 14064 600 5 600 0.015 0.62
19285 16724 600 5 600 0.015 0.64
13025 12543 600 5 600 0.015 0.64
20429 15223 600 5 600 0.015 0.64
17554 14332 600 5 600 0.015 0.64
10791 10353 600 5 600 0.015 0.66
12644 11830 600 5 600 0.015 0.66
11044 10868 600 5 600 0.015 0.66
18255 16896 600 5 600 0.015 0.66
12139 10551 600 5 600 0.015 0.68
9721 8808 600 5 600 0.015 0.68
17623 14483 600 5 600 0.015 0.68
10243 9773 600 5 600 0.015 0.68
15756 13978 600 5 600 0.015 0.7
9771 9599 600 5 600 0.015 0.7
17780 13323 600 5 600 0.015 0.7
19941 16471 600 5 600 0.015 0.7
153780 103486 600 5 600 0.02 0.5
118347 85399 600 5 600 0.02 0.5
240584 140661 600 5 600 0.02 0.5
163837 107039 600 5 600 0.02 0.5
197446 116165 600 5 600 0.02 0.52
145630 88125 600 5 600 0.02 0.52
233461 145259 600 5 600 0.02 0.52
239012 142534 600 5 600 0.02 0.52
175372 117432 600 5 600 0.02 0.54
130161 80109 600 5 600 0.02 0.54
198840 124450 600 5 600 0.02 0.54
113182 81159 600 5 600 0.02 0.54
154007 108548 600 5 600 0.02 0.56
117316 88422 600 5 600 0.02 0.56
234622 156715 600 5 600 0.02 0.56
108468 84753 600 5 600 0.02 0.56
108261 80175 600 5 600 0.02 0.58
133626 92211 600 5 600 0.02 0.58
141298 90440 600 5 600 0.02 0.58
198915 126716 600 5 600 0.02 0.58
86521 69568 600 5 600 0.02 0.6
63682 52182 600 5 600 0.02 0.6
86635 64961 600 5 600 0.02 0.6
83406 60427 600 5 600 0.02 0.6
80162 58881 600 5 600 0.02 0.62
52359 37133 600 5 600 0.02 0.62
111328 78957 600 5 600 0.02 0.62
108280 73084 600 5 600 0.02 0.62
84196 61233 600 5 600 0.02 0.64
163802 102218 600 5 600 0.02 0.64
131173 96942 600 5 600 0.02 0.64
135040 100231 600 5 600 0.02 0.64
95065 70393 600 5 600 0.02 0.66
61153 52717 600 5 600 0.02 0.66
91946 71137 600 5 600 0.02 0.66
91037 64074 600 5 600 0.02 0.66
78417 61322 600 5 600 0.02 0.68
75116 62422 600 5 600 0.02 0.68
137854 101676 600 5 600 0.02 0.68
38594 31702 600 5 600 0.02 0.68
98344 72955 600 5 600 0.02 0.7
71501 59364 600 5 600 0.02 0.7
86515 69172 600 5 600 0.02 0.7
103814 76079 600 5 600 0.02 0.7
23675 9306 600 5 750 0.01 0.5
24217 9300 600 5 750 0.01 0.5
38003 13182 600 5 750 0.01 0.5
27920 9908 600 5 750 0.01 0.5
15471 6746 600 5 750 0.01 0.52
35666 11302 600 5 750 0.01 0.52
24196 10407 600 5 750 0.01 0.52
28786 11515 600 5 750 0.01 0.52
26553 9983 600 5 750 0.01 0.54
21281 8752 600 5 750 0.01 0.54
19369 8737 600 5 750 0.01 0.54
36041 12462 600 5 750 0.01 0.54
30240 10650 600 5 750 0.01 0.56
22242 8693 600 5 750 0.01 0.56
25316 9780 600 5 750 0.01 0.56
29320 10103 600 5 750 0.01 0.56
26425 9858 600 5 750 0.01 0.58
22079 7811 600 5 750 0.01 0.58
33312 10710 600 5 750 0.01 0.58
31325 10896 600 5 750 0.01 0.58
2610 2722 600 5 750 0.01 0.6
2720 2858 600 5 750 0.01 0.6
6046 5016 600 5 750 0.01 0.6
5256 4167 600 5 750 0.01 0.6
3160 3040 600 5 750 0.01 0.62
2439 2564 600 5 750 0.01 0.62
2867 2938 600 5 750 0.01 0.62
2791 2812 600 5 750 0.01 0.62
2757 2872 600 5 750 0.01 0.64
2474 2683 600 5 750 0.01 0.64
3931 3616 600 5 750 0.01 0.64
4022 3753 600 5 750 0.01 0.64
2793 2931 600 5 750 0.01 0.66
4199 3659 600 5 750 0.01 0.66
3733 3377 600 5 750 0.01 0.66
4858 4214 600 5 750 0.01 0.66
2610 2728 600 5 750 0.01 0.68
2527 2755 600 5 750 0.01 0.68
2969 2907 600 5 750 0.01 0.68
4512 3919 600 5 750 0.01 0.68
2693 2746 600 5 750 0.01 0.7
1983 2241 600 5 750 0.01 0.7
3572 3512 600 5 750 0.01 0.7
4874 4429 600 5 750 0.01 0.7
84093 36738 600 5 750 0.015 0.5
78799 32108 600 5 750 0.015 0.5
91237 35211 600 5 750 0.015 0.5
91044 35484 600 5 750 0.015 0.5
53863 26012 600 5 750 0.015 0.52
78422 39818 600 5 750 0.015 0.52
65158 30513 600 5 750 0.015 0.52
68922 33142 600 5 750 0.015 0.52
63495 29953 600 5 750 0.015 0.54
33959 17375 600 5 750 0.015 0.54
55927 24747 600 5 750 0.015 0.54
66795 28082 600 5 750 0.015 0.54
51440 23343 600 5 750 0.015 0.56
34059 19453 600 5 750 0.015 0.56
75927 30648 600 5 750 0.015 0.56
71931 31800 600 5 750 0.015 0.56
73359 35036 600 5 750 0.015 0.58
68708 33343 600 5 750 0.015 0.58
100838 43566 600 5 750 0.015 0.58
99824 42635 600 5 750 0.015 0.58
17907 11897 600 5 750 0.015 0.6
16718 11106 600 5 750 0.015 0.6
22511 14477 600 5 750 0.015 0.6
24041 14794 600 5 750 0.015 0.6
22394 14599 600 5 750 0.015 0.62
8048 7343 600 5 750 0.015 0.62
22982 14798 600 5 750 0.015 0.62
23907 14572 600 5 750 0.015 0.62
17533 12364 600 5 750 0.015 0.64
13030 9215 600 5 750 0.015 0.64
15222 10176 600 5 750 0.015 0.64
27742 15865 600 5 750 0.015 0.64
18921 12499 600 5 750 0.015 0.66
17082 11998 600 5 750 0.015 0.66
19291 12849 600 5 750 0.015 0.66
25165 16188 600 5 750 0.015 0.66
21487 13919 600 5 750 0.015 0.68
10574 9067 600 5 750 0.015 0.68
8691 7551 600 5 750 0.015 0.68
23986 15253 600 5 750 0.015 0.68
8408 7376 600 5 750 0.015 0.7
12383 9880 600 5 750 0.015 0.7
16077 12015 600 5 750 0.015 0.7
23746 14640 600 5 750 0.015 0.7
120455 65443 600 5 750 0.02 0.5
267248 125517 600 5 750 0.02 0.5
367684 164929 600 5 750 0.02 0.5
186461 109238 600 5 750 0.02 0.5
204581 101805 600 5 750 0.02 0.52
199884 106985 600 5 750 0.02 0.52
169997 88114 600 5 750 0.02 0.52
261347 129225 600 5 750 0.02 0.52
163785 86936 600 5 750 0.02 0.54
168138 88647 600 5 750 0.02 0.54
233363 116573 600 5 750 0.02 0.54
232190 111717 600 5 750 0.02 0.54
152977 89092 600 5 750 0.02 0.56
120207 74347 600 5 750 0.02 0.56
182265 91340 600 5 750 0.02 0.56
269859 128316 600 5 750 0.02 0.56
235881 129750 600 5 750 0.02 0.58
255511 117525 600 5 750 0.02 0.58
249575 127400 600 5 750 0.02 0.58
334208 155663 600 5 750 0.02 0.58
99791 54131 600 5 750 0.02 0.6
74680 53049 600 5 750 0.02 0.6
71259 48930 600 5 750 0.02 0.6
167655 90760 600 5 750 0.02 0.6
74508 46894 600 5 750 0.02 0.62
116446 75982 600 5 750 0.02 0.62
110799 66519 600 5 750 0.02 0.62
132725 72606 600 5 750 0.02 0.62
66483 42448 600 5 750 0.02 0.64
127256 67518 600 5 750 0.02 0.64
136936 78793 600 5 750 0.02 0.64
125561 72033 600 5 750 0.02 0.64
115318 70437 600 5 750 0.02 0.66
86403 50655 600 5 750 0.02 0.66
113562 63918 600 5 750 0.02 0.66
120725 67764 600 5 750 0.02 0.66
68093 42591 600 5 750 0.02 0.68
128045 78675 600 5 750 0.02 0.68
84213 46577 600 5 750 0.02 0.68
147837 82436 600 5 750 0.02 0.68
129857 72158 600 5 750 0.02 0.7
126159 68818 600 5 750 0.02 0.7
229386 107579 600 5 750 0.02 0.7
110577 62454 600 5 750 0.02 0.7
9352 4350 600 10 450 0.01 0.5
9762 4612 600 10 450 0.01 0.5
11479 5045 600 10 450 0.01 0.5
7867 3987 600 10 450 0.01 0.5
2224 1763 600 10 450 0.01 0.52
1888 1637 600 10 450 0.01 0.52
4816 2823 600 10 450 0.01 0.52
3169 2153 600 10 450 0.01 0.52
4291 2717 600 10 450 0.01 0.54
2566 1995 600 10 450 0.01 0.54
4173 2624 600 10 450 0.01 0.54
7219 3222 600 10 450 0.01 0.54
2619 1989 600 10 450 0.01 0.56
1654 1527 600 10 450 0.01 0.56
4086 2564 600 10 450 0.01 0.56
4123 2706 600 10 450 0.01 0.56
3689 2315 600 10 450 0.01 0.58
2627 1998 600 10 450 0.01 0.58
3220 2163 600 10 450 0.01 0.58
4082 2662 600 10 450 0.01 0.58
1684 1479 600 10 450 0.01 0.6
2053 1759 600 10 450 0.01 0.6
2354 1810 600 10 450 0.01 0.6
1694 1603 600 10 450 0.01 0.6
1175 1290 600 10 450 0.01 0.62
1134 1336 600 10 450 0.01 0.62
1445 1466 600 10 450 0.01 0.62
1478 1418 600 10 450 0.01 0.62
1464 1512 600 10 450 0.01 0.64
1281 1398 600 10 450 0.01 0.64
1887 1667 600 10 450 0.01 0.64
1356 1461 600 10 450 0.01 0.64
1404 1533 600 10 450 0.01 0.66
1238 1362 600 10 450 0.01 0.66
1672 1501 600 10 450 0.01 0.66
1170 1310 600 10 450 0.01 0.66
2380 1888 600 10 450 0.01 0.68
943 1142 600 10 450 0.01 0.68
1635 1685 600 10 450 0.01 0.68
1848 1799 600 10 450 0.01 0.68
757 984 600 10 450 0.01 0.7
939 1110 600 10 450 0.01 0.7
1017 1288 600 10 450 0.01 0.7
1483 1562 600 10 450 0.01 0.7
16873 9944 600 10 450 0.015 0.5
21177 12012 600 10 450 0.015 0.5
19685 12518 600 10 450 0.015 0.5
20822 11303 600 10 450 0.015 0.5
5538 4556 600 10 450 0.015 0.52
4603 3827 600 10 450 0.015 0.52
8353 5901 600 10 450 0.015 0.52
6256 5055 600 10 450 0.015 0.52
9721 5949 600 10 450 0.015 0.54
5568 4957 600 10 450 0.015 0.54
5554 4216 600 10 450 0.015 0.54
12025 7468 600 10 450 0.015 0.54
6612 5522 600 10 450 0.015 0.56
6475 5384 600 10 450 0.015 0.56
3927 3461 600 10 450 0.015 0.56
11309 7726 600 10 450 0.015 0.56
6864 5212 600 10 450 0.015 0.58
4886 4210 600 10 450 0.015 0.58
7673 5483 600 10 450 0.015 0.58
9249 7197 600 10 450 0.015 0.58
3794 3535 600 10 450 0.015 0.6
4469 3849 600 10 450 0.015 0.6
6225 4916 600 10 450 0.015 0.6
4254 4320 600 10 450 0.015 0.6
4483 3843 600 10 450 0.015 0.62
1499 1786 600 10 450 0.015 0.62
3364 3128 600 10 450 0.015 0.62
5517 5064 600 10 450 0.015 0.62
2218 2469 600 10 450 0.015 0.64
3268 3289 600 10 450 0.015 0.64
4122 3909 600 10 450 0.015 0.64
2431 2812 600 10 450 0.015 0.64
1687 1962 600 10 450 0.015 0.66
4262 4237 600 10 450 0.015 0.66
3332 3346 600 10 450 0.015 0.66
4738 4269 600 10 450 0.015 0.66
2670 2911 600 10 450 0.015 0.68
2647 2871 600 10 450 0.015 0.68
5222 4275 600 10 450 0.015 0.68
6699 5450 600 10 450 0.015 0.68
2009 2434 600 10 450 0.015 0.7
1738 2191 600 10 450 0.015 0.7
5776 5064 600 10 450 0.015 0.7
2008 2466 600 10 450 0.015 0.7
53842 37899 600 10 450 0.02 0.5
43981 30075 600 10 450 0.02 0.5
49747 34660 600 10 450 0.02 0.5
51430 37213 600 10 450 0.02 0.5
27933 21683 600 10 450 0.02 0.52
31332 22207 600 10 450 0.02 0.52
29336 23772 600 10 450 0.02 0.52
30456 24495 600 10 450 0.02 0.52
28332 22824 600 10 450 0.02 0.54
26627 20706 600 10 450 0.02 0.54
32978 24425 600 10 450 0.02 0.54
32739 24616 600 10 450 0.02 0.54
31526 25133 600 10 450 0.02 0.56
24690 21697 600 10 450 0.02 0.56
33210 24941 600 10 450 0.02 0.56
33845 26842 600 10 450 0.02 0.56
32846 25275 600 10 450 0.02 0.58
26803 20965 600 10 450 0.02 0.58
45642 33255 600 10 450 0.02 0.58
46678 35514 600 10 450 0.02 0.58
21712 19056 600 10 450 0.02 0.6
19378 19049 600 10 450 0.02 0.6
27862 24161 600 10 450 0.02 0.6
24654 20256 600 10 450 0.02 0.6
21847 18274 600 10 450 0.02 0.62
16553 15910 600 10 450 0.02 0.62
31069 24795 600 10 450 0.02 0.62
20676 16187 600 10 450 0.02 0.62
17942 15667 600 10 450 0.02 0.64
10779 10983 600 10 450 0.02 0.64
37180 28070 600 10 450 0.02 0.64
18471 16957 600 10 450 0.02 0.64
17365 14775 600 10 450 0.02 0.66
15626 15882 600 10 450 0.02 0.66
23935 18633 600 10 450 0.02 0.66
28784 22735 600 10 450 0.02 0.66
16644 15810 600 10 450 0.02 0.68
23059 18674 600 10 450 0.02 0.68
20581 18453 600 10 450 0.02 0.68
22849 19969 600 10 450 0.02 0.68
22739 21434 600 10 450 0.02 0.7
8659 9803 600 10 450 0.02 0.7
15560 15396 600 10 450 0.02 0.7
25542 22255 600 10 450 0.02 0.7
11191 3848 600 10 600 0.01 0.5
11023 4082 600 10 600 0.01 0.5
9239 3610 600 10 600 0.01 0.5
16027 5131 600 10 600 0.01 0.5
3826 2259 600 10 600 0.01 0.52
3455 2194 600 10 600 0.01 0.52
4433 2361 600 10 600 0.01 0.52
6156 2525 600 10 600 0.01 0.52
4165 2404 600 10 600 0.01 0.54
5012 2601 600 10 600 0.01 0.54
9835 3739 600 10 600 0.01 0.54
8972 3331 600 10 600 0.01 0.54
5175 2472 600 10 600 0.01 0.56
3734 2157 600 10 600 0.01 0.56
7333 2779 600 10 600 0.01 0.56
4070 2269 600 10 600 0.01 0.56
5625 2809 600 10 600 0.01 0.58
4868 2372 600 10 600 0.01 0.58
7908 3239 600 10 600 0.01 0.58
6849 2666 600 10 600 0.01 0.58
1236 1290 600 10 600 0.01 0.6
2042 1711 600 10 600 0.01 0.6
1768 1550 600 10 600 0.01 0.6
1623 1384 600 10 600 0.01 0.6
1093 1142 600 10 600 0.01 0.62
1747 1539 600 10 600 0.01 0.62
2559 1755 600 10 600 0.01 0.62
1316 1287 600 10 600 0.01 0.62
2825 1671 600 10 600 0.01 0.64
1815 1668 600 10 600 0.01 0.64
1837 1600 600 10 600 0.01 0.64
3316 2289 600 10 600 0.01 0.64
1376 1406 600 10 600 0.01 0.66
1393 1428 600 10 600 0.01 0.66
2445 1783 600 10 600 0.01 0.66
1644 1632 600 10 600 0.01 0.66
1588 1510 600 10 600 0.01 0.68
1341 1364 600 10 600 0.01 0.68
2134 1599 600 10 600 0.01 0.68
1499 1300 600 10 600 0.01 0.68
1355 1131 600 10 600 0.01 0.7
1229 963 600 10 600 0.01 0.7
1193 1045 600 10 600 0.01 0.7
1732 1386 600 10 600 0.01 0.7
39652 15531 600 10 600 0.015 0.5
28639 12586 600 10 600 0.015 0.5
15715 8042 600 10 600 0.015 0.5
139734 200000 600 10 600 0.015 0.5
8991 5671 600 10 600 0.015 0.52
7023 4748 600 10 600 0.015 0.52
7300 4693 600 10 600 0.015 0.52
12712 7121 600 10 600 0.015 0.52
8362 5337 600 10 600 0.015 0.54
9556 5572 600 10 600 0.015 0.54
15728 6628 600 10 600 0.015 0.54
9514 5611 600 10 600 0.015 0.54
8769 5533 600 10 600 0.015 0.56
5176 3896 600 10 600 0.015 0.56
7093 4544 600 10 600 0.015 0.56
8008 5224 600 10 600 0.015 0.56
9293 5113 600 10 600 0.015 0.58
6247 4219 600 10 600 0.015 0.58
13278 6736 600 10 600 0.015 0.58
9428 5396 600 10 600 0.015 0.58
3628 3021 600 10 600 0.015 0.6
2897 2842 600 10 600 0.015 0.6
3105 2806 600 10 600 0.015 0.6
3679 3000 600 10 600 0.015 0.6
3067 2822 600 10 600 0.015 0.62
6517 4593 600 10 600 0.015 0.62
8097 4875 600 10 600 0.015 0.62
3540 2933 600 10 600 0.015 0.62
4973 3801 600 10 600 0.015 0.64
2411 2405 600 10 600 0.015 0.64
3435 3001 600 10 600 0.015 0.64
7681 5086 600 10 600 0.015 0.64
3396 2997 600 10 600 0.015 0.66
4728 3464 600 10 600 0.015 0.66
2925 2758 600 10 600 0.015 0.66
5923 3819 600 10 600 0.015 0.66
2145 2194 600 10 600 0.015 0.68
3051 2701 600 10 600 0.015 0.68
4877 3733 600 10 600 0.015 0.68
3122 2981 600 10 600 0.015 0.68
3434 2966 600 10 600 0.015 0.7
1334 1599 600 10 600 0.015 0.7
3948 3433 600 10 600 0.015 0.7
4210 3467 600 10 600 0.015 0.7
130525 59190 600 10 600 0.02 0.5
83084 47202 600 10 600 0.02 0.5
146563 200000 600 10 600 0.02 0.5
95049 48331 600 10 600 0.02 0.5
33272 21737 600 10 600 0.02 0.52
53522 30506 600 10 600 0.02 0.52
62205 34782 600 10 600 0.02 0.52
51621 30362 600 10 600 0.02 0.52
26457 17798 600 10 600 0.02 0.54
47351 26649 600 10 600 0.02 0.54
59809 33440 600 10 600 0.02 0.54
28086 18218 600 10 600 0.02 0.54
54337 24602 600 10 600 0.02 0.56
31293 17517 600 10 600 0.02 0.56
52770 29860 600 10 600 0.02 0.56
64540 33595 600 10 600 0.02 0.56
61979 34494 600 10 600 0.02 0.58
43241 25466 600 10 600 0.02 0.58
65632 35053 600 10 600 0.02 0.58
59898 33796 600 10 600 0.02 0.58
20608 13337 600 10 600 0.02 0.6
16357 12983 600 10 600 0.02 0.6
29930 19364 600 10 600 0.02 0.6
32792 19279 600 10 600 0.02 0.6
23560 14122 600 10 600 0.02 0.62
24147 15140 600 10 600 0.02 0.62
39055 21053 600 10 600 0.02 0.62
48222 28889 600 10 600 0.02 0.62
33577 21545 600 10 600 0.02 0.64
19160 14037 600 10 600 0.02 0.64
39687 23874 600 10 600 0.02 0.64
25263 18208 600 10 600 0.02 0.64
12496 9898 600 10 600 0.02 0.66
33003 20847 600 10 600 0.02 0.66
34516 21055 600 10 600 0.02 0.66
16627 11917 600 10 600 0.02 0.66
13980 10910 600 10 600 0.02 0.68
17680 14605 600 10 600 0.02 0.68
13987 10576 600 10 600 0.02 0.68
31088 20498 600 10 600 0.02 0.68
13112 10806 600 10 600 0.02 0.7
23983 18381 600 10 600 0.02 0.7
20443 14814 600 10 600 0.02 0.7
21271 17798 600 10 600 0.02 0.7
14005 3954 600 10 750 0.01 0.5
17672 4504 600 10 750 0.01 0.5
15300 4227 600 10 750 0.01 0.5
21220 5252 600 10 750 0.01 0.5
4611 2165 600 10 750 0.01 0.52
4678 2244 600 10 750 0.01 0.52
7838 2745 600 10 750 0.01 0.52
7008 2782 600 10 750 0.01 0.52
3847 1879 600 10 750 0.01 0.54
4260 1964 600 10 750 0.01 0.54
5933 2375 600 10 750 0.01 0.54
5495 2361 600 10 750 0.01 0.54
6376 2432 600 10 750 0.01 0.56
3823 1863 600 10 750 0.01 0.56
6405 2654 600 10 750 0.01 0.56
5793 2524 600 10 750 0.01 0.56
6371 2706 600 10 750 0.01 0.58
5845 2538 600 10 750 0.01 0.58
7163 2375 600 10 750 0.01 0.58
6601 2666 600 10 750 0.01 0.58
2019 1549 600 10 750 0.01 0.6
1098 1099 600 10 750 0.01 0.6
1268 1221 600 10 750 0.01 0.6
2681 1877 600 10 750 0.01 0.6
1487 1266 600 10 750 0.01 0.62
1909 1591 600 10 750 0.01 0.62
1441 1348 600 10 750 0.01 0.62
2431 1814 600 10 750 0.01 0.62
1137 1093 600 10 750 0.01 0.64
2095 1663 600 10 750 0.01 0.64
1009 992 600 10 750 0.01 0.64
3457 1778 600 10 750 0.01 0.64
1265 1175 600 10 750 0.01 0.66
2095 1585 600 10 750 0.01 0.66
2767 1959 600 10 750 0.01 0.66
1671 1463 600 10 750 0.01 0.66
2184 1680 600 10 750 0.01 0.68
1509 1329 600 10 750 0.01 0.68
936 961 600 10 750 0.01 0.68
3643 2066 600 10 750 0.01 0.68
1372 1365 600 10 750 0.01 0.7
923 1060 600 10 750 0.01 0.7
1841 1631 600 10 750 0.01 0.7
808 918 600 10 750 0.01 0.7
31671 11904 600 10 750 0.015 0.5
26641 9776 600 10 750 0.015 0.5
38551 12886 600 10 750 0.015 0.5
35783 12281 600 10 750 0.015 0.5
13023 6333 600 10 750 0.015 0.52
6711 3990 600 10 750 0.015 0.52
15906 6995 600 10 750 0.015 0.52
13952 6661 600 10 750 0.015 0.52
7269 3923 600 10 750 0.015 0.54
9493 5253 600 10 750 0.015 0.54
12866 6110 600 10 750 0.015 0.54
10769 5275 600 10 750 0.015 0.54
7815 4100 600 10 750 0.015 0.56
15410 6186 600 10 750 0.015 0.56
8429 4507 600 10 750 0.015 0.56
15454 6633 600 10 750 0.015 0.56
7369 3932 600 10 750 0.015 0.58
10937 5368 600 10 750 0.015 0.58
6744 3903 600 10 750 0.015 0.58
12164 4886 600 10 750 0.015 0.58
3312 2591 600 10 750 0.015 0.6
3249 2460 600 10 750 0.015 0.6
11752 5479 600 10 750 0.015 0.6
2691 2397 600 10 750 0.015 0.6
3850 2999 600 10 750 0.015 0.62
2175 1915 600 10 750 0.015 0.62
3964 3145 600 10 750 0.015 0.62
3250 2551 600 10 750 0.015 0.62
5248 3658 600 10 750 0.015 0.64
2034 1902 600 10 750 0.015 0.64
5379 3961 600 10 750 0.015 0.64
5910 3947 600 10 750 0.015 0.64
2680 2407 600 10 750 0.015 0.66
3265 2543 600 10 750 0.015 0.66
4161 3018 600 10 750 0.015 0.66
4261 2825 600 10 750 0.015 0.66
2070 1979 600 10 750 0.015 0.68
3660 2889 600 10 750 0.015 0.68
5056 3564 600 10 750 0.015 0.68
3615 2830 600 10 750 0.015 0.68
4501 3040 600 10 750 0.015 0.7
2043 1794 600 10 750 0.015 0.7
2464 1867 600 10 750 0.015 0.7
6688 3766 600 10 750 0.015 0.7
87549 37298 600 10 750 0.02 0.5
73016 35866 600 10 750 0.02 0.5
118515 43456 600 10 750 0.02 0.5
78293 36141 600 10 750 0.02 0.5
61055 26491 600 10 750 0.02 0.52
29676 15606 600 10 750 0.02 0.52
57835 27330 600 10 750 0.02 0.52
37100 17940 600 10 750 0.02 0.52
61127 29592 600 10 750 0.02 0.54
43715 21760 600 10 750 0.02 0.54
80954 32158 600 10 750 0.02 0.54
35439 19687 600 10 750 0.02 0.54
55692 27287 600 10 750 0.02 0.56
64643 28986 600 10 750 0.02 0.56
74137 32019 600 10 750 0.02 0.56
46530 22349 600 10 750 0.02 0.56
31624 18061 600 10 750 0.02 0.58
68061 32259 600 10 750 0.02 0.58
54922 23566 600 10 750 0.02 0.58
48215 23963 600 10 750 0.02 0.58
17630 12391 600 10 750 0.02 0.6
36710 18430 600 10 750 0.02 0.6
40456 21269 600 10 750 0.02 0.6
17624 11633 600 10 750 0.02 0.6
17029 11900 600 10 750 0.02 0.62
27272 15014 600 10 750 0.02 0.62
22057 12949 600 10 750 0.02 0.62
42762 20533 600 10 750 0.02 0.62
38054 14287 600 10 750 0.02 0.64
25687 14013 600 10 750 0.02 0.64
44724 17989 600 10 750 0.02 0.64
30625 13208 600 10 750 0.02 0.64
47653 23459 600 10 750 0.02 0.66
25782 14448 600 10 750 0.02 0.66
40788 18078 600 10 750 0.02 0.66
65138 29805 600 10 750 0.02 0.66
36987 17857 600 10 750 0.02 0.68
31657 17476 600 10 750 0.02 0.68
31990 18478 600 10 750 0.02 0.68
49541 22239 600 10 750 0.02 0.68
10652 8413 600 10 750 0.02 0.7
26215 15483 600 10 750 0.02 0.7
17859 12041 600 10 750 0.02 0.7
27510 15521 600 10 750 0.02 0.7
8548 3255 600 15 450 0.01 0.5
6687 2822 600 15 450 0.01 0.5
10406 3430 600 15 450 0.01 0.5
8433 2979 600 15 450 0.01 0.5
4414 1973 600 15 450 0.01 0.52
7024 2565 600 15 450 0.01 0.52
9410 3426 600 15 450 0.01 0.52
12232 4155 600 15 450 0.01 0.52
4235 2127 600 15 450 0.01 0.54
2690 1640 600 15 450 0.01 0.54
5087 2322 600 15 450 0.01 0.54
2177 1448 600 15 450 0.01 0.54
1998 1315 600 15 450 0.01 0.56
2909 1710 600 15 450 0.01 0.56
2889 1579 600 15 450 0.01 0.56
2183 1455 600 15 450 0.01 0.56
2970 1761 600 15 450 0.01 0.58
3292 1855 600 15 450 0.01 0.58
3943 1854 600 15 450 0.01 0.58
3605 1891 600 15 450 0.01 0.58
1289 894 600 15 450 0.01 0.6
1418 835 600 15 450 0.01 0.6
2272 1230 600 15 450 0.01 0.6
1569 1016 600 15 450 0.01 0.6
1689 1276 600 15 450 0.01 0.62
1996 1221 600 15 450 0.01 0.62
3206 1593 600 15 450 0.01 0.62
1377 1067 600 15 450 0.01 0.62
2008 1283 600 15 450 0.01 0.64
1405 1155 600 15 450 0.01 0.64
3023 1560 600 15 450 0.01 0.64
2257 1407 600 15 450 0.01 0.64
960 903 600 15 450 0.01 0.66
1143 1037 600 15 450 0.01 0.66
2269 1405 600 15 450 0.01 0.66
1493 1227 600 15 450 0.01 0.66
764 753 600 15 450 0.01 0.68
728 739 600 15 450 0.01 0.68
1239 1088 600 15 450 0.01 0.68
786 788 600 15 450 0.01 0.68
1438 1232 600 15 450 0.01 0.7
700 714 600 15 450 0.01 0.7
1479 1150 600 15 450 0.01 0.7
940 852 600 15 450 0.01 0.7
6046 3465 600 15 450 0.015 0.5
6466 3711 600 15 450 0.015 0.5
10112 4763 600 15 450 0.015 0.5
6818 3962 600 15 450 0.015 0.5
6092 3504 600 15 450 0.015 0.52
6758 3792 600 15 450 0.015 0.52
11610 5448 600 15 450 0.015 0.52
8575 4544 600 15 450 0.015 0.52
5971 2692 600 15 450 0.015 0.54
3429 2155 600 15 450 0.015 0.54
14678 4989 600 15 450 0.015 0.54
4225 2741 600 15 450 0.015 0.54
2576 2009 600 15 450 0.015 0.56
3383 2571 600 15 450 0.015 0.56
4849 2837 600 15 450 0.015 0.56
2526 1914 600 15 450 0.015 0.56
3990 2677 600 15 450 0.015 0.58
2004 1662 600 15 450 0.015 0.58
2457 1954 600 15 450 0.015 0.58
3755 2656 600 15 450 0.015 0.58
1079 1099 600 15 450 0.015 0.6
2012 1722 600 15 450 0.015 0.6
1674 1471 600 15 450 0.015 0.6
3045 2363 600 15 450 0.015 0.6
1744 1636 600 15 450 0.015 0.62
2020 1888 600 15 450 0.015 0.62
2592 2000 600 15 450 0.015 0.62
1492 1456 600 15 450 0.015 0.62
1692 1618 600 15 450 0.015 0.64
1131 1175 600 15 450 0.015 0.64
1900 1775 600 15 450 0.015 0.64
1472 1447 600 15 450 0.015 0.64
3191 1520 600 15 450 0.015 0.66
1728 1179 600 15 450 0.015 0.66
4640 1975 600 15 450 0.015 0.66
3123 2009 600 15 450 0.015 0.66
990 1016 600 15 450 0.015 0.68
1464 1493 600 15 450 0.015 0.68
1755 1620 600 15 450 0.015 0.68
1010 1093 600 15 450 0.015 0.68
2542 1838 600 15 450 0.015 0.7
2359 1965 600 15 450 0.015 0.7
3106 2025 600 15 450 0.015 0.7
2098 1941 600 15 450 0.015 0.7
21882 13669 600 15 450 0.02 0.5
23885 15416 600 15 450 0.02 0.5
29988 17084 600 15 450 0.02 0.5
34238 19856 600 15 450 0.02 0.5
37012 20333 600 15 450 0.02 0.52
16448 11498 600 15 450 0.02 0.52
29990 17468 600 15 450 0.02 0.52
44246 22958 600 15 450 0.02 0.52
13179 9003 600 15 450 0.02 0.54
17706 11977 600 15 450 0.02 0.54
12036 8488 600 15 450 0.02 0.54
27910 16452 600 15 450 0.02 0.54
5664 4450 600 15 450 0.02 0.56
25430 14894 600 15 450 0.02 0.56
23583 13676 600 15 450 0.02 0.56
33827 19750 600 15 450 0.02 0.56
18817 8915 600 15 450 0.02 0.58
16686 8335 600 15 450 0.02 0.58
51250 21870 600 15 450 0.02 0.58
21794 12557 600 15 450 0.02 0.58
8490 6408 600 15 450 0.02 0.6
9148 7423 600 15 450 0.02 0.6
9392 6753 600 15 450 0.02 0.6
15461 10630 600 15 450 0.02 0.6
3828 3447 600 15 450 0.02 0.62
15087 10694 600 15 450 0.02 0.62
5836 4930 600 15 450 0.02 0.62
17759 12810 600 15 450 0.02 0.62
10523 5148 600 15 450 0.02 0.64
22860 11091 600 15 450 0.02 0.64
20937 9002 600 15 450 0.02 0.64
18068 9946 600 15 450 0.02 0.64
8790 6705 600 15 450 0.02 0.66
7031 5972 600 15 450 0.02 0.66
16786 11769 600 15 450 0.02 0.66
14730 10664 600 15 450 0.02 0.66
7330 6077 600 15 450 0.02 0.68
3619 3595 600 15 450 0.02 0.68
11826 8945 600 15 450 0.02 0.68
5146 4734 600 15 450 0.02 0.68
6040 5541 600 15 450 0.02 0.7
8758 7341 600 15 450 0.02 0.7
11749 8904 600 15 450 0.02 0.7
4402 4194 600 15 450 0.02 0.7
9478 2710 600 15 600 0.01 0.5
8245 2461 600 15 600 0.01 0.5
11702 3176 600 15 600 0.01 0.5
11988 3170 600 15 600 0.01 0.5
11959 3070 600 15 600 0.01 0.52
6772 2263 600 15 600 0.01 0.52
11267 2999 600 15 600 0.01 0.52
10512 2746 600 15 600 0.01 0.52
6377 2378 600 15 600 0.01 0.54
1964 1204 600 15 600 0.01 0.54
7926 2238 600 15 600 0.01 0.54
2450 1380 600 15 600 0.01 0.54
2307 1429 600 15 600 0.01 0.56
2417 1397 600 15 600 0.01 0.56
3950 1677 600 15 600 0.01 0.56
3263 1594 600 15 600 0.01 0.56
3725 1501 600 15 600 0.01 0.58
2421 1430 600 15 600 0.01 0.58
3234 1483 600 15 600 0.01 0.58
6082 1988 600 15 600 0.01 0.58
1781 1175 600 15 600 0.01 0.6
1195 965 600 15 600 0.01 0.6
1906 1295 600 15 600 0.01 0.6
1075 949 600 15 600 0.01 0.6
1138 991 600 15 600 0.01 0.62
1358 1035 600 15 600 0.01 0.62
2404 1362 600 15 600 0.01 0.62
1137 1008 600 15 600 0.01 0.62
2098 1219 600 15 600 0.01 0.64
1625 1178 600 15 600 0.01 0.64
3867 1478 600 15 600 0.01 0.64
1254 958 600 15 600 0.01 0.64
2236 996 600 15 600 0.01 0.66
4014 1618 600 15 600 0.01 0.66
3930 1424 600 15 600 0.01 0.66
2385 1200 600 15 600 0.01 0.66
1205 992 600 15 600 0.01 0.68
994 923 600 15 600 0.01 0.68
2542 1176 600 15 600 0.01 0.68
1194 938 600 15 600 0.01 0.68
1117 952 600 15 600 0.01 0.7
876 775 600 15 600 0.01 0.7
1434 1100 600 15 600 0.01 0.7
1020 950 600 15 600 0.01 0.7
12268 4431 600 15 600 0.015 0.5
16052 5202 600 15 600 0.015 0.5
14880 5280 600 15 600 0.015 0.5
14521 5474 600 15 600 0.015 0.5
13216 4765 600 15 600 0.015 0.52
22035 6849 600 15 600 0.015 0.52
16863 5770 600 15 600 0.015 0.52
19153 6076 600 15 600 0.015 0.52
3778 1784 600 15 600 0.015 0.54
5377 2453 600 15 600 0.015 0.54
6231 2361 600 15 600 0.015 0.54
12097 4454 600 15 600 0.015 0.54
4200 2715 600 15 600 0.015 0.56
4089 2505 600 15 600 0.015 0.56
5949 2718 600 15 600 0.015 0.56
4480 2573 600 15 600 0.015 0.56
6900 2647 600 15 600 0.015 0.58
3610 2032 600 15 600 0.015 0.58
4498 2219 600 15 600 0.015 0.58
8393 3211 600 15 600 0.015 0.58
1587 1380 600 15 600 0.015 0.6
1292 1157 600 15 600 0.015 0.6
1968 1464 600 15 600 0.015 0.6
2520 2122 600 15 600 0.015 0.6
2128 1653 600 15 600 0.015 0.62
1327 1246 600 15 600 0.015 0.62
2165 1595 600 15 600 0.015 0.62
2445 1885 600 15 600 0.015 0.62
1529 1339 600 15 600 0.015 0.64
2623 1987 600 15 600 0.015 0.64
9862 3601 600 15 600 0.015 0.64
1247 1218 600 15 600 0.015 0.64
2771 1344 600 15 600 0.015 0.66
3812 1856 600 15 600 0.015 0.66
5150 2159 600 15 600 0.015 0.66
3584 2284 600 15 600 0.015 0.66
2112 1748 600 15 600 0.015 0.68
892 935 600 15 600 0.015 0.68
1314 1239 600 15 600 0.015 0.68
2301 1807 600 15 600 0.015 0.68
1403 1339 600 15 600 0.015 0.7
1438 1284 600 15 600 0.015 0.7
1331 1143 600 15 600 0.015 0.7
1512 1427 600 15 600 0.015 0.7
22765 12442 600 15 600 0.02 0.5
28470 13206 600 15 600 0.02 0.5
50833 21443 600 15 600 0.02 0.5
49720 21971 600 15 600 0.02 0.5
25380 13811 600 15 600 0.02 0.52
38836 17479 600 15 600 0.02 0.52
36558 19072 600 15 600 0.02 0.52
42899 18781 600 15 600 0.02 0.52
9498 5588 600 15 600 0.02 0.54
13160 8034 600 15 600 0.02 0.54
19837 11120 600 15 600 0.02 0.54
13837 8541 600 15 600 0.02 0.54
25890 11810 600 15 600 0.02 0.56
8171 6066 600 15 600 0.02 0.56
31559 14781 600 15 600 0.02 0.56
22187 9595 600 15 600 0.02 0.56
10103 6564 600 15 600 0.02 0.58
21751 12019 600 15 600 0.02 0.58
16630 8871 600 15 600 0.02 0.58
29648 14580 600 15 600 0.02 0.58
6503 4389 600 15 600 0.02 0.6
8082 5491 600 15 600 0.02 0.6
16093 9209 600 15 600 0.02 0.6
9316 6103 600 15 600 0.02 0.6
9991 5869 600 15 600 0.02 0.62
5321 4374 600 15 600 0.02 0.62
32612 16168 600 15 600 0.02 0.62
7781 5398 600 15 600 0.02 0.62
7280 4661 600 15 600 0.02 0.64
7607 5002 600 15 600 0.02 0.64
10231 6094 600 15 600 0.02 0.64
10797 7010 600 15 600 0.02 0.64
18620 9783 600 15 600 0.02 0.66
6980 4865 600 15 600 0.02 0.66
9524 5603 600 15 600 0.02 0.66
23148 12922 600 15 600 0.02 0.66
4383 3684 600 15 600 0.02 0.68
3925 3194 600 15 600 0.02 0.68
6449 4594 600 15 600 0.02 0.68
3106 2865 600 15 600 0.02 0.68
6757 4949 600 15 600 0.02 0.7
8164 5560 600 15 600 0.02 0.7
15819 8899 600 15 600 0.02 0.7
4774 3873 600 15 600 0.02 0.7
28035 4443 600 15 750 0.01 0.5
14063 2869 600 15 750 0.01 0.5
21539 3796 600 15 750 0.01 0.5
28022 4753 600 15 750 0.01 0.5
16489 3127 600 15 750 0.01 0.52
14581 3134 600 15 750 0.01 0.52
22109 3966 600 15 750 0.01 0.52
10737 2609 600 15 750 0.01 0.52
3760 1575 600 15 750 0.01 0.54
4077 1717 600 15 750 0.01 0.54
10597 2214 600 15 750 0.01 0.54
7883 2224 600 15 750 0.01 0.54
2911 1498 600 15 750 0.01 0.56
7631 2143 600 15 750 0.01 0.56
7060 1678 600 15 750 0.01 0.56
3757 1673 600 15 750 0.01 0.56
4463 1694 600 15 750 0.01 0.58
3041 1592 600 15 750 0.01 0.58
7416 2183 600 15 750 0.01 0.58
7210 2048 600 15 750 0.01 0.58
1870 1175 600 15 750 0.01 0.6
1639 1026 600 15 750 0.01 0.6
1990 1204 600 15 750 0.01 0.6
2347 1114 600 15 750 0.01 0.6
2403 1186 600 15 750 0.01 0.62
1439 998 600 15 750 0.01 0.62
3937 1400 600 15 750 0.01 0.62
1447 1088 600 15 750 0.01 0.62
1334 991 600 15 750 0.01 0.64
2225 1252 600 15 750 0.01 0.64
1981 1124 600 15 750 0.01 0.64
3095 1457 600 15 750 0.01 0.64
1307 973 600 15 750 0.01 0.66
1332 922 600 15 750 0.01 0.66
2507 1270 600 15 750 0.01 0.66
2032 1053 600 15 750 0.01 0.66
2901 1149 600 15 750 0.01 0.68
1536 745 600 15 750 0.01 0.68
3035 1101 600 15 750 0.01 0.68
1458 680 600 15 750 0.01 0.68
1103 849 600 15 750 0.01 0.7
1097 924 600 15 750 0.01 0.7
1059 836 600 15 750 0.01 0.7
1411 965 600 15 750 0.01 0.7
13598 5060 600 15 750 0.015 0.5
15357 4492 600 15 750 0.015 0.5
26104 6237 600 15 750 0.015 0.5
19066 5269 600 15 750 0.015 0.5
22980 6007 600 15 750 0.015 0.52
13708 4396 600 15 750 0.015 0.52
29274 6167 600 15 750 0.015 0.52
19027 4898 600 15 750 0.015 0.52
5412 2626 600 15 750 0.015 0.54
4030 2102 600 15 750 0.015 0.54
6207 2869 600 15 750 0.015 0.54
4247 2313 600 15 750 0.015 0.54
5606 2818 600 15 750 0.015 0.56
3216 2031 600 15 750 0.015 0.56
5824 2853 600 15 750 0.015 0.56
5003 2515 600 15 750 0.015 0.56
5249 2398 600 15 750 0.015 0.58
2888 1904 600 15 750 0.015 0.58
13777 3378 600 15 750 0.015 0.58
5339 2438 600 15 750 0.015 0.58
1990 1502 600 15 750 0.015 0.6
3530 2087 600 15 750 0.015 0.6
4300 2357 600 15 750 0.015 0.6
3486 1699 600 15 750 0.015 0.6
1917 1454 600 15 750 0.015 0.62
2812 1935 600 15 750 0.015 0.62
4520 2355 600 15 750 0.015 0.62
2093 1693 600 15 750 0.015 0.62
2189 1582 600 15 750 0.015 0.64
1556 1321 600 15 750 0.015 0.64
3380 2214 600 15 750 0.015 0.64
2484 1757 600 15 750 0.015 0.64
1721 1427 600 15 750 0.015 0.66
1404 1186 600 15 750 0.015 0.66
1608 1403 600 15 750 0.015 0.66
11212 3689 600 15 750 0.015 0.66
1859 1510 600 15 750 0.015 0.68
1083 1009 600 15 750 0.015 0.68
2575 1843 600 15 750 0.015 0.68
1047 1008 600 15 750 0.015 0.68
1002 924 600 15 750 0.015 0.7
853 822 600 15 750 0.015 0.7
1805 1443 600 15 750 0.015 0.7
1412 1273 600 15 750 0.015 0.7
24251 11205 600 15 750 0.02 0.5
55021 21084 600 15 750 0.02 0.5
49628 18963 600 15 750 0.02 0.5
49501 18256 600 15 750 0.02 0.5
49177 18173 600 15 750 0.02 0.52
38108 14531 600 15 750 0.02 0.52
44913 16286 600 15 750 0.02 0.52
54815 19426 600 15 750 0.02 0.52
6512 4024 600 15 750 0.02 0.54
15234 7643 600 15 750 0.02 0.54
20556 8952 600 15 750 0.02 0.54
26614 8945 600 15 750 0.02 0.54
18764 10378 600 15 750 0.02 0.56
9714 5811 600 15 750 0.02 0.56
47672 17899 600 15 750 0.02 0.56
18286 9117 600 15 750 0.02 0.56
26320 11903 600 15 750 0.02 0.58
10381 6167 600 15 750 0.02 0.58
7570 4702 600 15 750 0.02 0.58
31511 13073 600 15 750 0.02 0.58
13222 6840 600 15 750 0.02 0.6
8474 5261 600 15 750 0.02 0.6
20905 9285 600 15 750 0.02 0.6
5978 3769 600 15 750 0.02 0.6
10173 6050 600 15 750 0.02 0.62
7176 5219 600 15 750 0.02 0.62
14317 7015 600 15 750 0.02 0.62
4349 3329 600 15 750 0.02 0.62
11691 6406 600 15 750 0.02 0.64
7987 4181 600 15 750 0.02 0.64
13817 6765 600 15 750 0.02 0.64
7729 5238 600 15 750 0.02 0.64
9189 5252 600 15 750 0.02 0.66
3668 2913 600 15 750 0.02 0.66
14158 7411 600 15 750 0.02 0.66
16761 8087 600 15 750 0.02 0.66
8551 5336 600 15 750 0.02 0.68
8525 5176 600 15 750 0.02 0.68
11150 5546 600 15 750 0.02 0.68
8916 5356 600 15 750 0.02 0.68
3115 2533 600 15 750 0.02 0.7
12685 6473 600 15 750 0.02 0.7
13802 7059 600 15 750 0.02 0.7
8528 5697 600 15 750 0.02 0.7
7167 2532 600 20 450 0.01 0.5
9924 3227 600 20 450 0.01 0.5
9652 3288 600 20 450 0.01 0.5
16901 4758 600 20 450 0.01 0.5
6966 2442 600 20 450 0.01 0.52
5284 2079 600 20 450 0.01 0.52
7811 2601 600 20 450 0.01 0.52
6485 2380 600 20 450 0.01 0.52
5732 2322 600 20 450 0.01 0.54
7787 2716 600 20 450 0.01 0.54
5751 2179 600 20 450 0.01 0.54
10625 3330 600 20 450 0.01 0.54
2636 1337 600 20 450 0.01 0.56
2849 1364 600 20 450 0.01 0.56
3055 1515 600 20 450 0.01 0.56
2804 1307 600 20 450 0.01 0.56
2320 1327 600 20 450 0.01 0.58
2875 1504 600 20 450 0.01 0.58
3724 1597 600 20 450 0.01 0.58
2022 1197 600 20 450 0.01 0.58
1806 1129 600 20 450 0.01 0.6
1429 912 600 20 450 0.01 0.6
1470 949 600 20 450 0.01 0.6
2247 1112 600 20 450 0.01 0.6
2288 1352 600 20 450 0.01 0.62
1364 917 600 20 450 0.01 0.62
2555 1348 600 20 450 0.01 0.62
6245 2224 600 20 450 0.01 0.62
2231 1190 600 20 450 0.01 0.64
1341 975 600 20 450 0.01 0.64
1498 877 600 20 450 0.01 0.64
3886 1517 600 20 450 0.01 0.64
1002 775 600 20 450 0.01 0.66
783 683 600 20 450 0.01 0.66
849 693 600 20 450 0.01 0.66
962 685 600 20 450 0.01 0.66
1374 953 600 20 450 0.01 0.68
1374 879 600 20 450 0.01 0.68
1458 977 600 20 450 0.01 0.68
3304 1344 600 20 450 0.01 0.68
716 626 600 20 450 0.01 0.7
1082 812 600 20 450 0.01 0.7
753 632 600 20 450 0.01 0.7
2053 979 600 20 450 0.01 0.7
10339 4209 600 20 450 0.015 0.5
9659 4224 600 20 450 0.015 0.5
17373 5995 600 20 450 0.015 0.5
7732 3383 600 20 450 0.015 0.5
6063 2899 600 20 450 0.015 0.52
4224 2367 600 20 450 0.015 0.52
6902 3044 600 20 450 0.015 0.52
5906 2753 600 20 450 0.015 0.52
3347 2011 600 20 450 0.015 0.54
5758 2673 600 20 450 0.015 0.54
5504 2581 600 20 450 0.015 0.54
8727 3386 600 20 450 0.015 0.54
1784 1359 600 20 450 0.015 0.56
1794 1356 600 20 450 0.015 0.56
1541 1144 600 20 450 0.015 0.56
2214 1556 600 20 450 0.015 0.56
3353 1617 600 20 450 0.015 0.58
2550 1376 600 20 450 0.015 0.58
3989 1652 600 20 450 0.015 0.58
2564 1356 600 20 450 0.015 0.58
1555 1175 600 20 450 0.015 0.6
1153 978 600 20 450 0.015 0.6
1103 918 600 20 450 0.015 0.6
1725 1354 600 20 450 0.015 0.6
2623 1659 600 20 450 0.015 0.62
1552 1180 600 20 450 0.015 0.62
2183 1467 600 20 450 0.015 0.62
2383 1503 600 20 450 0.015 0.62
1658 1320 600 20 450 0.015 0.64
1417 1125 600 20 450 0.015 0.64
2089 1450 600 20 450 0.015 0.64
2440 1695 600 20 450 0.015 0.64
1061 900 600 20 450 0.015 0.66
1076 929 600 20 450 0.015 0.66
1569 1312 600 20 450 0.015 0.66
1347 1073 600 20 450 0.015 0.66
707 629 600 20 450 0.015 0.68
1019 895 600 20 450 0.015 0.68
1039 921 600 20 450 0.015 0.68
860 779 600 20 450 0.015 0.68
1507 1210 600 20 450 0.015 0.7
723 672 600 20 450 0.015 0.7
1189 1037 600 20 450 0.015 0.7
1644 1294 600 20 450 0.015 0.7
25003 13443 600 20 450 0.02 0.5
27513 13801 600 20 450 0.02 0.5
37364 15281 600 20 450 0.02 0.5
21882 11518 600 20 450 0.02 0.5
8289 5104 600 20 450 0.02 0.52
8873 5427 600 20 450 0.02 0.52
16282 9145 600 20 450 0.02 0.52
11428 6752 600 20 450 0.02 0.52
10902 6460 600 20 450 0.02 0.54
12018 6649 600 20 450 0.02 0.54
17349 9076 600 20 450 0.02 0.54
21060 9950 600 20 450 0.02 0.54
16679 6248 600 20 450 0.02 0.56
10592 4636 600 20 450 0.02 0.56
12458 4569 600 20 450 0.02 0.56
16570 6434 600 20 450 0.02 0.56
8453 5100 600 20 450 0.02 0.58
6591 4582 600 20 450 0.02 0.58
8447 5375 600 20 450 0.02 0.58
7901 5065 600 20 450 0.02 0.58
2826 2255 600 20 450 0.02 0.6
2539 2005 600 20 450 0.02 0.6
4042 2912 600 20 450 0.02 0.6
5992 4131 600 20 450 0.02 0.6
5379 3969 600 20 450 0.02 0.62
6465 4532 600 20 450 0.02 0.62
2935 2379 600 20 450 0.02 0.62
9104 6345 600 20 450 0.02 0.62
4592 3267 600 20 450 0.02 0.64
4217 3322 600 20 450 0.02 0.64
8706 5616 600 20 450 0.02 0.64
7991 4987 600 20 450 0.02 0.64
2163 1889 600 20 450 0.02 0.66
8353 5178 600 20 450 0.02 0.66
6984 4541 600 20 450 0.02 0.66
3595 2939 600 20 450 0.02 0.66
2326 1950 600 20 450 0.02 0.68
3743 2896 600 20 450 0.02 0.68
2735 2198 600 20 450 0.02 0.68
5094 3143 600 20 450 0.02 0.68
1719 1534 600 20 450 0.02 0.7
2978 2484 600 20 450 0.02 0.7
6563 4258 600 20 450 0.02 0.7
1981 1807 600 20 450 0.02 0.7
16676 3918 600 20 600 0.01 0.5
10057 2685 600 20 600 0.01 0.5
15155 3453 600 20 600 0.01 0.5
14557 3699 600 20 600 0.01 0.5
5021 1796 600 20 600 0.01 0.52
7191 2021 600 20 600 0.01 0.52
7228 2108 600 20 600 0.01 0.52
7727 2251 600 20 600 0.01 0.52
4463 1854 600 20 600 0.01 0.54
10042 2640 600 20 600 0.01 0.54
10837 2746 600 20 600 0.01 0.54
9744 2568 600 20 600 0.01 0.54
2080 1148 600 20 600 0.01 0.56
3832 1526 600 20 600 0.01 0.56
6490 1978 600 20 600 0.01 0.56
3784 1395 600 20 600 0.01 0.56
5226 1784 600 20 600 0.01 0.58
3511 1407 600 20 600 0.01 0.58
5572 2011 600 20 600 0.01 0.58
4847 1796 600 20 600 0.01 0.58
2018 944 600 20 600 0.01 0.6
2643 1078 600 20 600 0.01 0.6
4267 1396 600 20 600 0.01 0.6
2930 1264 600 20 600 0.01 0.6
2710 1348 600 20 600 0.01 0.62
2706 1216 600 20 600 0.01 0.62
4876 1650 600 20 600 0.01 0.62
1838 1045 600 20 600 0.01 0.62
2041 1052 600 20 600 0.01 0.64
1796 939 600 20 600 0.01 0.64
2405 1155 600 20 600 0.01 0.64
1717 1020 600 20 600 0.01 0.64
1118 817 600 20 600 0.01 0.66
1293 821 600 20 600 0.01 0.66
1310 901 600 20 600 0.01 0.66
1643 903 600 20 600 0.01 0.66
1065 746 600 20 600 0.01 0.68
756 598 600 20 600 0.01 0.68
1348 839 600 20 600 0.01 0.68
939 696 600 20 600 0.01 0.68
860 668 600 20 600 0.01 0.7
719 581 600 20 600 0.01 0.7
2209 981 600 20 600 0.01 0.7
947 745 600 20 600 0.01 0.7
13859 4075 600 20 600 0.015 0.5
10459 3476 600 20 600 0.015 0.5
21799 6194 600 20 600 0.015 0.5
10516 3724 600 20 600 0.015 0.5
3843 1761 600 20 600 0.015 0.52
5482 2243 600 20 600 0.015 0.52
11510 3560 600 20 600 0.015 0.52
6398 2406 600 20 600 0.015 0.52
3510 1838 600 20 600 0.015 0.54
5803 2397 600 20 600 0.015 0.54
5970 2348 600 20 600 0.015 0.54
7652 2624 600 20 600 0.015 0.54
4663 2092 600 20 600 0.015 0.56
2095 1431 600 20 600 0.015 0.56
1754 1246 600 20 600 0.015 0.56
6025 2529 600 20 600 0.015 0.56
2753 1559 600 20 600 0.015 0.58
5026 2041 600 20 600 0.015 0.58
2007 1250 600 20 600 0.015 0.58
6208 2411 600 20 600 0.015 0.58
1705 1175 600 20 600 0.015 0.6
1883 1297 600 20 600 0.015 0.6
1089 906 600 20 600 0.015 0.6
2897 1643 600 20 600 0.015 0.6
1356 977 600 20 600 0.015 0.62
1628 1244 600 20 600 0.015 0.62
4633 1787 600 20 600 0.015 0.62
1336 1032 600 20 600 0.015 0.62
2650 1579 600 20 600 0.015 0.64
1950 1247 600 20 600 0.015 0.64
4346 1953 600 20 600 0.015 0.64
11725 3161 600 20 600 0.015 0.64
2610 1353 600 20 600 0.015 0.66
1095 926 600 20 600 0.015 0.66
1408 1111 600 20 600 0.015 0.66
3202 1500 600 20 600 0.015 0.66
2249 1288 600 20 600 0.015 0.68
1260 1045 600 20 600 0.015 0.68
2406 1270 600 20 600 0.015 0.68
1737 1135 600 20 600 0.015 0.68
999 845 600 20 600 0.015 0.7
742 653 600 20 600 0.015 0.7
1168 970 600 20 600 0.015 0.7
1573 1217 600 20 600 0.015 0.7
22880 10503 600 20 600 0.02 0.5
28991 12298 600 20 600 0.02 0.5
42558 15827 600 20 600 0.02 0.5
25097 10876 600 20 600 0.02 0.5
10659 5280 600 20 600 0.02 0.52
13801 6670 600 20 600 0.02 0.52
15716 6507 600 20 600 0.02 0.52
8868 4881 600 20 600 0.02 0.52
11844 5674 600 20 600 0.02 0.54
17576 8098 600 20 600 0.02 0.54
16263 7881 600 20 600 0.02 0.54
25434 9830 600 20 600 0.02 0.54
7608 4630 600 20 600 0.02 0.56
14433 5902 600 20 600 0.02 0.56
23604 9352 600 20 600 0.02 0.56
3219 2407 600 20 600 0.02 0.56
11368 4529 600 20 600 0.02 0.58
17714 6389 600 20 600 0.02 0.58
19857 6479 600 20 600 0.02 0.58
11934 4592 600 20 600 0.02 0.58
5158 3401 600 20 600 0.02 0.6
3064 2311 600 20 600 0.02 0.6
7649 4640 600 20 600 0.02 0.6
2452 1882 600 20 600 0.02 0.6
4063 2674 600 20 600 0.02 0.62
4247 3063 600 20 600 0.02 0.62
6515 3957 600 20 600 0.02 0.62
3838 2836 600 20 600 0.02 0.62
9571 4358 600 20 600 0.02 0.64
7733 3900 600 20 600 0.02 0.64
1736 1389 600 20 600 0.02 0.64
18097 8021 600 20 600 0.02 0.64
3591 2600 600 20 600 0.02 0.66
2057 1647 600 20 600 0.02 0.66
3011 2268 600 20 600 0.02 0.66
3725 2670 600 20 600 0.02 0.66
5871 3905 600 20 600 0.02 0.68
4059 2779 600 20 600 0.02 0.68
8344 4544 600 20 600 0.02 0.68
2459 2023 600 20 600 0.02 0.68
3294 2468 600 20 600 0.02 0.7
3001 2373 600 20 600 0.02 0.7
4700 3407 600 20 600 0.02 0.7
3435 2331 600 20 600 0.02 0.7
13755 2840 600 20 750 0.01 0.5
18663 3223 600 20 750 0.01 0.5
17832 3314 600 20 750 0.01 0.5
18143 3232 600 20 750 0.01 0.5
13438 2456 600 20 750 0.01 0.52
5778 1758 600 20 750 0.01 0.52
14285 2377 600 20 750 0.01 0.52
15674 2959 600 20 750 0.01 0.52
7184 1938 600 20 750 0.01 0.54
7374 1924 600 20 750 0.01 0.54
8686 1970 600 20 750 0.01 0.54
12331 2529 600 20 750 0.01 0.54
4725 1517 600 20 750 0.01 0.56
4777 1541 600 20 750 0.01 0.56
6093 1870 600 20 750 0.01 0.56
4499 1349 600 20 750 0.01 0.56
3687 1303 600 20 750 0.01 0.58
2940 1212 600 20 750 0.01 0.58
7943 1722 600 20 750 0.01 0.58
9955 2009 600 20 750 0.01 0.58
4846 1393 600 20 750 0.01 0.6
2828 1098 600 20 750 0.01 0.6
5695 1495 600 20 750 0.01 0.6
3881 1285 600 20 750 0.01 0.6
3352 1267 600 20 750 0.01 0.62
3234 1331 600 20 750 0.01 0.62
2535 1093 600 20 750 0.01 0.62
5014 1642 600 20 750 0.01 0.62
3084 1211 600 20 750 0.01 0.64
2620 805 600 20 750 0.01 0.64
1543 920 600 20 750 0.01 0.64
5299 1568 600 20 750 0.01 0.64
1456 829 600 20 750 0.01 0.66
1791 1000 600 20 750 0.01 0.66
1481 910 600 20 750 0.01 0.66
3701 1248 600 20 750 0.01 0.66
1124 753 600 20 750 0.01 0.68
943 673 600 20 750 0.01 0.68
1258 873 600 20 750 0.01 0.68
1891 906 600 20 750 0.01 0.68
892 684 600 20 750 0.01 0.7
1987 1012 600 20 750 0.01 0.7
1578 827 600 20 750 0.01 0.7
4125 1158 600 20 750 0.01 0.7
17730 4556 600 20 750 0.015 0.5
25761 5009 600 20 750 0.015 0.5
38235 7009 600 20 750 0.015 0.5
25787 5641 600 20 750 0.015 0.5
5407 2070 600 20 750 0.015 0.52
7058 2542 600 20 750 0.015 0.52
9334 2640 600 20 750 0.015 0.52
8395 2753 600 20 750 0.015 0.52
9603 2898 600 20 750 0.015 0.54
7562 2505 600 20 750 0.015 0.54
11438 2928 600 20 750 0.015 0.54
6507 2239 600 20 750 0.015 0.54
8453 2630 600 20 750 0.015 0.56
2046 1233 600 20 750 0.015 0.56
8480 2789 600 20 750 0.015 0.56
3647 1785 600 20 750 0.015 0.56
3980 1715 600 20 750 0.015 0.58
2640 1598 600 20 750 0.015 0.58
3941 1589 600 20 750 0.015 0.58
3012 1549 600 20 750 0.015 0.58
1958 1352 600 20 750 0.015 0.6
1598 1050 600 20 750 0.015 0.6
1729 1206 600 20 750 0.015 0.6
3150 1637 600 20 750 0.015 0.6
1606 1162 600 20 750 0.015 0.62
1673 1116 600 20 750 0.015 0.62
1513 1068 600 20 750 0.015 0.62
1821 1271 600 20 750 0.015 0.62
2875 1527 600 20 750 0.015 0.64
1931 1289 600 20 750 0.015 0.64
4598 1865 600 20 750 0.015 0.64
1740 1199 600 20 750 0.015 0.64
1032 811 600 20 750 0.015 0.66
2044 1303 600 20 750 0.015 0.66
2479 1492 600 20 750 0.015 0.66
1407 1062 600 20 750 0.015 0.66
1274 964 600 20 750 0.015 0.68
1152 857 600 20 750 0.015 0.68
1365 1004 600 20 750 0.015 0.68
1314 935 600 20 750 0.015 0.68
937 763 600 20 750 0.015 0.7
1086 864 600 20 750 0.015 0.7
752 632 600 20 750 0.015 0.7
1900 1231 600 20 750 0.015 0.7
41650 14725 600 20 750 0.02 0.5
35934 11323 600 20 750 0.02 0.5
35550 12671 600 20 750 0.02 0.5
64835 19423 600 20 750 0.02 0.5
31452 8949 600 20 750 0.02 0.52
25985 8868 600 20 750 0.02 0.52
17493 7110 600 20 750 0.02 0.52
43670 13143 600 20 750 0.02 0.52
10167 4906 600 20 750 0.02 0.54
13896 6114 600 20 750 0.02 0.54
14264 5924 600 20 750 0.02 0.54
20953 7504 600 20 750 0.02 0.54
3689 2411 600 20 750 0.02 0.56
12646 5763 600 20 750 0.02 0.56
18426 6915 600 20 750 0.02 0.56
7562 3944 600 20 750 0.02 0.56
6361 3446 600 20 750 0.02 0.58
10099 4560 600 20 750 0.02 0.58
9402 4452 600 20 750 0.02 0.58
7484 4399 600 20 750 0.02 0.58
5108 3253 600 20 750 0.02 0.6
3498 2347 600 20 750 0.02 0.6
7759 3755 600 20 750 0.02 0.6
8817 4462 600 20 750 0.02 0.6
5680 2141 600 20 750 0.02 0.62
3547 1641 600 20 750 0.02 0.62
10101 3480 600 20 750 0.02 0.62
3389 2422 600 20 750 0.02 0.62
4502 2886 600 20 750 0.02 0.64
3879 2555 600 20 750 0.02 0.64
12887 5723 600 20 750 0.02 0.64
21767 7386 600 20 750 0.02 0.64
2811 2109 600 20 750 0.02 0.66
5832 3366 600 20 750 0.02 0.66
6947 3002 600 20 750 0.02 0.66
10916 4691 600 20 750 0.02 0.66
3746 2408 600 20 750 0.02 0.68
3730 2611 600 20 750 0.02 0.68
4979 3103 600 20 750 0.02 0.68
2622 1964 600 20 750 0.02 0.68
2554 1918 600 20 750 0.02 0.7
3286 2286 600 20 750 0.02 0.7
2187 1607 600 20 750 0.02 0.7
4858 3019 600 20 750 0.02 0.7
