23927 13478 700 5 525 0.01 0.5
23827 12595 700 5 525 0.01 0.5
25488 14734 700 5 525 0.01 0.5
27100 14381 700 5 525 0.01 0.5
24317 13272 700 5 525 0.01 0.52
20937 12696 700 5 525 0.01 0.52
32937 16475 700 5 525 0.01 0.52
20794 11974 700 5 525 0.01 0.52
21768 11863 700 5 525 0.01 0.54
28721 15858 700 5 525 0.01 0.54
22543 12463 700 5 525 0.01 0.54
31047 15746 700 5 525 0.01 0.54
29909 15739 700 5 525 0.01 0.56
19483 11636 700 5 525 0.01 0.56
24040 12997 700 5 525 0.01 0.56
33393 18296 700 5 525 0.01 0.56
28952 15161 700 5 525 0.01 0.58
20257 11239 700 5 525 0.01 0.58
24292 13426 700 5 525 0.01 0.58
28053 14852 700 5 525 0.01 0.58
5568 5323 700 5 525 0.01 0.6
6411 6157 700 5 525 0.01 0.6
4460 4662 700 5 525 0.01 0.6
13449 10691 700 5 525 0.01 0.6
3603 3619 700 5 525 0.01 0.62
6779 6551 700 5 525 0.01 0.62
7112 6137 700 5 525 0.01 0.62
4654 4776 700 5 525 0.01 0.62
3568 3928 700 5 525 0.01 0.64
5625 5577 700 5 525 0.01 0.64
8373 7173 700 5 525 0.01 0.64
3712 4184 700 5 525 0.01 0.64
5120 5033 700 5 525 0.01 0.66
7816 6893 700 5 525 0.01 0.66
8059 6878 700 5 525 0.01 0.66
5834 5929 700 5 525 0.01 0.66
4913 5244 700 5 525 0.01 0.68
7172 6527 700 5 525 0.01 0.68
6495 6081 700 5 525 0.01 0.68
6286 5905 700 5 525 0.01 0.68
6860 6387 700 5 525 0.01 0.7
3268 3666 700 5 525 0.01 0.7
7146 6453 700 5 525 0.01 0.7
4718 4799 700 5 525 0.01 0.7
123842 78305 700 5 525 0.015 0.5
63253 43746 700 5 525 0.015 0.5
84606 55423 700 5 525 0.015 0.5
105439 64584 700 5 525 0.015 0.5
140724 87027 700 5 525 0.015 0.52
86359 54967 700 5 525 0.015 0.52
136109 79433 700 5 525 0.015 0.52
104201 61439 700 5 525 0.015 0.52
130719 81341 700 5 525 0.015 0.54
83540 56758 700 5 525 0.015 0.54
88517 55637 700 5 525 0.015 0.54
125830 80676 700 5 525 0.015 0.54
101585 63118 700 5 525 0.015 0.56
105825 62566 700 5 525 0.015 0.56
107967 56722 700 5 525 0.015 0.56
101455 64288 700 5 525 0.015 0.56
79451 56929 700 5 525 0.015 0.58
98027 60356 700 5 525 0.015 0.58
108807 65848 700 5 525 0.015 0.58
129708 78202 700 5 525 0.015 0.58
34276 29971 700 5 525 0.015 0.6
37286 30654 700 5 525 0.015 0.6
58114 42168 700 5 525 0.015 0.6
33474 29182 700 5 525 0.015 0.6
20410 18385 700 5 525 0.015 0.62
25423 23083 700 5 525 0.015 0.62
26280 23119 700 5 525 0.015 0.62
47951 37666 700 5 525 0.015 0.62
28727 24940 700 5 525 0.015 0.64
32402 28311 700 5 525 0.015 0.64
43919 34981 700 5 525 0.015 0.64
24313 21554 700 5 525 0.015 0.64
26567 24621 700 5 525 0.015 0.66
45600 36418 700 5 525 0.015 0.66
47465 36841 700 5 525 0.015 0.66
43514 33018 700 5 525 0.015 0.66
45861 33589 700 5 525 0.015 0.68
48450 38797 700 5 525 0.015 0.68
71657 52823 700 5 525 0.015 0.68
39567 31426 700 5 525 0.015 0.68
30111 24584 700 5 525 0.015 0.7
36801 30195 700 5 525 0.015 0.7
41332 33910 700 5 525 0.015 0.7
70359 50891 700 5 525 0.015 0.7
273294 200000 700 5 525 0.02 0.5
273382 200000 700 5 525 0.02 0.5
315694 200000 700 5 525 0.02 0.5
283389 200000 700 5 525 0.02 0.5
237856 165054 700 5 525 0.02 0.52
269142 200000 700 5 525 0.02 0.52
297028 200000 700 5 525 0.02 0.52
275413 200000 700 5 525 0.02 0.52
275883 200000 700 5 525 0.02 0.54
272040 200000 700 5 525 0.02 0.54
262242 200000 700 5 525 0.02 0.54
305784 200000 700 5 525 0.02 0.54
208283 148971 700 5 525 0.02 0.56
292007 200000 700 5 525 0.02 0.56
255416 184656 700 5 525 0.02 0.56
271224 200000 700 5 525 0.02 0.56
266779 200000 700 5 525 0.02 0.58
292987 200000 700 5 525 0.02 0.58
294854 200000 700 5 525 0.02 0.58
273066 200000 700 5 525 0.02 0.58
248490 200000 700 5 525 0.02 0.6
259530 200000 700 5 525 0.02 0.6
289102 200000 700 5 525 0.02 0.6
244921 180691 700 5 525 0.02 0.6
256227 200000 700 5 525 0.02 0.62
262770 200000 700 5 525 0.02 0.62
269800 200000 700 5 525 0.02 0.62
250971 200000 700 5 525 0.02 0.62
192850 149560 700 5 525 0.02 0.64
237475 200000 700 5 525 0.02 0.64
274424 200000 700 5 525 0.02 0.64
247536 200000 700 5 525 0.02 0.64
243450 187402 700 5 525 0.02 0.66
175120 128298 700 5 525 0.02 0.66
278367 198668 700 5 525 0.02 0.66
269087 200000 700 5 525 0.02 0.66
259068 200000 700 5 525 0.02 0.68
217428 176806 700 5 525 0.02 0.68
262565 200000 700 5 525 0.02 0.68
217485 178024 700 5 525 0.02 0.68
209290 164861 700 5 525 0.02 0.7
237995 178280 700 5 525 0.02 0.7
247401 200000 700 5 525 0.02 0.7
245726 200000 700 5 525 0.02 0.7
36296 14511 700 5 700 0.01 0.5
38446 14788 700 5 700 0.01 0.5
49121 18551 700 5 700 0.01 0.5
52516 16996 700 5 700 0.01 0.5
37966 14703 700 5 700 0.01 0.52
44161 14930 700 5 700 0.01 0.52
54412 20383 700 5 700 0.01 0.52
46587 17224 700 5 700 0.01 0.52
53216 20660 700 5 700 0.01 0.54
23292 10994 700 5 700 0.01 0.54
47117 16927 700 5 700 0.01 0.54
31793 12924 700 5 700 0.01 0.54
39069 15033 700 5 700 0.01 0.56
41046 15294 700 5 700 0.01 0.56
38313 15483 700 5 700 0.01 0.56
45524 17752 700 5 700 0.01 0.56
29690 12212 700 5 700 0.01 0.58
43238 16776 700 5 700 0.01 0.58
48054 17323 700 5 700 0.01 0.58
32865 13473 700 5 700 0.01 0.58
5100 4048 700 5 700 0.01 0.6
5985 5200 700 5 700 0.01 0.6
6605 5452 700 5 700 0.01 0.6
6974 5685 700 5 700 0.01 0.6
5765 4694 700 5 700 0.01 0.62
7334 5388 700 5 700 0.01 0.62
9155 6575 700 5 700 0.01 0.62
6680 5725 700 5 700 0.01 0.62
4873 4285 700 5 700 0.01 0.64
10035 7120 700 5 700 0.01 0.64
14464 8444 700 5 700 0.01 0.64
9408 7141 700 5 700 0.01 0.64
4605 4393 700 5 700 0.01 0.66
6203 4678 700 5 700 0.01 0.66
7028 5486 700 5 700 0.01 0.66
5822 5015 700 5 700 0.01 0.66
5016 4531 700 5 700 0.01 0.68
8634 5967 700 5 700 0.01 0.68
11408 8104 700 5 700 0.01 0.68
3899 3857 700 5 700 0.01 0.68
7446 5368 700 5 700 0.01 0.7
4926 4689 700 5 700 0.01 0.7
5617 5020 700 5 700 0.01 0.7
7413 5583 700 5 700 0.01 0.7
102079 53701 700 5 700 0.015 0.5
87792 46762 700 5 700 0.015 0.5
208038 88185 700 5 700 0.015 0.5
188494 89227 700 5 700 0.015 0.5
175421 76224 700 5 700 0.015 0.52
145216 65939 700 5 700 0.015 0.52
249353 89320 700 5 700 0.015 0.52
112114 55266 700 5 700 0.015 0.52
230764 87461 700 5 700 0.015 0.54
131959 58635 700 5 700 0.015 0.54
228059 92001 700 5 700 0.015 0.54
156518 78614 700 5 700 0.015 0.54
82327 44086 700 5 700 0.015 0.56
151380 63006 700 5 700 0.015 0.56
197457 87871 700 5 700 0.015 0.56
148014 71623 700 5 700 0.015 0.56
167936 78695 700 5 700 0.015 0.58
197207 90388 700 5 700 0.015 0.58
150059 62368 700 5 700 0.015 0.58
221550 101233 700 5 700 0.015 0.58
32503 21435 700 5 700 0.015 0.6
44727 24296 700 5 700 0.015 0.6
64118 37091 700 5 700 0.015 0.6
33726 20892 700 5 700 0.015 0.6
49638 28793 700 5 700 0.015 0.62
44030 28582 700 5 700 0.015 0.62
93717 46519 700 5 700 0.015 0.62
39261 25187 700 5 700 0.015 0.62
46794 30748 700 5 700 0.015 0.64
32252 21889 700 5 700 0.015 0.64
57187 33673 700 5 700 0.015 0.64
34044 23202 700 5 700 0.015 0.64
64750 35414 700 5 700 0.015 0.66
35522 22998 700 5 700 0.015 0.66
73349 36749 700 5 700 0.015 0.66
51562 28253 700 5 700 0.015 0.66
65237 31393 700 5 700 0.015 0.68
55687 31866 700 5 700 0.015 0.68
65480 38466 700 5 700 0.015 0.68
56283 30625 700 5 700 0.015 0.68
50781 30170 700 5 700 0.015 0.7
51791 34843 700 5 700 0.015 0.7
77242 45276 700 5 700 0.015 0.7
66928 37557 700 5 700 0.015 0.7
384941 196888 700 5 700 0.02 0.5
320544 200000 700 5 700 0.02 0.5
373977 200000 700 5 700 0.02 0.5
358756 200000 700 5 700 0.02 0.5
347416 200000 700 5 700 0.02 0.52
333231 200000 700 5 700 0.02 0.52
332885 200000 700 5 700 0.02 0.52
372979 200000 700 5 700 0.02 0.52
365940 200000 700 5 700 0.02 0.54
371830 200000 700 5 700 0.02 0.54
373997 200000 700 5 700 0.02 0.54
368262 200000 700 5 700 0.02 0.54
341173 200000 700 5 700 0.02 0.56
365056 200000 700 5 700 0.02 0.56
381876 200000 700 5 700 0.02 0.56
360392 200000 700 5 700 0.02 0.56
308515 200000 700 5 700 0.02 0.58
361875 200000 700 5 700 0.02 0.58
388530 200000 700 5 700 0.02 0.58
407845 192363 700 5 700 0.02 0.58
281988 167357 700 5 700 0.02 0.6
358447 200000 700 5 700 0.02 0.6
364633 200000 700 5 700 0.02 0.6
332480 200000 700 5 700 0.02 0.6
316911 200000 700 5 700 0.02 0.62
371865 200000 700 5 700 0.02 0.62
349575 200000 700 5 700 0.02 0.62
346580 200000 700 5 700 0.02 0.62
317500 175959 700 5 700 0.02 0.64
367312 200000 700 5 700 0.02 0.64
329946 200000 700 5 700 0.02 0.64
398599 200000 700 5 700 0.02 0.64
394238 200000 700 5 700 0.02 0.66
311338 184804 700 5 700 0.02 0.66
384687 200000 700 5 700 0.02 0.66
378264 200000 700 5 700 0.02 0.66
333570 200000 700 5 700 0.02 0.68
311806 200000 700 5 700 0.02 0.68
363728 200000 700 5 700 0.02 0.68
303865 200000 700 5 700 0.02 0.68
320628 200000 700 5 700 0.02 0.7
326106 200000 700 5 700 0.02 0.7
331004 200000 700 5 700 0.02 0.7
320910 175687 700 5 700 0.02 0.7
42757 14347 700 5 875 0.01 0.5
36465 12692 700 5 875 0.01 0.5
46059 15020 700 5 875 0.01 0.5
52233 15425 700 5 875 0.01 0.5
62855 17581 700 5 875 0.01 0.52
54714 15743 700 5 875 0.01 0.52
53108 15184 700 5 875 0.01 0.52
72032 21022 700 5 875 0.01 0.52
54229 16260 700 5 875 0.01 0.54
51993 15257 700 5 875 0.01 0.54
45555 14050 700 5 875 0.01 0.54
63907 19203 700 5 875 0.01 0.54
58715 16953 700 5 875 0.01 0.56
40987 12914 700 5 875 0.01 0.56
59228 17019 700 5 875 0.01 0.56
58901 17932 700 5 875 0.01 0.56
71773 19827 700 5 875 0.01 0.58
50905 16475 700 5 875 0.01 0.58
58289 15599 700 5 875 0.01 0.58
70065 18784 700 5 875 0.01 0.58
5862 4363 700 5 875 0.01 0.6
8637 5264 700 5 875 0.01 0.6
6507 4781 700 5 875 0.01 0.6
10678 6136 700 5 875 0.01 0.6
7555 5307 700 5 875 0.01 0.62
15297 7773 700 5 875 0.01 0.62
10778 5886 700 5 875 0.01 0.62
14383 7670 700 5 875 0.01 0.62
4962 3889 700 5 875 0.01 0.64
6088 4486 700 5 875 0.01 0.64
9050 5919 700 5 875 0.01 0.64
6527 5119 700 5 875 0.01 0.64
8195 5464 700 5 875 0.01 0.66
5131 4273 700 5 875 0.01 0.66
14388 7217 700 5 875 0.01 0.66
6394 4744 700 5 875 0.01 0.66
6418 4643 700 5 875 0.01 0.68
15408 7833 700 5 875 0.01 0.68
8271 5506 700 5 875 0.01 0.68
15239 8200 700 5 875 0.01 0.68
9861 5903 700 5 875 0.01 0.7
5057 3986 700 5 875 0.01 0.7
7834 4976 700 5 875 0.01 0.7
11997 6906 700 5 875 0.01 0.7
166335 55781 700 5 875 0.015 0.5
214874 61860 700 5 875 0.015 0.5
295772 98261 700 5 875 0.015 0.5
320967 98207 700 5 875 0.015 0.5
248565 78196 700 5 875 0.015 0.52
234422 80187 700 5 875 0.015 0.52
284118 79047 700 5 875 0.015 0.52
236620 77849 700 5 875 0.015 0.52
178450 65545 700 5 875 0.015 0.54
269483 82223 700 5 875 0.015 0.54
280118 86365 700 5 875 0.015 0.54
192168 66236 700 5 875 0.015 0.54
170675 61090 700 5 875 0.015 0.56
209734 68798 700 5 875 0.015 0.56
250610 85021 700 5 875 0.015 0.56
175125 57130 700 5 875 0.015 0.56
254009 83715 700 5 875 0.015 0.58
181988 64091 700 5 875 0.015 0.58
196529 64869 700 5 875 0.015 0.58
241754 73044 700 5 875 0.015 0.58
96239 36560 700 5 875 0.015 0.6
65282 30319 700 5 875 0.015 0.6
90422 39128 700 5 875 0.015 0.6
91097 38101 700 5 875 0.015 0.6
58154 26080 700 5 875 0.015 0.62
68051 33150 700 5 875 0.015 0.62
84312 38155 700 5 875 0.015 0.62
95212 38720 700 5 875 0.015 0.62
59667 28817 700 5 875 0.015 0.64
88875 41586 700 5 875 0.015 0.64
86471 36621 700 5 875 0.015 0.64
136861 47559 700 5 875 0.015 0.64
52814 27916 700 5 875 0.015 0.66
43680 23052 700 5 875 0.015 0.66
76520 33308 700 5 875 0.015 0.66
45493 23019 700 5 875 0.015 0.66
49204 22806 700 5 875 0.015 0.68
79913 35881 700 5 875 0.015 0.68
118511 43787 700 5 875 0.015 0.68
149670 54055 700 5 875 0.015 0.68
63898 28873 700 5 875 0.015 0.7
53005 22600 700 5 875 0.015 0.7
130164 49087 700 5 875 0.015 0.7
106037 38092 700 5 875 0.015 0.7
490082 200000 700 5 875 0.02 0.5
452652 200000 700 5 875 0.02 0.5
485976 200000 700 5 875 0.02 0.5
491159 200000 700 5 875 0.02 0.5
444581 200000 700 5 875 0.02 0.52
501737 200000 700 5 875 0.02 0.52
485166 200000 700 5 875 0.02 0.52
498677 200000 700 5 875 0.02 0.52
466067 200000 700 5 875 0.02 0.54
454487 200000 700 5 875 0.02 0.54
538067 200000 700 5 875 0.02 0.54
483259 200000 700 5 875 0.02 0.54
453150 200000 700 5 875 0.02 0.56
468536 200000 700 5 875 0.02 0.56
479776 200000 700 5 875 0.02 0.56
457470 200000 700 5 875 0.02 0.56
441860 200000 700 5 875 0.02 0.58
432174 200000 700 5 875 0.02 0.58
502406 200000 700 5 875 0.02 0.58
419544 200000 700 5 875 0.02 0.58
527801 200000 700 5 875 0.02 0.6
482029 200000 700 5 875 0.02 0.6
506610 200000 700 5 875 0.02 0.6
519550 200000 700 5 875 0.02 0.6
318826 142439 700 5 875 0.02 0.62
481887 200000 700 5 875 0.02 0.62
456161 200000 700 5 875 0.02 0.62
379005 200000 700 5 875 0.02 0.62
466000 200000 700 5 875 0.02 0.64
398505 162854 700 5 875 0.02 0.64
479082 200000 700 5 875 0.02 0.64
406450 200000 700 5 875 0.02 0.64
479378 200000 700 5 875 0.02 0.66
251703 114848 700 5 875 0.02 0.66
483241 200000 700 5 875 0.02 0.66
440223 200000 700 5 875 0.02 0.66
492224 200000 700 5 875 0.02 0.68
393638 200000 700 5 875 0.02 0.68
540055 200000 700 5 875 0.02 0.68
536415 200000 700 5 875 0.02 0.68
369831 160851 700 5 875 0.02 0.7
427847 200000 700 5 875 0.02 0.7
474108 200000 700 5 875 0.02 0.7
459593 190052 700 5 875 0.02 0.7
17983 6943 700 10 525 0.01 0.5
17118 6312 700 10 525 0.01 0.5
17114 6175 700 10 525 0.01 0.5
19731 7781 700 10 525 0.01 0.5
4730 2532 700 10 525 0.01 0.52
6377 3236 700 10 525 0.01 0.52
7869 3429 700 10 525 0.01 0.52
5375 3020 700 10 525 0.01 0.52
7573 3672 700 10 525 0.01 0.54
4800 2978 700 10 525 0.01 0.54
6133 3153 700 10 525 0.01 0.54
7079 3518 700 10 525 0.01 0.54
3307 2253 700 10 525 0.01 0.56
6664 3311 700 10 525 0.01 0.56
8045 3767 700 10 525 0.01 0.56
8659 4029 700 10 525 0.01 0.56
3501 2486 700 10 525 0.01 0.58
4607 3097 700 10 525 0.01 0.58
9310 4221 700 10 525 0.01 0.58
6499 3378 700 10 525 0.01 0.58
2078 1863 700 10 525 0.01 0.6
1359 1448 700 10 525 0.01 0.6
4235 2579 700 10 525 0.01 0.6
1575 1693 700 10 525 0.01 0.6
2199 1841 700 10 525 0.01 0.62
2636 2110 700 10 525 0.01 0.62
5184 2749 700 10 525 0.01 0.62
2588 2010 700 10 525 0.01 0.62
3852 2562 700 10 525 0.01 0.64
2393 2076 700 10 525 0.01 0.64
5447 3204 700 10 525 0.01 0.64
1482 1557 700 10 525 0.01 0.64
1762 1604 700 10 525 0.01 0.66
2184 1903 700 10 525 0.01 0.66
2595 1985 700 10 525 0.01 0.66
2586 2267 700 10 525 0.01 0.66
2804 2215 700 10 525 0.01 0.68
2955 2182 700 10 525 0.01 0.68
3213 2493 700 10 525 0.01 0.68
2652 2002 700 10 525 0.01 0.68
1338 1425 700 10 525 0.01 0.7
2086 2037 700 10 525 0.01 0.7
3581 2548 700 10 525 0.01 0.7
2946 2574 700 10 525 0.01 0.7
50781 22547 700 10 525 0.015 0.5
31358 17863 700 10 525 0.015 0.5
42993 21925 700 10 525 0.015 0.5
42250 20938 700 10 525 0.015 0.5
23153 13407 700 10 525 0.015 0.52
16560 10520 700 10 525 0.015 0.52
42275 18659 700 10 525 0.015 0.52
32290 17710 700 10 525 0.015 0.52
23702 14938 700 10 525 0.015 0.54
19592 12835 700 10 525 0.015 0.54
34955 17695 700 10 525 0.015 0.54
30133 14273 700 10 525 0.015 0.54
19951 13072 700 10 525 0.015 0.56
28272 15582 700 10 525 0.015 0.56
42941 19240 700 10 525 0.015 0.56
23029 12888 700 10 525 0.015 0.56
27325 13911 700 10 525 0.015 0.58
16686 9656 700 10 525 0.015 0.58
38755 18007 700 10 525 0.015 0.58
30376 16296 700 10 525 0.015 0.58
11199 7326 700 10 525 0.015 0.6
15282 9584 700 10 525 0.015 0.6
9853 6570 700 10 525 0.015 0.6
27313 15326 700 10 525 0.015 0.6
15100 10232 700 10 525 0.015 0.62
12023 7786 700 10 525 0.015 0.62
14533 10312 700 10 525 0.015 0.62
15693 10109 700 10 525 0.015 0.62
5724 4949 700 10 525 0.015 0.64
11184 8502 700 10 525 0.015 0.64
11423 8274 700 10 525 0.015 0.64
12455 8816 700 10 525 0.015 0.64
23882 10980 700 10 525 0.015 0.66
15119 8449 700 10 525 0.015 0.66
15521 8409 700 10 525 0.015 0.66
27131 12799 700 10 525 0.015 0.66
10449 6082 700 10 525 0.015 0.68
13146 7213 700 10 525 0.015 0.68
11343 5957 700 10 525 0.015 0.68
18474 9748 700 10 525 0.015 0.68
4297 4094 700 10 525 0.015 0.7
6231 5836 700 10 525 0.015 0.7
10054 7655 700 10 525 0.015 0.7
6168 5594 700 10 525 0.015 0.7
203704 120289 700 10 525 0.02 0.5
177467 101543 700 10 525 0.02 0.5
294991 158696 700 10 525 0.02 0.5
203144 111611 700 10 525 0.02 0.5
101516 65587 700 10 525 0.02 0.52
136925 79929 700 10 525 0.02 0.52
122328 80590 700 10 525 0.02 0.52
164011 104352 700 10 525 0.02 0.52
97374 60486 700 10 525 0.02 0.54
115510 75652 700 10 525 0.02 0.54
96057 60997 700 10 525 0.02 0.54
164805 92998 700 10 525 0.02 0.54
159144 77792 700 10 525 0.02 0.56
90509 51404 700 10 525 0.02 0.56
289691 142402 700 10 525 0.02 0.56
167289 97797 700 10 525 0.02 0.56
105896 63373 700 10 525 0.02 0.58
177767 106859 700 10 525 0.02 0.58
251849 149513 700 10 525 0.02 0.58
166576 101425 700 10 525 0.02 0.58
119576 78134 700 10 525 0.02 0.6
137282 79673 700 10 525 0.02 0.6
149594 85083 700 10 525 0.02 0.6
129111 85218 700 10 525 0.02 0.6
105490 68325 700 10 525 0.02 0.62
122349 80332 700 10 525 0.02 0.62
132657 79961 700 10 525 0.02 0.62
140624 90491 700 10 525 0.02 0.62
118032 84251 700 10 525 0.02 0.64
114208 68023 700 10 525 0.02 0.64
127228 81305 700 10 525 0.02 0.64
108946 69894 700 10 525 0.02 0.64
146260 88428 700 10 525 0.02 0.66
87220 62055 700 10 525 0.02 0.66
132713 84018 700 10 525 0.02 0.66
170156 112456 700 10 525 0.02 0.66
112661 73620 700 10 525 0.02 0.68
110960 79064 700 10 525 0.02 0.68
107587 78425 700 10 525 0.02 0.68
121425 74891 700 10 525 0.02 0.68
83851 59289 700 10 525 0.02 0.7
63285 46473 700 10 525 0.02 0.7
141268 89418 700 10 525 0.02 0.7
62903 45283 700 10 525 0.02 0.7
27830 6773 700 10 700 0.01 0.5
26472 7241 700 10 700 0.01 0.5
28063 7613 700 10 700 0.01 0.5
31037 7412 700 10 700 0.01 0.5
8020 3452 700 10 700 0.01 0.52
6313 2767 700 10 700 0.01 0.52
10007 3419 700 10 700 0.01 0.52
8866 3483 700 10 700 0.01 0.52
8877 3617 700 10 700 0.01 0.54
8424 3854 700 10 700 0.01 0.54
11175 3986 700 10 700 0.01 0.54
9066 3575 700 10 700 0.01 0.54
8217 3576 700 10 700 0.01 0.56
4933 2900 700 10 700 0.01 0.56
9578 3632 700 10 700 0.01 0.56
7980 3511 700 10 700 0.01 0.56
6114 2865 700 10 700 0.01 0.58
6719 2920 700 10 700 0.01 0.58
9500 3718 700 10 700 0.01 0.58
8373 3640 700 10 700 0.01 0.58
3254 2086 700 10 700 0.01 0.6
4537 2479 700 10 700 0.01 0.6
2823 2155 700 10 700 0.01 0.6
6076 3068 700 10 700 0.01 0.6
2668 1999 700 10 700 0.01 0.62
2382 1778 700 10 700 0.01 0.62
3180 2136 700 10 700 0.01 0.62
2188 1837 700 10 700 0.01 0.62
2176 1795 700 10 700 0.01 0.64
1987 1798 700 10 700 0.01 0.64
4904 2641 700 10 700 0.01 0.64
4014 2100 700 10 700 0.01 0.64
2394 1650 700 10 700 0.01 0.66
2854 2331 700 10 700 0.01 0.66
5513 2530 700 10 700 0.01 0.66
2293 1919 700 10 700 0.01 0.66
3034 2086 700 10 700 0.01 0.68
3337 2232 700 10 700 0.01 0.68
3928 2274 700 10 700 0.01 0.68
7280 3398 700 10 700 0.01 0.68
1454 1336 700 10 700 0.01 0.7
1423 1360 700 10 700 0.01 0.7
3990 2679 700 10 700 0.01 0.7
1672 1675 700 10 700 0.01 0.7
72541 27752 700 10 700 0.015 0.5
91944 30750 700 10 700 0.015 0.5
104812 31984 700 10 700 0.015 0.5
75327 26025 700 10 700 0.015 0.5
23096 11447 700 10 700 0.015 0.52
37886 15927 700 10 700 0.015 0.52
22084 11359 700 10 700 0.015 0.52
47735 18617 700 10 700 0.015 0.52
20642 10329 700 10 700 0.015 0.54
25085 11269 700 10 700 0.015 0.54
31220 12908 700 10 700 0.015 0.54
44969 17338 700 10 700 0.015 0.54
24173 11514 700 10 700 0.015 0.56
16529 9191 700 10 700 0.015 0.56
33481 13800 700 10 700 0.015 0.56
29784 13193 700 10 700 0.015 0.56
33117 13755 700 10 700 0.015 0.58
29063 13638 700 10 700 0.015 0.58
29366 12593 700 10 700 0.015 0.58
38019 13835 700 10 700 0.015 0.58
4672 3776 700 10 700 0.015 0.6
7594 5172 700 10 700 0.015 0.6
8440 5079 700 10 700 0.015 0.6
13480 7795 700 10 700 0.015 0.6
10899 6911 700 10 700 0.015 0.62
10584 7116 700 10 700 0.015 0.62
11882 6330 700 10 700 0.015 0.62
23508 11410 700 10 700 0.015 0.62
6676 4864 700 10 700 0.015 0.64
8527 5464 700 10 700 0.015 0.64
25105 12572 700 10 700 0.015 0.64
16968 9353 700 10 700 0.015 0.64
8661 5535 700 10 700 0.015 0.66
15951 8901 700 10 700 0.015 0.66
21732 10106 700 10 700 0.015 0.66
20309 10322 700 10 700 0.015 0.66
14590 8162 700 10 700 0.015 0.68
9811 6425 700 10 700 0.015 0.68
9616 5388 700 10 700 0.015 0.68
25688 12983 700 10 700 0.015 0.68
3940 3320 700 10 700 0.015 0.7
5033 4153 700 10 700 0.015 0.7
6609 5149 700 10 700 0.015 0.7
4740 3880 700 10 700 0.015 0.7
262130 98419 700 10 700 0.02 0.5
413293 139230 700 10 700 0.02 0.5
464493 163856 700 10 700 0.02 0.5
434541 176537 700 10 700 0.02 0.5
226453 86976 700 10 700 0.02 0.52
200172 90295 700 10 700 0.02 0.52
351548 126610 700 10 700 0.02 0.52
256132 106018 700 10 700 0.02 0.52
214753 90759 700 10 700 0.02 0.54
217717 92630 700 10 700 0.02 0.54
224753 93985 700 10 700 0.02 0.54
222807 89206 700 10 700 0.02 0.54
209332 92074 700 10 700 0.02 0.56
303764 105877 700 10 700 0.02 0.56
346600 145623 700 10 700 0.02 0.56
273502 112441 700 10 700 0.02 0.56
272787 102675 700 10 700 0.02 0.58
136072 71269 700 10 700 0.02 0.58
217559 93287 700 10 700 0.02 0.58
263224 115770 700 10 700 0.02 0.58
175143 77408 700 10 700 0.02 0.6
105142 52625 700 10 700 0.02 0.6
191466 87179 700 10 700 0.02 0.6
172095 84597 700 10 700 0.02 0.6
105206 51621 700 10 700 0.02 0.62
126890 63686 700 10 700 0.02 0.62
150840 75315 700 10 700 0.02 0.62
289350 126697 700 10 700 0.02 0.62
