361 1510 100 10 75 0.01 0.5
365 2167 100 10 75 0.01 0.5
580 2709 100 10 75 0.01 0.5
238 1528 100 10 75 0.01 0.5
119 630 100 10 75 0.01 0.52
114 765 100 10 75 0.01 0.52
157 884 100 10 75 0.01 0.52
157 1075 100 10 75 0.01 0.52
100 641 100 10 75 0.01 0.54
98 677 100 10 75 0.01 0.54
204 1347 100 10 75 0.01 0.54
113 799 100 10 75 0.01 0.54
76 527 100 10 75 0.01 0.56
90 624 100 10 75 0.01 0.56
114 776 100 10 75 0.01 0.56
72 498 100 10 75 0.01 0.56
78 534 100 10 75 0.01 0.58
102 702 100 10 75 0.01 0.58
147 1003 100 10 75 0.01 0.58
106 747 100 10 75 0.01 0.58
50 361 100 10 75 0.01 0.6
50 351 100 10 75 0.01 0.6
45 328 100 10 75 0.01 0.6
60 420 100 10 75 0.01 0.6
47 343 100 10 75 0.01 0.62
43 314 100 10 75 0.01 0.62
55 383 100 10 75 0.01 0.62
68 477 100 10 75 0.01 0.62
46 325 100 10 75 0.01 0.64
44 315 100 10 75 0.01 0.64
45 321 100 10 75 0.01 0.64
63 457 100 10 75 0.01 0.64
49 351 100 10 75 0.01 0.66
50 362 100 10 75 0.01 0.66
55 386 100 10 75 0.01 0.66
61 436 100 10 75 0.01 0.66
58 396 100 10 75 0.01 0.68
49 356 100 10 75 0.01 0.68
55 389 100 10 75 0.01 0.68
61 436 100 10 75 0.01 0.68
31 224 100 10 75 0.01 0.7
36 259 100 10 75 0.01 0.7
30 217 100 10 75 0.01 0.7
54 391 100 10 75 0.01 0.7
116 768 100 10 75 0.015 0.5
108 719 100 10 75 0.015 0.5
169 1097 100 10 75 0.015 0.5
182 1221 100 10 75 0.015 0.5
52 367 100 10 75 0.015 0.52
57 397 100 10 75 0.015 0.52
85 587 100 10 75 0.015 0.52
99 684 100 10 75 0.015 0.52
67 456 100 10 75 0.015 0.54
83 550 100 10 75 0.015 0.54
81 551 100 10 75 0.015 0.54
90 612 100 10 75 0.015 0.54
85 576 100 10 75 0.015 0.56
55 378 100 10 75 0.015 0.56
57 402 100 10 75 0.015 0.56
87 593 100 10 75 0.015 0.56
100 662 100 10 75 0.015 0.58
41 287 100 10 75 0.015 0.58
75 503 100 10 75 0.015 0.58
74 508 100 10 75 0.015 0.58
32 234 100 10 75 0.015 0.6
42 251 100 10 75 0.015 0.6
26 190 100 10 75 0.015 0.6
61 374 100 10 75 0.015 0.6
24 180 100 10 75 0.015 0.62
42 276 100 10 75 0.015 0.62
42 303 100 10 75 0.015 0.62
42 288 100 10 75 0.015 0.62
44 306 100 10 75 0.015 0.64
30 218 100 10 75 0.015 0.64
45 324 100 10 75 0.015 0.64
39 291 100 10 75 0.015 0.64
38 273 100 10 75 0.015 0.66
41 288 100 10 75 0.015 0.66
40 286 100 10 75 0.015 0.66
45 312 100 10 75 0.015 0.66
31 229 100 10 75 0.015 0.68
43 292 100 10 75 0.015 0.68
48 334 100 10 75 0.015 0.68
66 494 100 10 75 0.015 0.68
23 191 100 10 75 0.015 0.7
18 167 100 10 75 0.015 0.7
18 146 100 10 75 0.015 0.7
33 287 100 10 75 0.015 0.7
90 706 100 10 75 0.02 0.5
81 646 100 10 75 0.02 0.5
115 897 100 10 75 0.02 0.5
63 494 100 10 75 0.02 0.5
33 284 100 10 75 0.02 0.52
45 327 100 10 75 0.02 0.52
55 424 100 10 75 0.02 0.52
44 381 100 10 75 0.02 0.52
37 310 100 10 75 0.02 0.54
47 388 100 10 75 0.02 0.54
44 358 100 10 75 0.02 0.54
56 442 100 10 75 0.02 0.54
47 333 100 10 75 0.02 0.56
60 480 100 10 75 0.02 0.56
57 413 100 10 75 0.02 0.56
52 434 100 10 75 0.02 0.56
53 396 100 10 75 0.02 0.58
46 382 100 10 75 0.02 0.58
46 348 100 10 75 0.02 0.58
54 452 100 10 75 0.02 0.58
28 185 100 10 75 0.02 0.6
27 240 100 10 75 0.02 0.6
37 261 100 10 75 0.02 0.6
30 268 100 10 75 0.02 0.6
21 185 100 10 75 0.02 0.62
23 204 100 10 75 0.02 0.62
25 224 100 10 75 0.02 0.62
24 209 100 10 75 0.02 0.62
26 228 100 10 75 0.02 0.64
20 170 100 10 75 0.02 0.64
27 233 100 10 75 0.02 0.64
25 223 100 10 75 0.02 0.64
20 182 100 10 75 0.02 0.66
22 192 100 10 75 0.02 0.66
24 205 100 10 75 0.02 0.66
25 210 100 10 75 0.02 0.66
26 226 100 10 75 0.02 0.68
29 247 100 10 75 0.02 0.68
32 273 100 10 75 0.02 0.68
24 219 100 10 75 0.02 0.68
20 185 100 10 75 0.02 0.7
20 164 100 10 75 0.02 0.7
21 128 100 10 75 0.02 0.7
23 194 100 10 75 0.02 0.7
126 870 100 10 100 0.01 0.5
191 1251 100 10 100 0.01 0.5
193 1260 100 10 100 0.01 0.5
215 1487 100 10 100 0.01 0.5
106 693 100 10 100 0.01 0.52
73 554 100 10 100 0.01 0.52
117 812 100 10 100 0.01 0.52
106 779 100 10 100 0.01 0.52
122 880 100 10 100 0.01 0.54
104 774 100 10 100 0.01 0.54
113 809 100 10 100 0.01 0.54
115 848 100 10 100 0.01 0.54
100 740 100 10 100 0.01 0.56
71 535 100 10 100 0.01 0.56
137 975 100 10 100 0.01 0.56
108 807 100 10 100 0.01 0.56
107 772 100 10 100 0.01 0.58
106 754 100 10 100 0.01 0.58
141 1005 100 10 100 0.01 0.58
91 665 100 10 100 0.01 0.58
48 356 100 10 100 0.01 0.6
53 367 100 10 100 0.01 0.6
49 379 100 10 100 0.01 0.6
62 433 100 10 100 0.01 0.6
43 338 100 10 100 0.01 0.62
40 326 100 10 100 0.01 0.62
51 411 100 10 100 0.01 0.62
79 625 100 10 100 0.01 0.62
44 357 100 10 100 0.01 0.64
40 314 100 10 100 0.01 0.64
53 417 100 10 100 0.01 0.64
65 519 100 10 100 0.01 0.64
47 369 100 10 100 0.01 0.66
51 407 100 10 100 0.01 0.66
57 450 100 10 100 0.01 0.66
49 398 100 10 100 0.01 0.66
32 262 100 10 100 0.01 0.68
49 389 100 10 100 0.01 0.68
29 243 100 10 100 0.01 0.68
90 691 100 10 100 0.01 0.68
24 195 100 10 100 0.01 0.7
27 236 100 10 100 0.01 0.7
38 315 100 10 100 0.01 0.7
28 243 100 10 100 0.01 0.7
157 1068 100 10 100 0.015 0.5
101 696 100 10 100 0.015 0.5
197 1314 100 10 100 0.015 0.5
178 1241 100 10 100 0.015 0.5
51 407 100 10 100 0.015 0.52
48 366 100 10 100 0.015 0.52
85 621 100 10 100 0.015 0.52
55 421 100 10 100 0.015 0.52
98 660 100 10 100 0.015 0.54
51 377 100 10 100 0.015 0.54
113 752 100 10 100 0.015 0.54
51 398 100 10 100 0.015 0.54
64 468 100 10 100 0.015 0.56
46 356 100 10 100 0.015 0.56
44 328 100 10 100 0.015 0.56
68 498 100 10 100 0.015 0.56
62 451 100 10 100 0.015 0.58
84 604 100 10 100 0.015 0.58
48 354 100 10 100 0.015 0.58
104 736 100 10 100 0.015 0.58
45 346 100 10 100 0.015 0.6
34 265 100 10 100 0.015 0.6
52 395 100 10 100 0.015 0.6
34 276 100 10 100 0.015 0.6
54 413 100 10 100 0.015 0.62
32 241 100 10 100 0.015 0.62
52 415 100 10 100 0.015 0.62
36 272 100 10 100 0.015 0.62
26 216 100 10 100 0.015 0.64
35 232 100 10 100 0.015 0.64
34 279 100 10 100 0.015 0.64
57 402 100 10 100 0.015 0.64
39 264 100 10 100 0.015 0.66
36 287 100 10 100 0.015 0.66
43 298 100 10 100 0.015 0.66
42 326 100 10 100 0.015 0.66
35 277 100 10 100 0.015 0.68
32 241 100 10 100 0.015 0.68
33 264 100 10 100 0.015 0.68
42 309 100 10 100 0.015 0.68
35 239 100 10 100 0.015 0.7
17 144 100 10 100 0.015 0.7
34 229 100 10 100 0.015 0.7
31 254 100 10 100 0.015 0.7
68 468 100 10 100 0.02 0.5
73 515 100 10 100 0.02 0.5
83 564 100 10 100 0.02 0.5
74 523 100 10 100 0.02 0.5
57 363 100 10 100 0.02 0.52
46 344 100 10 100 0.02 0.52
56 367 100 10 100 0.02 0.52
58 430 100 10 100 0.02 0.52
58 394 100 10 100 0.02 0.54
49 275 100 10 100 0.02 0.54
72 443 100 10 100 0.02 0.54
74 458 100 10 100 0.02 0.54
55 380 100 10 100 0.02 0.56
46 349 100 10 100 0.02 0.56
84 562 100 10 100 0.02 0.56
44 340 100 10 100 0.02 0.56
30 236 100 10 100 0.02 0.58
45 329 100 10 100 0.02 0.58
41 300 100 10 100 0.02 0.58
61 465 100 10 100 0.02 0.58
20 170 100 10 100 0.02 0.6
26 219 100 10 100 0.02 0.6
20 171 100 10 100 0.02 0.6
25 209 100 10 100 0.02 0.6
27 213 100 10 100 0.02 0.62
21 179 100 10 100 0.02 0.62
31 232 100 10 100 0.02 0.62
33 266 100 10 100 0.02 0.62
21 138 100 10 100 0.02 0.64
26 214 100 10 100 0.02 0.64
46 303 100 10 100 0.02 0.64
22 180 100 10 100 0.02 0.64
22 173 100 10 100 0.02 0.66
28 215 100 10 100 0.02 0.66
17 144 100 10 100 0.02 0.66
42 323 100 10 100 0.02 0.66
45 291 100 10 100 0.02 0.68
22 183 100 10 100 0.02 0.68
40 264 100 10 100 0.02 0.68
28 223 100 10 100 0.02 0.68
14 116 100 10 100 0.02 0.7
12 98 100 10 100 0.02 0.7
20 171 100 10 100 0.02 0.7
16 135 100 10 100 0.02 0.7
192 1156 100 10 125 0.01 0.5
143 880 100 10 125 0.01 0.5
263 1534 100 10 125 0.01 0.5
199 1225 100 10 125 0.01 0.5
122 806 100 10 125 0.01 0.52
109 692 100 10 125 0.01 0.52
149 920 100 10 125 0.01 0.52
92 628 100 10 125 0.01 0.52
108 724 100 10 125 0.01 0.54
77 517 100 10 125 0.01 0.54
110 723 100 10 125 0.01 0.54
84 583 100 10 125 0.01 0.54
97 638 100 10 125 0.01 0.56
102 686 100 10 125 0.01 0.56
141 913 100 10 125 0.01 0.56
138 891 100 10 125 0.01 0.56
97 605 100 10 125 0.01 0.58
98 669 100 10 125 0.01 0.58
79 473 100 10 125 0.01 0.58
120 802 100 10 125 0.01 0.58
59 429 100 10 125 0.01 0.6
65 439 100 10 125 0.01 0.6
78 557 100 10 125 0.01 0.6
64 455 100 10 125 0.01 0.6
53 394 100 10 125 0.01 0.62
40 301 100 10 125 0.01 0.62
75 540 100 10 125 0.01 0.62
62 464 100 10 125 0.01 0.62
70 496 100 10 125 0.01 0.64
41 310 100 10 125 0.01 0.64
63 459 100 10 125 0.01 0.64
65 477 100 10 125 0.01 0.64
45 341 100 10 125 0.01 0.66
55 409 100 10 125 0.01 0.66
58 418 100 10 125 0.01 0.66
44 326 100 10 125 0.01 0.66
56 401 100 10 125 0.01 0.68
42 311 100 10 125 0.01 0.68
63 443 100 10 125 0.01 0.68
42 329 100 10 125 0.01 0.68
37 275 100 10 125 0.01 0.7
31 252 100 10 125 0.01 0.7
35 244 100 10 125 0.01 0.7
40 308 100 10 125 0.01 0.7
229 1338 100 10 125 0.015 0.5
171 1017 100 10 125 0.015 0.5
226 1347 100 10 125 0.015 0.5
19787 200000 100 10 125 0.015 0.5
60 413 100 10 125 0.015 0.52
69 478 100 10 125 0.015 0.52
77 494 100 10 125 0.015 0.52
58 406 100 10 125 0.015 0.52
97 626 100 10 125 0.015 0.54
45 317 100 10 125 0.015 0.54
78 539 100 10 125 0.015 0.54
68 450 100 10 125 0.015 0.54
75 480 100 10 125 0.015 0.56
53 370 100 10 125 0.015 0.56
63 420 100 10 125 0.015 0.56
87 582 100 10 125 0.015 0.56
64 429 100 10 125 0.015 0.58
38 277 100 10 125 0.015 0.58
89 570 100 10 125 0.015 0.58
63 439 100 10 125 0.015 0.58
34 261 100 10 125 0.015 0.6
34 261 100 10 125 0.015 0.6
36 267 100 10 125 0.015 0.6
34 262 100 10 125 0.015 0.6
44 327 100 10 125 0.015 0.62
46 329 100 10 125 0.015 0.62
58 410 100 10 125 0.015 0.62
41 292 100 10 125 0.015 0.62
33 199 100 10 125 0.015 0.64
22 175 100 10 125 0.015 0.64
47 307 100 10 125 0.015 0.64
38 291 100 10 125 0.015 0.64
39 233 100 10 125 0.015 0.66
34 260 100 10 125 0.015 0.66
46 253 100 10 125 0.015 0.66
35 262 100 10 125 0.015 0.66
41 254 100 10 125 0.015 0.68
29 222 100 10 125 0.015 0.68
49 290 100 10 125 0.015 0.68
37 270 100 10 125 0.015 0.68
26 186 100 10 125 0.015 0.7
18 148 100 10 125 0.015 0.7
30 223 100 10 125 0.015 0.7
20 164 100 10 125 0.015 0.7
92 530 100 10 125 0.02 0.5
133 805 100 10 125 0.02 0.5
155 897 100 10 125 0.02 0.5
75 486 100 10 125 0.02 0.5
60 411 100 10 125 0.02 0.52
49 329 100 10 125 0.02 0.52
64 425 100 10 125 0.02 0.52
48 330 100 10 125 0.02 0.52
48 343 100 10 125 0.02 0.54
34 245 100 10 125 0.02 0.54
53 361 100 10 125 0.02 0.54
73 483 100 10 125 0.02 0.54
45 322 100 10 125 0.02 0.56
38 269 100 10 125 0.02 0.56
64 427 100 10 125 0.02 0.56
40 301 100 10 125 0.02 0.56
55 371 100 10 125 0.02 0.58
56 375 100 10 125 0.02 0.58
88 547 100 10 125 0.02 0.58
48 354 100 10 125 0.02 0.58
22 171 100 10 125 0.02 0.6
33 242 100 10 125 0.02 0.6
39 292 100 10 125 0.02 0.6
24 189 100 10 125 0.02 0.6
22 166 100 10 125 0.02 0.62
24 184 100 10 125 0.02 0.62
35 248 100 10 125 0.02 0.62
25 199 100 10 125 0.02 0.62
33 198 100 10 125 0.02 0.64
29 228 100 10 125 0.02 0.64
49 310 100 10 125 0.02 0.64
20 163 100 10 125 0.02 0.64
19 160 100 10 125 0.02 0.66
28 209 100 10 125 0.02 0.66
34 266 100 10 125 0.02 0.66
28 215 100 10 125 0.02 0.66
32 237 100 10 125 0.02 0.68
25 196 100 10 125 0.02 0.68
34 255 100 10 125 0.02 0.68
40 291 100 10 125 0.02 0.68
14 112 100 10 125 0.02 0.7
24 194 100 10 125 0.02 0.7
16 128 100 10 125 0.02 0.7
24 180 100 10 125 0.02 0.7
58469 200000 100 40 75 0.01 0.5
55125 181104 100 40 75 0.01 0.5
61604 200000 100 40 75 0.01 0.5
61198 200000 100 40 75 0.01 0.5
33041 107176 100 40 75 0.01 0.52
14841 48121 100 40 75 0.01 0.52
60892 200000 100 40 75 0.01 0.52
42271 140072 100 40 75 0.01 0.52
51617 167293 100 40 75 0.01 0.54
33004 107039 100 40 75 0.01 0.54
56141 181454 100 40 75 0.01 0.54
44282 144322 100 40 75 0.01 0.54
62078 200000 100 40 75 0.01 0.56
18196 58696 100 40 75 0.01 0.56
54515 176194 100 40 75 0.01 0.56
61167 200000 100 40 75 0.01 0.56
10866 34926 100 40 75 0.01 0.58
19915 64139 100 40 75 0.01 0.58
31264 100126 100 40 75 0.01 0.58
18242 60181 100 40 75 0.01 0.58
12736 40946 100 40 75 0.01 0.6
10302 33206 100 40 75 0.01 0.6
11483 36886 100 40 75 0.01 0.6
21397 69840 100 40 75 0.01 0.6
18424 59209 100 40 75 0.01 0.62
10604 34312 100 40 75 0.01 0.62
22860 73706 100 40 75 0.01 0.62
10010 32459 100 40 75 0.01 0.62
5737 18507 100 40 75 0.01 0.64
3644 11768 100 40 75 0.01 0.64
6371 20516 100 40 75 0.01 0.64
5825 18925 100 40 75 0.01 0.64
2762 8899 100 40 75 0.01 0.66
5277 16988 100 40 75 0.01 0.66
4901 15773 100 40 75 0.01 0.66
3751 12140 100 40 75 0.01 0.66
2613 8406 100 40 75 0.01 0.68
1178 3810 100 40 75 0.01 0.68
1048 3338 100 40 75 0.01 0.68
3250 10541 100 40 75 0.01 0.68
973 3156 100 40 75 0.01 0.7
828 2693 100 40 75 0.01 0.7
1993 6482 100 40 75 0.01 0.7
1278 4235 100 40 75 0.01 0.7
10524 34125 100 40 75 0.015 0.5
14870 48244 100 40 75 0.015 0.5
49863 162518 100 40 75 0.015 0.5
22074 74166 100 40 75 0.015 0.5
12877 41308 100 40 75 0.015 0.52
8909 28415 100 40 75 0.015 0.52
19450 62630 100 40 75 0.015 0.52
2428 7787 100 40 75 0.015 0.52
8829 28447 100 40 75 0.015 0.54
9588 30803 100 40 75 0.015 0.54
5299 17163 100 40 75 0.015 0.54
15547 50044 100 40 75 0.015 0.54
5378 17208 100 40 75 0.015 0.56
16437 52702 100 40 75 0.015 0.56
18870 60523 100 40 75 0.015 0.56
4721 15289 100 40 75 0.015 0.56
4242 13645 100 40 75 0.015 0.58
5909 18938 100 40 75 0.015 0.58
10223 32808 100 40 75 0.015 0.58
4982 16465 100 40 75 0.015 0.58
1857 5988 100 40 75 0.015 0.6
2919 9418 100 40 75 0.015 0.6
2045 6585 100 40 75 0.015 0.6
2877 9277 100 40 75 0.015 0.6
1300 4234 100 40 75 0.015 0.62
3834 12333 100 40 75 0.015 0.62
4618 14795 100 40 75 0.015 0.62
3723 12277 100 40 75 0.015 0.62
698 2248 100 40 75 0.015 0.64
3048 9750 100 40 75 0.015 0.64
2272 7235 100 40 75 0.015 0.64
2480 8032 100 40 75 0.015 0.64
874 2266 100 40 75 0.015 0.66
493 1592 100 40 75 0.015 0.66
1072 2908 100 40 75 0.015 0.66
529 1725 100 40 75 0.015 0.66
260 832 100 40 75 0.015 0.68
403 1316 100 40 75 0.015 0.68
1010 3233 100 40 75 0.015 0.68
1126 3696 100 40 75 0.015 0.68
107 356 100 40 75 0.015 0.7
407 1323 100 40 75 0.015 0.7
488 1580 100 40 75 0.015 0.7
582 1906 100 40 75 0.015 0.7
9789 31669 100 40 75 0.02 0.5
8417 27276 100 40 75 0.02 0.5
22961 74338 100 40 75 0.02 0.5
16624 56416 100 40 75 0.02 0.5
5588 18008 100 40 75 0.02 0.52
4222 13650 100 40 75 0.02 0.52
13354 43414 100 40 75 0.02 0.52
3695 12273 100 40 75 0.02 0.52
2164 6996 100 40 75 0.02 0.54
8356 26962 100 40 75 0.02 0.54
11958 38384 100 40 75 0.02 0.54
8306 27180 100 40 75 0.02 0.54
1555 4943 100 40 75 0.02 0.56
1870 6029 100 40 75 0.02 0.56
3797 12198 100 40 75 0.02 0.56
2329 7676 100 40 75 0.02 0.56
1620 5123 100 40 75 0.02 0.58
1118 3551 100 40 75 0.02 0.58
7105 22839 100 40 75 0.02 0.58
2162 7094 100 40 75 0.02 0.58
461 1469 100 40 75 0.02 0.6
731 2345 100 40 75 0.02 0.6
2455 7940 100 40 75 0.02 0.6
340 1126 100 40 75 0.02 0.6
1568 5038 100 40 75 0.02 0.62
1132 3636 100 40 75 0.02 0.62
2183 6986 100 40 75 0.02 0.62
846 2725 100 40 75 0.02 0.62
538 1736 100 40 75 0.02 0.64
595 1946 100 40 75 0.02 0.64
734 2359 100 40 75 0.02 0.64
544 1783 100 40 75 0.02 0.64
245 796 100 40 75 0.02 0.66
440 1425 100 40 75 0.02 0.66
399 1303 100 40 75 0.02 0.66
546 1784 100 40 75 0.02 0.66
267 865 100 40 75 0.02 0.68
155 508 100 40 75 0.02 0.68
388 1253 100 40 75 0.02 0.68
321 1053 100 40 75 0.02 0.68
98 304 100 40 75 0.02 0.7
61 200 100 40 75 0.02 0.7
77 236 100 40 75 0.02 0.7
268 882 100 40 75 0.02 0.7
66626 200000 100 40 100 0.01 0.5
30352 91616 100 40 100 0.01 0.5
65601 200000 100 40 100 0.01 0.5
64982 200000 100 40 100 0.01 0.5
68838 200000 100 40 100 0.01 0.52
43366 130029 100 40 100 0.01 0.52
45202 134181 100 40 100 0.01 0.52
67112 200000 100 40 100 0.01 0.52
16184 48455 100 40 100 0.01 0.54
66865 200000 100 40 100 0.01 0.54
67157 200000 100 40 100 0.01 0.54
66166 200000 100 40 100 0.01 0.54
46622 138161 100 40 100 0.01 0.56
38242 113503 100 40 100 0.01 0.56
67572 200000 100 40 100 0.01 0.56
66352 200000 100 40 100 0.01 0.56
16222 48015 100 40 100 0.01 0.58
35674 105845 100 40 100 0.01 0.58
22382 66239 100 40 100 0.01 0.58
66523 200000 100 40 100 0.01 0.58
12176 35984 100 40 100 0.01 0.6
18529 54848 100 40 100 0.01 0.6
23960 70589 100 40 100 0.01 0.6
25413 76319 100 40 100 0.01 0.6
7370 21773 100 40 100 0.01 0.62
18121 53545 100 40 100 0.01 0.62
22590 66988 100 40 100 0.01 0.62
5639 16909 100 40 100 0.01 0.62
9999 29599 100 40 100 0.01 0.64
3256 9720 100 40 100 0.01 0.64
6296 18667 100 40 100 0.01 0.64
15812 47510 100 40 100 0.01 0.64
2992 8915 100 40 100 0.01 0.66
3790 11263 100 40 100 0.01 0.66
3629 10804 100 40 100 0.01 0.66
3581 10660 100 40 100 0.01 0.66
1328 3998 100 40 100 0.01 0.68
1530 4533 100 40 100 0.01 0.68
2310 6844 100 40 100 0.01 0.68
2175 6579 100 40 100 0.01 0.68
989 2920 100 40 100 0.01 0.7
833 2508 100 40 100 0.01 0.7
899 2649 100 40 100 0.01 0.7
1181 3565 100 40 100 0.01 0.7
8845 26580 100 40 100 0.015 0.5
22059 65703 100 40 100 0.015 0.5
28649 85154 100 40 100 0.015 0.5
65159 200000 100 40 100 0.015 0.5
11701 34357 100 40 100 0.015 0.52
11068 33185 100 40 100 0.015 0.52
26296 78938 100 40 100 0.015 0.52
26544 80889 100 40 100 0.015 0.52
54546 160771 100 40 100 0.015 0.54
6291 18613 100 40 100 0.015 0.54
40213 118954 100 40 100 0.015 0.54
30830 91509 100 40 100 0.015 0.54
4461 13201 100 40 100 0.015 0.56
9568 28489 100 40 100 0.015 0.56
16472 48871 100 40 100 0.015 0.56
12953 39189 100 40 100 0.015 0.56
9729 28433 100 40 100 0.015 0.58
2844 8412 100 40 100 0.015 0.58
9777 28633 100 40 100 0.015 0.58
9405 28157 100 40 100 0.015 0.58
3286 9716 100 40 100 0.015 0.6
2639 7762 100 40 100 0.015 0.6
3750 11064 100 40 100 0.015 0.6
3215 9532 100 40 100 0.015 0.6
4488 13195 100 40 100 0.015 0.62
1404 4164 100 40 100 0.015 0.62
4437 13083 100 40 100 0.015 0.62
3579 10666 100 40 100 0.015 0.62
1425 4226 100 40 100 0.015 0.64
2559 7581 100 40 100 0.015 0.64
2182 6428 100 40 100 0.015 0.64
3490 10409 100 40 100 0.015 0.64
1119 2254 100 40 100 0.015 0.66
1096 2051 100 40 100 0.015 0.66
2495 4621 100 40 100 0.015 0.66
765 2325 100 40 100 0.015 0.66
391 1174 100 40 100 0.015 0.68
306 934 100 40 100 0.015 0.68
402 1211 100 40 100 0.015 0.68
509 1537 100 40 100 0.015 0.68
223 680 100 40 100 0.015 0.7
245 748 100 40 100 0.015 0.7
547 1634 100 40 100 0.015 0.7
297 917 100 40 100 0.015 0.7
3230 9661 100 40 100 0.02 0.5
8578 25831 100 40 100 0.02 0.5
4682 13885 100 40 100 0.02 0.5
8750 26144 100 40 100 0.02 0.5
7734 22924 100 40 100 0.02 0.52
8212 24295 100 40 100 0.02 0.52
14585 43261 100 40 100 0.02 0.52
12674 38293 100 40 100 0.02 0.52
4895 14431 100 40 100 0.02 0.54
1462 4363 100 40 100 0.02 0.54
7428 22193 100 40 100 0.02 0.54
3978 12271 100 40 100 0.02 0.54
1010 2988 100 40 100 0.02 0.56
2512 7337 100 40 100 0.02 0.56
1646 4829 100 40 100 0.02 0.56
4340 12917 100 40 100 0.02 0.56
705 2085 100 40 100 0.02 0.58
1632 4848 100 40 100 0.02 0.58
2016 5991 100 40 100 0.02 0.58
1168 3546 100 40 100 0.02 0.58
584 1757 100 40 100 0.02 0.6
1247 3707 100 40 100 0.02 0.6
818 2448 100 40 100 0.02 0.6
1647 4915 100 40 100 0.02 0.6
799 2343 100 40 100 0.02 0.62
932 2784 100 40 100 0.02 0.62
1177 3444 100 40 100 0.02 0.62
1608 4827 100 40 100 0.02 0.62
232 656 100 40 100 0.02 0.64
1201 3538 100 40 100 0.02 0.64
1081 3120 100 40 100 0.02 0.64
607 1811 100 40 100 0.02 0.64
293 817 100 40 100 0.02 0.66
410 1214 100 40 100 0.02 0.66
609 1746 100 40 100 0.02 0.66
275 838 100 40 100 0.02 0.66
109 336 100 40 100 0.02 0.68
174 538 100 40 100 0.02 0.68
195 604 100 40 100 0.02 0.68
185 577 100 40 100 0.02 0.68
202 609 100 40 100 0.02 0.7
213 636 100 40 100 0.02 0.7
274 816 100 40 100 0.02 0.7
462 1403 100 40 100 0.02 0.7
72347 200000 100 40 125 0.01 0.5
70521 200000 100 40 125 0.01 0.5
73938 200000 100 40 125 0.01 0.5
72309 200000 100 40 125 0.01 0.5
27678 75923 100 40 125 0.01 0.52
56430 155313 100 40 125 0.01 0.52
58515 159324 100 40 125 0.01 0.52
71832 200000 100 40 125 0.01 0.52
73451 200000 100 40 125 0.01 0.54
52475 144123 100 40 125 0.01 0.54
73129 200000 100 40 125 0.01 0.54
73174 200000 100 40 125 0.01 0.54
40227 109767 100 40 125 0.01 0.56
21178 57669 100 40 125 0.01 0.56
16483 44645 100 40 125 0.01 0.56
72944 200000 100 40 125 0.01 0.56
34062 80793 100 40 125 0.01 0.58
22283 43211 100 40 125 0.01 0.58
9447 26000 100 40 125 0.01 0.58
58373 124156 100 40 125 0.01 0.58
5026 13549 100 40 125 0.01 0.6
15375 41743 100 40 125 0.01 0.6
40741 111824 100 40 125 0.01 0.6
42883 118654 100 40 125 0.01 0.6
6045 16409 100 40 125 0.01 0.62
13633 37173 100 40 125 0.01 0.62
11396 30918 100 40 125 0.01 0.62
8670 23556 100 40 125 0.01 0.62
5538 15105 100 40 125 0.01 0.64
4584 12469 100 40 125 0.01 0.64
5455 14910 100 40 125 0.01 0.64
7737 21250 100 40 125 0.01 0.64
2536 6948 100 40 125 0.01 0.66
3375 9248 100 40 125 0.01 0.66
4795 13056 100 40 125 0.01 0.66
1989 5509 100 40 125 0.01 0.66
2834 7710 100 40 125 0.01 0.68
2276 6258 100 40 125 0.01 0.68
2231 6147 100 40 125 0.01 0.68
5485 15062 100 40 125 0.01 0.68
546 1510 100 40 125 0.01 0.7
1894 5186 100 40 125 0.01 0.7
1450 4049 100 40 125 0.01 0.7
1164 3253 100 40 125 0.01 0.7
65871 180229 100 40 125 0.015 0.5
11056 30314 100 40 125 0.015 0.5
11312 30931 100 40 125 0.015 0.5
73184 200000 100 40 125 0.015 0.5
16334 44666 100 40 125 0.015 0.52
11180 30394 100 40 125 0.015 0.52
69884 191582 100 40 125 0.015 0.52
46037 128289 100 40 125 0.015 0.52
19157 34571 100 40 125 0.015 0.54
47766 85307 100 40 125 0.015 0.54
38271 75146 100 40 125 0.015 0.54
32582 65518 100 40 125 0.015 0.54
14857 40195 100 40 125 0.015 0.56
10417 28240 100 40 125 0.015 0.56
14419 39059 100 40 125 0.015 0.56
12075 32906 100 40 125 0.015 0.56
2426 6664 100 40 125 0.015 0.58
1983 5409 100 40 125 0.015 0.58
4846 13192 100 40 125 0.015 0.58
4121 11513 100 40 125 0.015 0.58
1856 5054 100 40 125 0.015 0.6
1792 4924 100 40 125 0.015 0.6
4267 11663 100 40 125 0.015 0.6
3395 9441 100 40 125 0.015 0.6
1327 3662 100 40 125 0.015 0.62
2312 6358 100 40 125 0.015 0.62
3308 8984 100 40 125 0.015 0.62
2067 5720 100 40 125 0.015 0.62
642 1790 100 40 125 0.015 0.64
3498 9542 100 40 125 0.015 0.64
3381 9179 100 40 125 0.015 0.64
3282 9057 100 40 125 0.015 0.64
868 2383 100 40 125 0.015 0.66
1484 4114 100 40 125 0.015 0.66
980 2693 100 40 125 0.015 0.66
1556 4291 100 40 125 0.015 0.66
613 1705 100 40 125 0.015 0.68
577 1615 100 40 125 0.015 0.68
737 2034 100 40 125 0.015 0.68
774 2146 100 40 125 0.015 0.68
214 641 100 40 125 0.015 0.7
240 679 100 40 125 0.015 0.7
518 1453 100 40 125 0.015 0.7
303 881 100 40 125 0.015 0.7
2757 7576 100 40 125 0.02 0.5
2782 7674 100 40 125 0.02 0.5
3933 10912 100 40 125 0.02 0.5
12547 35042 100 40 125 0.02 0.5
16121 44028 100 40 125 0.02 0.52
9049 24925 100 40 125 0.02 0.52
3424 9375 100 40 125 0.02 0.52
22155 60362 100 40 125 0.02 0.52
1892 5215 100 40 125 0.02 0.54
7356 20059 100 40 125 0.02 0.54
5017 13673 100 40 125 0.02 0.54
5539 15210 100 40 125 0.02 0.54
4090 11237 100 40 125 0.02 0.56
3427 9320 100 40 125 0.02 0.56
5564 15073 100 40 125 0.02 0.56
3731 10223 100 40 125 0.02 0.56
1598 4399 100 40 125 0.02 0.58
1580 4352 100 40 125 0.02 0.58
1329 3654 100 40 125 0.02 0.58
3619 10020 100 40 125 0.02 0.58
940 2569 100 40 125 0.02 0.6
945 2624 100 40 125 0.02 0.6
865 2357 100 40 125 0.02 0.6
1626 4513 100 40 125 0.02 0.6
666 1827 100 40 125 0.02 0.62
1549 4235 100 40 125 0.02 0.62
1415 3866 100 40 125 0.02 0.62
1103 3056 100 40 125 0.02 0.62
392 1079 100 40 125 0.02 0.64
734 2028 100 40 125 0.02 0.64
740 2032 100 40 125 0.02 0.64
430 1231 100 40 125 0.02 0.64
346 969 100 40 125 0.02 0.66
277 799 100 40 125 0.02 0.66
610 1680 100 40 125 0.02 0.66
603 1671 100 40 125 0.02 0.66
278 813 100 40 125 0.02 0.68
213 602 100 40 125 0.02 0.68
379 1035 100 40 125 0.02 0.68
309 897 100 40 125 0.02 0.68
149 427 100 40 125 0.02 0.7
136 405 100 40 125 0.02 0.7
330 910 100 40 125 0.02 0.7
168 484 100 40 125 0.02 0.7
97118 200000 100 70 75 0.01 0.5
96627 200000 100 70 75 0.01 0.5
96498 200000 100 70 75 0.01 0.5
97443 200000 100 70 75 0.01 0.5
97579 200000 100 70 75 0.01 0.52
96989 200000 100 70 75 0.01 0.52
97684 200000 100 70 75 0.01 0.52
97600 200000 100 70 75 0.01 0.52
97614 200000 100 70 75 0.01 0.54
97663 200000 100 70 75 0.01 0.54
97854 200000 100 70 75 0.01 0.54
98018 200000 100 70 75 0.01 0.54
97957 200000 100 70 75 0.01 0.56
97882 200000 100 70 75 0.01 0.56
98323 200000 100 70 75 0.01 0.56
98152 200000 100 70 75 0.01 0.56
94703 192969 100 70 75 0.01 0.58
98148 200000 100 70 75 0.01 0.58
98217 200000 100 70 75 0.01 0.58
97838 200000 100 70 75 0.01 0.58
98361 200000 100 70 75 0.01 0.6
98128 200000 100 70 75 0.01 0.6
98391 200000 100 70 75 0.01 0.6
98467 200000 100 70 75 0.01 0.6
74951 152098 100 70 75 0.01 0.62
98339 200000 100 70 75 0.01 0.62
98532 200000 100 70 75 0.01 0.62
97663 200000 100 70 75 0.01 0.62
98741 200000 100 70 75 0.01 0.64
50616 102924 100 70 75 0.01 0.64
94791 192149 100 70 75 0.01 0.64
61548 125828 100 70 75 0.01 0.64
59589 120807 100 70 75 0.01 0.66
56613 114584 100 70 75 0.01 0.66
98901 200000 100 70 75 0.01 0.66
96633 200000 100 70 75 0.01 0.66
31060 62950 100 70 75 0.01 0.68
7234 14793 100 70 75 0.01 0.68
97109 200000 100 70 75 0.01 0.68
23676 49745 100 70 75 0.01 0.68
7326 14835 100 70 75 0.01 0.7
10412 21141 100 70 75 0.01 0.7
41645 85592 100 70 75 0.01 0.7
29342 61005 100 70 75 0.01 0.7
97489 200000 100 70 75 0.015 0.5
96878 200000 100 70 75 0.015 0.5
97463 200000 100 70 75 0.015 0.5
97742 200000 100 70 75 0.015 0.5
98429 200000 100 70 75 0.015 0.52
97144 200000 100 70 75 0.015 0.52
98387 200000 100 70 75 0.015 0.52
98608 200000 100 70 75 0.015 0.52
69191 141244 100 70 75 0.015 0.54
98304 200000 100 70 75 0.015 0.54
94501 192453 100 70 75 0.015 0.54
97728 200000 100 70 75 0.015 0.54
98101 200000 100 70 75 0.015 0.56
82994 168618 100 70 75 0.015 0.56
98711 200000 100 70 75 0.015 0.56
89499 182782 100 70 75 0.015 0.56
50307 102265 100 70 75 0.015 0.58
92788 187705 100 70 75 0.015 0.58
98475 200000 100 70 75 0.015 0.58
97370 200000 100 70 75 0.015 0.58
41969 85386 100 70 75 0.015 0.6
43745 88614 100 70 75 0.015 0.6
73266 148404 100 70 75 0.015 0.6
36463 74970 100 70 75 0.015 0.6
16278 32977 100 70 75 0.015 0.62
70512 142622 100 70 75 0.015 0.62
98643 200000 100 70 75 0.015 0.62
86415 178702 100 70 75 0.015 0.62
22909 46509 100 70 75 0.015 0.64
31527 63520 100 70 75 0.015 0.64
59476 120204 100 70 75 0.015 0.64
15224 31533 100 70 75 0.015 0.64
4165 8407 100 70 75 0.015 0.66
1655 3349 100 70 75 0.015 0.66
7288 14786 100 70 75 0.015 0.66
21189 43669 100 70 75 0.015 0.66
15032 30278 100 70 75 0.015 0.68
3423 6969 100 70 75 0.015 0.68
18632 37614 100 70 75 0.015 0.68
34450 71231 100 70 75 0.015 0.68
9500 5181 100 70 75 0.015 0.7
8882 17663 100 70 75 0.015 0.7
13913 13906 100 70 75 0.015 0.7
8185 16677 100 70 75 0.015 0.7
97765 200000 100 70 75 0.02 0.5
97694 200000 100 70 75 0.02 0.5
98307 200000 100 70 75 0.02 0.5
98652 200000 100 70 75 0.02 0.5
50730 103106 100 70 75 0.02 0.52
41997 85455 100 70 75 0.02 0.52
40339 82049 100 70 75 0.02 0.52
97210 200000 100 70 75 0.02 0.52
28715 58247 100 70 75 0.02 0.54
98200 200000 100 70 75 0.02 0.54
99026 200000 100 70 75 0.02 0.54
54005 111863 100 70 75 0.02 0.54
10182 20715 100 70 75 0.02 0.56
40330 81887 100 70 75 0.02 0.56
22171 44932 100 70 75 0.02 0.56
64921 132933 100 70 75 0.02 0.56
12060 24361 100 70 75 0.02 0.58
27409 55038 100 70 75 0.02 0.58
10599 21295 100 70 75 0.02 0.58
49547 100741 100 70 75 0.02 0.58
15478 31366 100 70 75 0.02 0.6
7954 16138 100 70 75 0.02 0.6
11639 23553 100 70 75 0.02 0.6
20636 42267 100 70 75 0.02 0.6
26907 28154 100 70 75 0.02 0.62
16569 17277 100 70 75 0.02 0.62
28751 24677 100 70 75 0.02 0.62
17038 17423 100 70 75 0.02 0.62
16267 19564 100 70 75 0.02 0.64
7797 8096 100 70 75 0.02 0.64
24723 25131 100 70 75 0.02 0.64
9838 20318 100 70 75 0.02 0.64
7248 14557 100 70 75 0.02 0.66
10243 20750 100 70 75 0.02 0.66
7537 15114 100 70 75 0.02 0.66
12907 26187 100 70 75 0.02 0.66
6567 13275 100 70 75 0.02 0.68
2864 5775 100 70 75 0.02 0.68
4761 9610 100 70 75 0.02 0.68
9826 20010 100 70 75 0.02 0.68
2524 5083 100 70 75 0.02 0.7
1944 3925 100 70 75 0.02 0.7
1775 3564 100 70 75 0.02 0.7
2745 5551 100 70 75 0.02 0.7
188112 200000 100 70 100 0.01 0.5
187790 200000 100 70 100 0.01 0.5
227331 200000 100 70 100 0.01 0.5
183944 200000 100 70 100 0.01 0.5
104083 200000 100 70 100 0.01 0.52
101490 200000 100 70 100 0.01 0.52
104464 200000 100 70 100 0.01 0.52
101889 200000 100 70 100 0.01 0.52
103465 200000 100 70 100 0.01 0.54
103416 200000 100 70 100 0.01 0.54
104609 200000 100 70 100 0.01 0.54
103288 200000 100 70 100 0.01 0.54
103195 200000 100 70 100 0.01 0.56
102997 200000 100 70 100 0.01 0.56
102853 200000 100 70 100 0.01 0.56
103341 200000 100 70 100 0.01 0.56
103521 200000 100 70 100 0.01 0.58
103044 200000 100 70 100 0.01 0.58
103949 200000 100 70 100 0.01 0.58
103236 200000 100 70 100 0.01 0.58
104128 200000 100 70 100 0.01 0.6
95385 182911 100 70 100 0.01 0.6
103881 200000 100 70 100 0.01 0.6
104117 200000 100 70 100 0.01 0.6
104158 200000 100 70 100 0.01 0.62
104032 200000 100 70 100 0.01 0.62
104454 200000 100 70 100 0.01 0.62
104068 200000 100 70 100 0.01 0.62
103880 200000 100 70 100 0.01 0.64
54215 104485 100 70 100 0.01 0.64
104274 200000 100 70 100 0.01 0.64
103260 200000 100 70 100 0.01 0.64
42116 80719 100 70 100 0.01 0.66
14437 27902 100 70 100 0.01 0.66
36207 69549 100 70 100 0.01 0.66
61498 119778 100 70 100 0.01 0.66
88316 168851 100 70 100 0.01 0.68
80549 154558 100 70 100 0.01 0.68
83170 158900 100 70 100 0.01 0.68
103483 200000 100 70 100 0.01 0.68
7090 13726 100 70 100 0.01 0.7
33122 63603 100 70 100 0.01 0.7
53311 102901 100 70 100 0.01 0.7
60467 118603 100 70 100 0.01 0.7
177835 200000 100 70 100 0.015 0.5
188306 200000 100 70 100 0.015 0.5
204328 200000 100 70 100 0.015 0.5
189720 200000 100 70 100 0.015 0.5
102844 200000 100 70 100 0.015 0.52
103170 200000 100 70 100 0.015 0.52
103420 200000 100 70 100 0.015 0.52
103356 198912 100 70 100 0.015 0.52
36297 70207 100 70 100 0.015 0.54
63446 121871 100 70 100 0.015 0.54
67232 128765 100 70 100 0.015 0.54
101943 200000 100 70 100 0.015 0.54
104371 200000 100 70 100 0.015 0.56
94385 181819 100 70 100 0.015 0.56
103845 200000 100 70 100 0.015 0.56
104150 200000 100 70 100 0.015 0.56
85520 164183 100 70 100 0.015 0.58
103262 200000 100 70 100 0.015 0.58
104025 200000 100 70 100 0.015 0.58
104128 200000 100 70 100 0.015 0.58
53427 102807 100 70 100 0.015 0.6
56967 109277 100 70 100 0.015 0.6
54375 103933 100 70 100 0.015 0.6
63435 121509 100 70 100 0.015 0.6
48068 79233 100 70 100 0.015 0.62
59860 114240 100 70 100 0.015 0.62
106255 190535 100 70 100 0.015 0.62
52359 101690 100 70 100 0.015 0.62
18516 35437 100 70 100 0.015 0.64
18613 35561 100 70 100 0.015 0.64
60836 117065 100 70 100 0.015 0.64
18774 36627 100 70 100 0.015 0.64
3349 6414 100 70 100 0.015 0.66
17024 32463 100 70 100 0.015 0.66
29997 57567 100 70 100 0.015 0.66
20538 40127 100 70 100 0.015 0.66
1258 2402 100 70 100 0.015 0.68
12594 24037 100 70 100 0.015 0.68
32204 62273 100 70 100 0.015 0.68
12738 24866 100 70 100 0.015 0.68
2721 5158 100 70 100 0.015 0.7
3990 7623 100 70 100 0.015 0.7
8610 16464 100 70 100 0.015 0.7
2200 4333 100 70 100 0.015 0.7
35779 68644 100 70 100 0.02 0.5
28227 54061 100 70 100 0.02 0.5
73405 141509 100 70 100 0.02 0.5
101523 200000 100 70 100 0.02 0.5
10197 19619 100 70 100 0.02 0.52
12473 24050 100 70 100 0.02 0.52
13026 25137 100 70 100 0.02 0.52
31262 61396 100 70 100 0.02 0.52
101943 200000 100 70 100 0.02 0.54
69424 134055 100 70 100 0.02 0.54
85725 164096 100 70 100 0.02 0.54
103292 200000 100 70 100 0.02 0.54
16994 32515 100 70 100 0.02 0.56
32267 61520 100 70 100 0.02 0.56
102923 200000 100 70 100 0.02 0.56
18495 36310 100 70 100 0.02 0.56
14207 27173 100 70 100 0.02 0.58
31547 60360 100 70 100 0.02 0.58
38576 73724 100 70 100 0.02 0.58
33628 65845 100 70 100 0.02 0.58
22917 43831 100 70 100 0.02 0.6
32804 62641 100 70 100 0.02 0.6
38396 73417 100 70 100 0.02 0.6
28324 54620 100 70 100 0.02 0.6
12885 24607 100 70 100 0.02 0.62
10445 19990 100 70 100 0.02 0.62
15238 29014 100 70 100 0.02 0.62
9064 17345 100 70 100 0.02 0.62
5022 9602 100 70 100 0.02 0.64
6540 12532 100 70 100 0.02 0.64
25541 49536 100 70 100 0.02 0.64
4687 9184 100 70 100 0.02 0.64
1278 2462 100 70 100 0.02 0.66
2524 4815 100 70 100 0.02 0.66
12521 24215 100 70 100 0.02 0.66
10704 20970 100 70 100 0.02 0.66
2513 4781 100 70 100 0.02 0.68
1475 2802 100 70 100 0.02 0.68
2129 4070 100 70 100 0.02 0.68
6653 12914 100 70 100 0.02 0.68
1504 2856 100 70 100 0.02 0.7
3943 7516 100 70 100 0.02 0.7
1921 3381 100 70 100 0.02 0.7
3581 6367 100 70 100 0.02 0.7
