11 24 10 10 10 0.1 0.5
9 39 10 10 10 0.1 0.5
16 47 10 10 10 0.1 0.5
14 60 10 10 10 0.1 0.5
4 3 10 10 10 0.1 0.5
30 54 10 10 10 0.1 0.5
5 24 10 10 10 0.1 0.55
1 9 10 10 10 0.1 0.55
1 2 10 10 10 0.1 0.55
7 41 10 10 10 0.1 0.55
1 4 10 10 10 0.1 0.55
3 23 10 10 10 0.1 0.55
1 2 10 10 10 0.1 0.6
0 1 10 10 10 0.1 0.6
2 9 10 10 10 0.1 0.6
0 1 10 10 10 0.1 0.6
2 12 10 10 10 0.1 0.6
2 18 10 10 10 0.1 0.6
1 2 10 10 10 0.1 0.65
0 2 10 10 10 0.1 0.65
1 5 10 10 10 0.1 0.65
1 5 10 10 10 0.1 0.65
1 7 10 10 10 0.1 0.65
1 8 10 10 10 0.1 0.65
2 17 10 10 10 0.1 0.7
1 5 10 10 10 0.1 0.7
1 1 10 10 10 0.1 0.7
1 2 10 10 10 0.1 0.7
1 1 10 10 10 0.1 0.7
3 18 10 10 10 0.1 0.7
2 5 10 10 10 0.1 0.75
1 4 10 10 10 0.1 0.75
3 16 10 10 10 0.1 0.75
1 3 10 10 10 0.1 0.75
1 10 10 10 10 0.1 0.75
1 6 10 10 10 0.1 0.75
1 7 10 10 10 0.1 0.8
1 4 10 10 10 0.1 0.8
1 6 10 10 10 0.1 0.8
0 2 10 10 10 0.1 0.8
2 7 10 10 10 0.1 0.8
4 20 10 10 10 0.1 0.8
2 6 10 10 10 0.1 0.85
1 8 10 10 10 0.1 0.85
1 3 10 10 10 0.1 0.85
6 8 10 10 10 0.1 0.85
4 22 10 10 10 0.1 0.85
0 4 10 10 10 0.1 0.85
1 3 10 10 10 0.1 0.9
1 8 10 10 10 0.1 0.9
2 11 10 10 10 0.1 0.9
2 11 10 10 10 0.1 0.9
5 29 10 10 10 0.1 0.9
3 17 10 10 10 0.1 0.9
1 9 10 10 10 0.1 0.95
1 5 10 10 10 0.1 0.95
1 5 10 10 10 0.1 0.95
1 5 10 10 10 0.1 0.95
5 28 10 10 10 0.1 0.95
3 23 10 10 10 0.1 0.95
1 10 10 10 10 0.15 0.5
1 7 10 10 10 0.15 0.5
2 18 10 10 10 0.15 0.5
1 12 10 10 10 0.15 0.5
4 30 10 10 10 0.15 0.5
2 21 10 10 10 0.15 0.5
0 1 10 10 10 0.15 0.55
1 5 10 10 10 0.15 0.55
1 8 10 10 10 0.15 0.55
1 8 10 10 10 0.15 0.55
1 10 10 10 10 0.15 0.55
2 19 10 10 10 0.15 0.55
1 10 10 10 10 0.15 0.6
1 7 10 10 10 0.15 0.6
2 7 10 10 10 0.15 0.6
1 11 10 10 10 0.15 0.6
1 11 10 10 10 0.15 0.6
0 2 10 10 10 0.15 0.6
1 3 10 10 10 0.15 0.65
1 11 10 10 10 0.15 0.65
1 9 10 10 10 0.15 0.65
1 5 10 10 10 0.15 0.65
0 4 10 10 10 0.15 0.65
1 5 10 10 10 0.15 0.65
0 6 10 10 10 0.15 0.7
1 4 10 10 10 0.15 0.7
1 8 10 10 10 0.15 0.7
2 9 10 10 10 0.15 0.7
1 6 10 10 10 0.15 0.7
1 8 10 10 10 0.15 0.7
1 6 10 10 10 0.15 0.75
1 9 10 10 10 0.15 0.75
2 15 10 10 10 0.15 0.75
0 2 10 10 10 0.15 0.75
1 3 10 10 10 0.15 0.75
1 11 10 10 10 0.15 0.75
1 5 10 10 10 0.15 0.8
1 6 10 10 10 0.15 0.8
1 9 10 10 10 0.15 0.8
0 1 10 10 10 0.15 0.8
1 11 10 10 10 0.15 0.8
2 11 10 10 10 0.15 0.8
1 2 10 10 10 0.15 0.85
1 5 10 10 10 0.15 0.85
2 10 10 10 10 0.15 0.85
1 10 10 10 10 0.15 0.85
2 20 10 10 10 0.15 0.85
1 8 10 10 10 0.15 0.85
1 3 10 10 10 0.15 0.9
1 5 10 10 10 0.15 0.9
3 16 10 10 10 0.15 0.9
0 1 10 10 10 0.15 0.9
1 3 10 10 10 0.15 0.9
1 4 10 10 10 0.15 0.9
1 12 10 10 10 0.15 0.95
1 9 10 10 10 0.15 0.95
1 4 10 10 10 0.15 0.95
1 14 10 10 10 0.15 0.95
4 1 10 10 10 0.15 0.95
2 19 10 10 10 0.15 0.95
0 7 10 10 10 0.2 0.5
1 6 10 10 10 0.2 0.5
1 26 10 10 10 0.2 0.5
1 1 10 10 10 0.2 0.5
1 13 10 10 10 0.2 0.5
1 18 10 10 10 0.2 0.5
0 7 10 10 10 0.2 0.55
0 0 10 10 10 0.2 0.55
0 6 10 10 10 0.2 0.55
1 11 10 10 10 0.2 0.55
1 9 10 10 10 0.2 0.55
0 2 10 10 10 0.2 0.55
0 5 10 10 10 0.2 0.6
1 6 10 10 10 0.2 0.6
1 13 10 10 10 0.2 0.6
0 1 10 10 10 0.2 0.6
0 9 10 10 10 0.2 0.6
1 8 10 10 10 0.2 0.6
0 0 10 10 10 0.2 0.65
0 3 10 10 10 0.2 0.65
0 4 10 10 10 0.2 0.65
0 8 10 10 10 0.2 0.65
0 1 10 10 10 0.2 0.65
1 8 10 10 10 0.2 0.65
0 1 10 10 10 0.2 0.7
0 5 10 10 10 0.2 0.7
0 4 10 10 10 0.2 0.7
0 4 10 10 10 0.2 0.7
0 4 10 10 10 0.2 0.7
0 3 10 10 10 0.2 0.7
1 3 10 10 10 0.2 0.75
0 4 10 10 10 0.2 0.75
1 9 10 10 10 0.2 0.75
0 11 10 10 10 0.2 0.75
0 5 10 10 10 0.2 0.75
0 6 10 10 10 0.2 0.75
0 2 10 10 10 0.2 0.8
0 9 10 10 10 0.2 0.8
1 17 10 10 10 0.2 0.8
0 10 10 10 10 0.2 0.8
0 3 10 10 10 0.2 0.8
0 14 10 10 10 0.2 0.8
0 3 10 10 10 0.2 0.85
0 2 10 10 10 0.2 0.85
0 4 10 10 10 0.2 0.85
1 7 10 10 10 0.2 0.85
1 10 10 10 10 0.2 0.85
0 5 10 10 10 0.2 0.85
0 4 10 10 10 0.2 0.9
1 7 10 10 10 0.2 0.9
0 13 10 10 10 0.2 0.9
1 2 10 10 10 0.2 0.9
1 17 10 10 10 0.2 0.9
2 64 10 10 10 0.2 0.9
4 13 10 10 10 0.2 0.95
1 5 10 10 10 0.2 0.95
2 8 10 10 10 0.2 0.95
2 13 10 10 10 0.2 0.95
1 7 10 10 10 0.2 0.95
3 20 10 10 10 0.2 0.95
2 14 10 10 10 0.25 0.5
0 5 10 10 10 0.25 0.5
1 8 10 10 10 0.25 0.5
1 12 10 10 10 0.25 0.5
1 10 10 10 10 0.25 0.5
2 19 10 10 10 0.25 0.5
0 2 10 10 10 0.25 0.55
1 2 10 10 10 0.25 0.55
1 5 10 10 10 0.25 0.55
0 11 10 10 10 0.25 0.55
1 24 10 10 10 0.25 0.55
1 7 10 10 10 0.25 0.55
0 5 10 10 10 0.25 0.6
1 3 10 10 10 0.25 0.6
1 5 10 10 10 0.25 0.6
0 6 10 10 10 0.25 0.6
1 7 10 10 10 0.25 0.6
0 6 10 10 10 0.25 0.6
0 3 10 10 10 0.25 0.65
1 4 10 10 10 0.25 0.65
0 2 10 10 10 0.25 0.65
1 16 10 10 10 0.25 0.65
1 19 10 10 10 0.25 0.65
1 7 10 10 10 0.25 0.65
1 5 10 10 10 0.25 0.7
0 2 10 10 10 0.25 0.7
0 0 10 10 10 0.25 0.7
1 13 10 10 10 0.25 0.7
1 25 10 10 10 0.25 0.7
1 6 10 10 10 0.25 0.7
1 5 10 10 10 0.25 0.75
0 1 10 10 10 0.25 0.75
0 2 10 10 10 0.25 0.75
1 15 10 10 10 0.25 0.75
1 4 10 10 10 0.25 0.75
0 3 10 10 10 0.25 0.75
0 1 10 10 10 0.25 0.8
1 8 10 10 10 0.25 0.8
0 6 10 10 10 0.25 0.8
1 8 10 10 10 0.25 0.8
0 3 10 10 10 0.25 0.8
1 12 10 10 10 0.25 0.8
0 5 10 10 10 0.25 0.85
1 3 10 10 10 0.25 0.85
0 4 10 10 10 0.25 0.85
1 9 10 10 10 0.25 0.85
1 11 10 10 10 0.25 0.85
0 4 10 10 10 0.25 0.85
1 12 10 10 10 0.25 0.9
1 3 10 10 10 0.25 0.9
2 18 10 10 10 0.25 0.9
1 8 10 10 10 0.25 0.9
2 17 10 10 10 0.25 0.9
1 12 10 10 10 0.25 0.9
1 5 10 10 10 0.25 0.95
0 2 10 10 10 0.25 0.95
0 2 10 10 10 0.25 0.95
2 13 10 10 10 0.25 0.95
1 5 10 10 10 0.25 0.95
1 22 10 10 10 0.25 0.95
1 11 10 10 10 0.3 0.5
1 5 10 10 10 0.3 0.5
1 7 10 10 10 0.3 0.5
1 13 10 10 10 0.3 0.5
2 8 10 10 10 0.3 0.5
0 8 10 10 10 0.3 0.5
0 1 10 10 10 0.3 0.55
0 2 10 10 10 0.3 0.55
0 4 10 10 10 0.3 0.55
0 9 10 10 10 0.3 0.55
0 4 10 10 10 0.3 0.55
1 7 10 10 10 0.3 0.55
1 5 10 10 10 0.3 0.6
0 3 10 10 10 0.3 0.6
0 4 10 10 10 0.3 0.6
1 8 10 10 10 0.3 0.6
1 19 10 10 10 0.3 0.6
0 9 10 10 10 0.3 0.6
0 2 10 10 10 0.3 0.65
0 3 10 10 10 0.3 0.65
0 3 10 10 10 0.3 0.65
2 10 10 10 10 0.3 0.65
1 7 10 10 10 0.3 0.65
1 4 10 10 10 0.3 0.65
0 3 10 10 10 0.3 0.7
1 5 10 10 10 0.3 0.7
0 2 10 10 10 0.3 0.7
1 7 10 10 10 0.3 0.7
2 10 10 10 10 0.3 0.7
0 6 10 10 10 0.3 0.7
1 7 10 10 10 0.3 0.75
1 6 10 10 10 0.3 0.75
1 9 10 10 10 0.3 0.75
1 5 10 10 10 0.3 0.75
2 12 10 10 10 0.3 0.75
0 6 10 10 10 0.3 0.75
0 2 10 10 10 0.3 0.8
1 13 10 10 10 0.3 0.8
1 21 10 10 10 0.3 0.8
0 4 10 10 10 0.3 0.8
0 5 10 10 10 0.3 0.8
0 2 10 10 10 0.3 0.8
0 3 10 10 10 0.3 0.85
0 8 10 10 10 0.3 0.85
0 1 10 10 10 0.3 0.85
0 9 10 10 10 0.3 0.85
2 12 10 10 10 0.3 0.85
0 7 10 10 10 0.3 0.85
1 5 10 10 10 0.3 0.9
0 5 10 10 10 0.3 0.9
1 2 10 10 10 0.3 0.9
1 6 10 10 10 0.3 0.9
1 6 10 10 10 0.3 0.9
1 15 10 10 10 0.3 0.9
2 12 10 10 10 0.3 0.95
0 5 10 10 10 0.3 0.95
3 27 10 10 10 0.3 0.95
0 11 10 10 10 0.3 0.95
2 11 10 10 10 0.3 0.95
1 10 10 10 10 0.3 0.95
0 7 10 10 10 0.35 0.5
0 4 10 10 10 0.35 0.5
0 9 10 10 10 0.35 0.5
0 10 10 10 10 0.35 0.5
0 8 10 10 10 0.35 0.5
0 5 10 10 10 0.35 0.5
0 4 10 10 10 0.35 0.55
0 3 10 10 10 0.35 0.55
0 2 10 10 10 0.35 0.55
1 13 10 10 10 0.35 0.55
0 7 10 10 10 0.35 0.55
1 6 10 10 10 0.35 0.55
0 8 10 10 10 0.35 0.6
0 6 10 10 10 0.35 0.6
0 4 10 10 10 0.35 0.6
0 11 10 10 10 0.35 0.6
0 4 10 10 10 0.35 0.6
1 8 10 10 10 0.35 0.6
0 9 10 10 10 0.35 0.65
1 10 10 10 10 0.35 0.65
0 4 10 10 10 0.35 0.65
0 6 10 10 10 0.35 0.65
1 11 10 10 10 0.35 0.65
0 11 10 10 10 0.35 0.65
0 2 10 10 10 0.35 0.7
1 10 10 10 10 0.35 0.7
1 8 10 10 10 0.35 0.7
0 6 10 10 10 0.35 0.7
1 7 10 10 10 0.35 0.7
0 4 10 10 10 0.35 0.7
0 2 10 10 10 0.35 0.75
2 12 10 10 10 0.35 0.75
2 9 10 10 10 0.35 0.75
0 7 10 10 10 0.35 0.75
2 12 10 10 10 0.35 0.75
0 10 10 10 10 0.35 0.75
0 4 10 10 10 0.35 0.8
1 5 10 10 10 0.35 0.8
1 18 10 10 10 0.35 0.8
0 4 10 10 10 0.35 0.8
1 16 10 10 10 0.35 0.8
1 21 10 10 10 0.35 0.8
0 1 10 10 10 0.35 0.85
2 10 10 10 10 0.35 0.85
2 11 10 10 10 0.35 0.85
0 2 10 10 10 0.35 0.85
1 6 10 10 10 0.35 0.85
1 18 10 10 10 0.35 0.85
1 4 10 10 10 0.35 0.9
1 4 10 10 10 0.35 0.9
2 9 10 10 10 0.35 0.9
0 7 10 10 10 0.35 0.9
2 9 10 10 10 0.35 0.9
0 8 10 10 10 0.35 0.9
0 1 10 10 10 0.35 0.95
0 2 10 10 10 0.35 0.95
0 1 10 10 10 0.35 0.95
1 9 10 10 10 0.35 0.95
0 9 10 10 10 0.35 0.95
1 7 10 10 10 0.35 0.95
1 8 10 10 10 0.4 0.5
1 8 10 10 10 0.4 0.5
1 7 10 10 10 0.4 0.5
1 10 10 10 10 0.4 0.5
2 13 10 10 10 0.4 0.5
0 19 10 10 10 0.4 0.5
0 3 10 10 10 0.4 0.55
0 1 10 10 10 0.4 0.55
0 2 10 10 10 0.4 0.55
0 6 10 10 10 0.4 0.55
0 11 10 10 10 0.4 0.55
0 3 10 10 10 0.4 0.55
0 5 10 10 10 0.4 0.6
0 5 10 10 10 0.4 0.6
0 4 10 10 10 0.4 0.6
0 1 10 10 10 0.4 0.6
0 10 10 10 10 0.4 0.6
0 1 10 10 10 0.4 0.6
0 3 10 10 10 0.4 0.65
1 3 10 10 10 0.4 0.65
0 1 10 10 10 0.4 0.65
1 5 10 10 10 0.4 0.65
1 3 10 10 10 0.4 0.65
0 5 10 10 10 0.4 0.65
0 4 10 10 10 0.4 0.7
0 1 10 10 10 0.4 0.7
0 2 10 10 10 0.4 0.7
0 7 10 10 10 0.4 0.7
1 15 10 10 10 0.4 0.7
0 4 10 10 10 0.4 0.7
0 11 10 10 10 0.4 0.75
0 2 10 10 10 0.4 0.75
0 4 10 10 10 0.4 0.75
1 2 10 10 10 0.4 0.75
0 1 10 10 10 0.4 0.75
1 19 10 10 10 0.4 0.75
0 3 10 10 10 0.4 0.8
1 12 10 10 10 0.4 0.8
1 5 10 10 10 0.4 0.8
0 7 10 10 10 0.4 0.8
1 6 10 10 10 0.4 0.8
0 5 10 10 10 0.4 0.8
0 6 10 10 10 0.4 0.85
0 3 10 10 10 0.4 0.85
1 10 10 10 10 0.4 0.85
0 4 10 10 10 0.4 0.85
0 2 10 10 10 0.4 0.85
0 19 10 10 10 0.4 0.85
0 5 10 10 10 0.4 0.9
2 12 10 10 10 0.4 0.9
0 3 10 10 10 0.4 0.9
3 19 10 10 10 0.4 0.9
2 17 10 10 10 0.4 0.9
1 7 10 10 10 0.4 0.9
2 9 10 10 10 0.4 0.95
0 4 10 10 10 0.4 0.95
1 6 10 10 10 0.4 0.95
3 25 10 10 10 0.4 0.95
2 16 10 10 10 0.4 0.95
2 28 10 10 10 0.4 0.95
2 13 10 10 10 0.45 0.5
1 6 10 10 10 0.45 0.5
1 6 10 10 10 0.45 0.5
2 18 10 10 10 0.45 0.5
1 5 10 10 10 0.45 0.5
2 18 10 10 10 0.45 0.5
1 4 10 10 10 0.45 0.55
0 3 10 10 10 0.45 0.55
1 3 10 10 10 0.45 0.55
1 6 10 10 10 0.45 0.55
1 9 10 10 10 0.45 0.55
1 9 10 10 10 0.45 0.55
0 1 10 10 10 0.45 0.6
0 2 10 10 10 0.45 0.6
0 10 10 10 10 0.45 0.6
1 4 10 10 10 0.45 0.6
1 29 10 10 10 0.45 0.6
0 5 10 10 10 0.45 0.6
1 4 10 10 10 0.45 0.65
1 9 10 10 10 0.45 0.65
1 3 10 10 10 0.45 0.65
1 11 10 10 10 0.45 0.65
2 7 10 10 10 0.45 0.65
1 8 10 10 10 0.45 0.65
0 3 10 10 10 0.45 0.7
1 6 10 10 10 0.45 0.7
1 5 10 10 10 0.45 0.7
0 9 10 10 10 0.45 0.7
1 7 10 10 10 0.45 0.7
0 9 10 10 10 0.45 0.7
1 9 10 10 10 0.45 0.75
1 3 10 10 10 0.45 0.75
0 2 10 10 10 0.45 0.75
2 17 10 10 10 0.45 0.75
2 17 10 10 10 0.45 0.75
0 6 10 10 10 0.45 0.75
0 6 10 10 10 0.45 0.8
1 4 10 10 10 0.45 0.8
0 1 10 10 10 0.45 0.8
1 11 10 10 10 0.45 0.8
0 4 10 10 10 0.45 0.8
1 13 10 10 10 0.45 0.8
0 6 10 10 10 0.45 0.85
2 8 10 10 10 0.45 0.85
1 7 10 10 10 0.45 0.85
1 16 10 10 10 0.45 0.85
2 18 10 10 10 0.45 0.85
0 7 10 10 10 0.45 0.85
1 3 10 10 10 0.45 0.9
2 13 10 10 10 0.45 0.9
3 18 10 10 10 0.45 0.9
1 16 10 10 10 0.45 0.9
3 20 10 10 10 0.45 0.9
2 29 10 10 10 0.45 0.9
1 11 10 10 10 0.45 0.95
0 15 10 10 10 0.45 0.95
1 34 10 10 10 0.45 0.95
1 9 10 10 10 0.45 0.95
2 40 10 10 10 0.45 0.95
0 3 10 10 10 0.45 0.95
1 4 10 10 10 0.5 0.5
0 0 10 10 10 0.5 0.5
1 7 10 10 10 0.5 0.5
0 13 10 10 10 0.5 0.5
0 13 10 10 10 0.5 0.5
1 11 10 10 10 0.5 0.5
0 4 10 10 10 0.5 0.55
1 6 10 10 10 0.5 0.55
0 1 10 10 10 0.5 0.55
1 11 10 10 10 0.5 0.55
1 38 10 10 10 0.5 0.55
1 6 10 10 10 0.5 0.55
0 5 10 10 10 0.5 0.6
1 12 10 10 10 0.5 0.6
0 2 10 10 10 0.5 0.6
1 16 10 10 10 0.5 0.6
1 7 10 10 10 0.5 0.6
1 31 10 10 10 0.5 0.6
0 8 10 10 10 0.5 0.65
0 3 10 10 10 0.5 0.65
1 8 10 10 10 0.5 0.65
0 3 10 10 10 0.5 0.65
1 10 10 10 10 0.5 0.65
0 11 10 10 10 0.5 0.65
1 4 10 10 10 0.5 0.7
0 1 10 10 10 0.5 0.7
1 5 10 10 10 0.5 0.7
0 2 10 10 10 0.5 0.7
0 4 10 10 10 0.5 0.7
0 5 10 10 10 0.5 0.7
1 1 10 10 10 0.5 0.75
0 4 10 10 10 0.5 0.75
0 6 10 10 10 0.5 0.75
0 2 10 10 10 0.5 0.75
1 7 10 10 10 0.5 0.75
0 14 10 10 10 0.5 0.75
0 3 10 10 10 0.5 0.8
0 10 10 10 10 0.5 0.8
0 4 10 10 10 0.5 0.8
0 11 10 10 10 0.5 0.8
0 9 10 10 10 0.5 0.8
0 10 10 10 10 0.5 0.8
1 8 10 10 10 0.5 0.85
1 13 10 10 10 0.5 0.85
2 17 10 10 10 0.5 0.85
1 16 10 10 10 0.5 0.85
3 26 10 10 10 0.5 0.85
0 9 10 10 10 0.5 0.85
2 14 10 10 10 0.5 0.9
0 3 10 10 10 0.5 0.9
4 22 10 10 10 0.5 0.9
0 1 10 10 10 0.5 0.9
3 20 10 10 10 0.5 0.9
0 13 10 10 10 0.5 0.9
1 30 10 10 10 0.5 0.95
2 29 10 10 10 0.5 0.95
2 48 10 10 10 0.5 0.95
1 15 10 10 10 0.5 0.95
2 23 10 10 10 0.5 0.95
0 8 10 10 10 0.5 0.95
2 1 10 100 10 0.1 0.5
2 1 10 100 10 0.1 0.5
4 1 10 100 10 0.1 0.5
0 1 10 100 10 0.1 0.5
4 3 10 100 10 0.1 0.5
0 0 10 100 10 0.1 0.5
0 0 10 100 10 0.1 0.55
2 1 10 100 10 0.1 0.55
1 1 10 100 10 0.1 0.55
2 1 10 100 10 0.1 0.55
2 1 10 100 10 0.1 0.55
1 1 10 100 10 0.1 0.55
2 1 10 100 10 0.1 0.6
1 1 10 100 10 0.1 0.6
2 1 10 100 10 0.1 0.6
2 1 10 100 10 0.1 0.6
2 1 10 100 10 0.1 0.6
2 1 10 100 10 0.1 0.6
1 0 10 100 10 0.1 0.65
2 1 10 100 10 0.1 0.65
2 1 10 100 10 0.1 0.65
1 1 10 100 10 0.1 0.65
2 1 10 100 10 0.1 0.65
1 1 10 100 10 0.1 0.65
3 1 10 100 10 0.1 0.7
0 0 10 100 10 0.1 0.7
2 1 10 100 10 0.1 0.7
2 1 10 100 10 0.1 0.7
3 1 10 100 10 0.1 0.7
1 1 10 100 10 0.1 0.7
2 1 10 100 10 0.1 0.75
3 1 10 100 10 0.1 0.75
3 1 10 100 10 0.1 0.75
2 2 10 100 10 0.1 0.75
5 4 10 100 10 0.1 0.75
0 1 10 100 10 0.1 0.75
4 2 10 100 10 0.1 0.8
2 1 10 100 10 0.1 0.8
4 2 10 100 10 0.1 0.8
2 1 10 100 10 0.1 0.8
5 3 10 100 10 0.1 0.8
1 3 10 100 10 0.1 0.8
2 2 10 100 10 0.1 0.85
5 3 10 100 10 0.1 0.85
11 14 10 100 10 0.1 0.85
1 2 10 100 10 0.1 0.85
5 5 10 100 10 0.1 0.85
7 9 10 100 10 0.1 0.85
1 0 10 100 10 0.1 0.9
2 3 10 100 10 0.1 0.9
1 1 10 100 10 0.1 0.9
3 5 10 100 10 0.1 0.9
4 7 10 100 10 0.1 0.9
0 1 10 100 10 0.1 0.9
8 15 10 100 10 0.1 0.95
1 1 10 100 10 0.1 0.95
7 9 10 100 10 0.1 0.95
6 6 10 100 10 0.1 0.95
5 8 10 100 10 0.1 0.95
10 17 10 100 10 0.1 0.95
2 1 10 100 10 0.15 0.5
2 1 10 100 10 0.15 0.5
2 1 10 100 10 0.15 0.5
2 1 10 100 10 0.15 0.5
2 1 10 100 10 0.15 0.5
2 1 10 100 10 0.15 0.5
1 1 10 100 10 0.15 0.55
1 0 10 100 10 0.15 0.55
1 0 10 100 10 0.15 0.55
1 1 10 100 10 0.15 0.55
2 1 10 100 10 0.15 0.55
0 1 10 100 10 0.15 0.55
2 1 10 100 10 0.15 0.6
2 1 10 100 10 0.15 0.6
2 1 10 100 10 0.15 0.6
2 1 10 100 10 0.15 0.6
2 1 10 100 10 0.15 0.6
2 1 10 100 10 0.15 0.6
2 1 10 100 10 0.15 0.65
2 1 10 100 10 0.15 0.65
2 1 10 100 10 0.15 0.65
2 1 10 100 10 0.15 0.65
2 1 10 100 10 0.15 0.65
2 1 10 100 10 0.15 0.65
3 1 10 100 10 0.15 0.7
2 1 10 100 10 0.15 0.7
4 2 10 100 10 0.15 0.7
1 0 10 100 10 0.15 0.7
3 1 10 100 10 0.15 0.7
2 1 10 100 10 0.15 0.7
2 1 10 100 10 0.15 0.75
4 2 10 100 10 0.15 0.75
4 2 10 100 10 0.15 0.75
2 1 10 100 10 0.15 0.75
2 1 10 100 10 0.15 0.75
4 3 10 100 10 0.15 0.75
5 2 10 100 10 0.15 0.8
2 1 10 100 10 0.15 0.8
4 2 10 100 10 0.15 0.8
3 2 10 100 10 0.15 0.8
4 2 10 100 10 0.15 0.8
3 3 10 100 10 0.15 0.8
1 0 10 100 10 0.15 0.85
6 4 10 100 10 0.15 0.85
4 5 10 100 10 0.15 0.85
4 4 10 100 10 0.15 0.85
7 6 10 100 10 0.15 0.85
2 10 10 100 10 0.15 0.85
0 0 10 100 10 0.15 0.9
2 1 10 100 10 0.15 0.9
0 0 10 100 10 0.15 0.9
2 2 10 100 10 0.15 0.9
3 14 10 100 10 0.15 0.9
2 13 10 100 10 0.15 0.9
1 0 10 100 10 0.15 0.95
2 3 10 100 10 0.15 0.95
7 16 10 100 10 0.15 0.95
0 0 10 100 10 0.15 0.95
3 5 10 100 10 0.15 0.95
5 16 10 100 10 0.15 0.95
1 1 10 100 10 0.2 0.5
1 1 10 100 10 0.2 0.5
1 1 10 100 10 0.2 0.5
1 1 10 100 10 0.2 0.5
2 1 10 100 10 0.2 0.5
0 1 10 100 10 0.2 0.5
1 1 10 100 10 0.2 0.55
1 1 10 100 10 0.2 0.55
1 1 10 100 10 0.2 0.55
1 1 10 100 10 0.2 0.55
1 1 10 100 10 0.2 0.55
1 1 10 100 10 0.2 0.55
1 1 10 100 10 0.2 0.6
2 1 10 100 10 0.2 0.6
1 1 10 100 10 0.2 0.6
2 1 10 100 10 0.2 0.6
1 1 10 100 10 0.2 0.6
2 1 10 100 10 0.2 0.6
2 1 10 100 10 0.2 0.65
2 1 10 100 10 0.2 0.65
2 1 10 100 10 0.2 0.65
2 1 10 100 10 0.2 0.65
3 1 10 100 10 0.2 0.65
1 1 10 100 10 0.2 0.65
2 1 10 100 10 0.2 0.7
1 1 10 100 10 0.2 0.7
2 1 10 100 10 0.2 0.7
1 1 10 100 10 0.2 0.7
3 2 10 100 10 0.2 0.7
0 1 10 100 10 0.2 0.7
3 2 10 100 10 0.2 0.75
1 0 10 100 10 0.2 0.75
4 3 10 100 10 0.2 0.75
2 2 10 100 10 0.2 0.75
4 2 10 100 10 0.2 0.75
2 3 10 100 10 0.2 0.75
4 2 10 100 10 0.2 0.8
3 1 10 100 10 0.2 0.8
7 4 10 100 10 0.2 0.8
1 0 10 100 10 0.2 0.8
4 2 10 100 10 0.2 0.8
4 4 10 100 10 0.2 0.8
2 3 10 100 10 0.2 0.85
3 5 10 100 10 0.2 0.85
0 1 10 100 10 0.2 0.85
0 0 10 100 10 0.2 0.85
3 5 10 100 10 0.2 0.85
3 8 10 100 10 0.2 0.85
19 9 10 100 10 0.2 0.9
1 4 10 100 10 0.2 0.9
10 2 10 100 10 0.2 0.9
11 17 10 100 10 0.2 0.9
21 9 10 100 10 0.2 0.9
0 1 10 100 10 0.2 0.9
5 10 10 100 10 0.2 0.95
0 0 10 100 10 0.2 0.95
5 11 10 100 10 0.2 0.95
2 13 10 100 10 0.2 0.95
7 29 10 100 10 0.2 0.95
1 3 10 100 10 0.2 0.95
1 1 10 100 10 0.25 0.5
2 1 10 100 10 0.25 0.5
2 1 10 100 10 0.25 0.5
1 1 10 100 10 0.25 0.5
2 1 10 100 10 0.25 0.5
1 1 10 100 10 0.25 0.5
0 1 10 100 10 0.25 0.55
1 1 10 100 10 0.25 0.55
0 1 10 100 10 0.25 0.55
1 1 10 100 10 0.25 0.55
1 1 10 100 10 0.25 0.55
1 1 10 100 10 0.25 0.55
2 1 10 100 10 0.25 0.6
1 0 10 100 10 0.25 0.6
2 1 10 100 10 0.25 0.6
1 1 10 100 10 0.25 0.6
2 1 10 100 10 0.25 0.6
1 1 10 100 10 0.25 0.6
2 1 10 100 10 0.25 0.65
1 0 10 100 10 0.25 0.65
2 1 10 100 10 0.25 0.65
2 1 10 100 10 0.25 0.65
3 1 10 100 10 0.25 0.65
1 1 10 100 10 0.25 0.65
2 1 10 100 10 0.25 0.7
2 1 10 100 10 0.25 0.7
3 1 10 100 10 0.25 0.7
1 1 10 100 10 0.25 0.7
3 1 10 100 10 0.25 0.7
1 2 10 100 10 0.25 0.7
2 1 10 100 10 0.25 0.75
3 1 10 100 10 0.25 0.75
2 1 10 100 10 0.25 0.75
3 1 10 100 10 0.25 0.75
4 2 10 100 10 0.25 0.75
1 1 10 100 10 0.25 0.75
1 0 10 100 10 0.25 0.8
2 1 10 100 10 0.25 0.8
3 1 10 100 10 0.25 0.8
2 4 10 100 10 0.25 0.8
4 2 10 100 10 0.25 0.8
2 7 10 100 10 0.25 0.8
1 0 10 100 10 0.25 0.85
0 0 10 100 10 0.25 0.85
2 3 10 100 10 0.25 0.85
1 2 10 100 10 0.25 0.85
3 6 10 100 10 0.25 0.85
0 1 10 100 10 0.25 0.85
1 1 10 100 10 0.25 0.9
3 3 10 100 10 0.25 0.9
3 4 10 100 10 0.25 0.9
5 13 10 100 10 0.25 0.9
7 9 10 100 10 0.25 0.9
1 3 10 100 10 0.25 0.9
14 28 10 100 10 0.25 0.95
4 8 10 100 10 0.25 0.95
20 33 10 100 10 0.25 0.95
1 6 10 100 10 0.25 0.95
16 25 10 100 10 0.25 0.95
7 33 10 100 10 0.25 0.95
2 1 10 100 10 0.3 0.5
2 1 10 100 10 0.3 0.5
2 1 10 100 10 0.3 0.5
2 1 10 100 10 0.3 0.5
2 1 10 100 10 0.3 0.5
2 1 10 100 10 0.3 0.5
2 1 10 100 10 0.3 0.55
3 1 10 100 10 0.3 0.55
3 1 10 100 10 0.3 0.55
2 1 10 100 10 0.3 0.55
3 1 10 100 10 0.3 0.55
2 1 10 100 10 0.3 0.55
2 1 10 100 10 0.3 0.6
2 1 10 100 10 0.3 0.6
2 1 10 100 10 0.3 0.6
2 1 10 100 10 0.3 0.6
4 2 10 100 10 0.3 0.6
0 1 10 100 10 0.3 0.6
2 1 10 100 10 0.3 0.65
1 0 10 100 10 0.3 0.65
2 1 10 100 10 0.3 0.65
1 1 10 100 10 0.3 0.65
2 1 10 100 10 0.3 0.65
1 1 10 100 10 0.3 0.65
3 1 10 100 10 0.3 0.7
1 1 10 100 10 0.3 0.7
3 1 10 100 10 0.3 0.7
2 1 10 100 10 0.3 0.7
5 3 10 100 10 0.3 0.7
0 1 10 100 10 0.3 0.7
1 1 10 100 10 0.3 0.75
1 0 10 100 10 0.3 0.75
3 2 10 100 10 0.3 0.75
1 2 10 100 10 0.3 0.75
2 2 10 100 10 0.3 0.75
2 4 10 100 10 0.3 0.75
2 1 10 100 10 0.3 0.8
6 4 10 100 10 0.3 0.8
5 2 10 100 10 0.3 0.8
3 5 10 100 10 0.3 0.8
5 3 10 100 10 0.3 0.8
5 1 10 100 10 0.3 0.8
2 1 10 100 10 0.3 0.85
3 1 10 100 10 0.3 0.85
1 1 10 100 10 0.3 0.85
5 4 10 100 10 0.3 0.85
6 6 10 100 10 0.3 0.85
1 7 10 100 10 0.3 0.85
9 12 10 100 10 0.3 0.9
2 4 10 100 10 0.3 0.9
1 1 10 100 10 0.3 0.9
14 31 10 100 10 0.3 0.9
13 24 10 100 10 0.3 0.9
2 12 10 100 10 0.3 0.9
0 0 10 100 10 0.3 0.95
4 8 10 100 10 0.3 0.95
3 4 10 100 10 0.3 0.95
4 19 10 100 10 0.3 0.95
6 15 10 100 10 0.3 0.95
2 9 10 100 10 0.3 0.95
2 1 10 100 10 0.35 0.5
1 1 10 100 10 0.35 0.5
2 1 10 100 10 0.35 0.5
1 2 10 100 10 0.35 0.5
2 1 10 100 10 0.35 0.5
1 1 10 100 10 0.35 0.5
1 1 10 100 10 0.35 0.55
2 1 10 100 10 0.35 0.55
2 1 10 100 10 0.35 0.55
1 1 10 100 10 0.35 0.55
2 1 10 100 10 0.35 0.55
1 1 10 100 10 0.35 0.55
3 1 10 100 10 0.35 0.6
0 1 10 100 10 0.35 0.6
2 1 10 100 10 0.35 0.6
1 1 10 100 10 0.35 0.6
3 1 10 100 10 0.35 0.6
0 1 10 100 10 0.35 0.6
2 1 10 100 10 0.35 0.65
2 1 10 100 10 0.35 0.65
2 1 10 100 10 0.35 0.65
2 1 10 100 10 0.35 0.65
4 2 10 100 10 0.35 0.65
1 2 10 100 10 0.35 0.65
3 1 10 100 10 0.35 0.7
2 1 10 100 10 0.35 0.7
5 2 10 100 10 0.35 0.7
0 0 10 100 10 0.35 0.7
4 2 10 100 10 0.35 0.7
3 1 10 100 10 0.35 0.7
1 0 10 100 10 0.35 0.75
2 1 10 100 10 0.35 0.75
2 1 10 100 10 0.35 0.75
1 1 10 100 10 0.35 0.75
3 2 10 100 10 0.35 0.75
0 1 10 100 10 0.35 0.75
1 1 10 100 10 0.35 0.8
1 2 10 100 10 0.35 0.8
1 2 10 100 10 0.35 0.8
2 3 10 100 10 0.35 0.8
1 3 10 100 10 0.35 0.8
0 1 10 100 10 0.35 0.8
2 1 10 100 10 0.35 0.85
10 5 10 100 10 0.35 0.85
12 7 10 100 10 0.35 0.85
1 1 10 100 10 0.35 0.85
4 2 10 100 10 0.35 0.85
9 7 10 100 10 0.35 0.85
6 6 10 100 10 0.35 0.9
4 4 10 100 10 0.35 0.9
1 0 10 100 10 0.35 0.9
10 8 10 100 10 0.35 0.9
11 10 10 100 10 0.35 0.9
2 17 10 100 10 0.35 0.9
1 3 10 100 10 0.35 0.95
3 4 10 100 10 0.35 0.95
4 7 10 100 10 0.35 0.95
5 13 10 100 10 0.35 0.95
1 1 10 100 10 0.35 0.95
11 39 10 100 10 0.35 0.95
1 0 10 100 10 0.4 0.5
2 1 10 100 10 0.4 0.5
2 1 10 100 10 0.4 0.5
1 1 10 100 10 0.4 0.5
2 1 10 100 10 0.4 0.5
1 1 10 100 10 0.4 0.5
0 0 10 100 10 0.4 0.55
2 1 10 100 10 0.4 0.55
0 1 10 100 10 0.4 0.55
2 1 10 100 10 0.4 0.55
2 1 10 100 10 0.4 0.55
0 1 10 100 10 0.4 0.55
1 1 10 100 10 0.4 0.6
2 1 10 100 10 0.4 0.6
1 1 10 100 10 0.4 0.6
2 1 10 100 10 0.4 0.6
2 1 10 100 10 0.4 0.6
1 1 10 100 10 0.4 0.6
2 1 10 100 10 0.4 0.65
1 0 10 100 10 0.4 0.65
2 1 10 100 10 0.4 0.65
1 1 10 100 10 0.4 0.65
3 1 10 100 10 0.4 0.65
0 1 10 100 10 0.4 0.65
2 1 10 100 10 0.4 0.7
3 1 10 100 10 0.4 0.7
4 2 10 100 10 0.4 0.7
1 1 10 100 10 0.4 0.7
2 1 10 100 10 0.4 0.7
3 3 10 100 10 0.4 0.7
2 1 10 100 10 0.4 0.75
2 1 10 100 10 0.4 0.75
3 1 10 100 10 0.4 0.75
2 2 10 100 10 0.4 0.75
2 1 10 100 10 0.4 0.75
2 3 10 100 10 0.4 0.75
1 0 10 100 10 0.4 0.8
1 3 10 100 10 0.4 0.8
2 3 10 100 10 0.4 0.8
4 5 10 100 10 0.4 0.8
6 8 10 100 10 0.4 0.8
1 4 10 100 10 0.4 0.8
3 2 10 100 10 0.4 0.85
11 9 10 100 10 0.4 0.85
2 1 10 100 10 0.4 0.85
13 7 10 100 10 0.4 0.85
2 1 10 100 10 0.4 0.85
12 9 10 100 10 0.4 0.85
1 1 10 100 10 0.4 0.9
4 5 10 100 10 0.4 0.9
1 1 10 100 10 0.4 0.9
5 5 10 100 10 0.4 0.9
6 12 10 100 10 0.4 0.9
3 21 10 100 10 0.4 0.9
2 2 10 100 10 0.4 0.95
2 4 10 100 10 0.4 0.95
1 0 10 100 10 0.4 0.95
3 4 10 100 10 0.4 0.95
5 10 10 100 10 0.4 0.95
0 0 10 100 10 0.4 0.95
2 1 10 100 10 0.45 0.5
2 1 10 100 10 0.45 0.5
2 1 10 100 10 0.45 0.5
2 1 10 100 10 0.45 0.5
2 1 10 100 10 0.45 0.5
2 1 10 100 10 0.45 0.5
2 1 10 100 10 0.45 0.55
1 0 10 100 10 0.45 0.55
2 1 10 100 10 0.45 0.55
1 1 10 100 10 0.45 0.55
3 1 10 100 10 0.45 0.55
0 1 10 100 10 0.45 0.55
2 1 10 100 10 0.45 0.6
2 1 10 100 10 0.45 0.6
2 1 10 100 10 0.45 0.6
2 1 10 100 10 0.45 0.6
2 1 10 100 10 0.45 0.6
2 1 10 100 10 0.45 0.6
3 1 10 100 10 0.45 0.65
2 1 10 100 10 0.45 0.65
3 1 10 100 10 0.45 0.65
2 1 10 100 10 0.45 0.65
3 1 10 100 10 0.45 0.65
2 2 10 100 10 0.45 0.65
3 2 10 100 10 0.45 0.7
3 1 10 100 10 0.45 0.7
4 2 10 100 10 0.45 0.7
2 1 10 100 10 0.45 0.7
5 3 10 100 10 0.45 0.7
1 1 10 100 10 0.45 0.7
2 1 10 100 10 0.45 0.75
5 3 10 100 10 0.45 0.75
6 4 10 100 10 0.45 0.75
1 1 10 100 10 0.45 0.75
9 4 10 100 10 0.45 0.75
0 0 10 100 10 0.45 0.75
1 0 10 100 10 0.45 0.8
0 0 10 100 10 0.45 0.8
2 1 10 100 10 0.45 0.8
1 1 10 100 10 0.45 0.8
2 2 10 100 10 0.45 0.8
1 3 10 100 10 0.45 0.8
4 2 10 100 10 0.45 0.85
5 2 10 100 10 0.45 0.85
1 0 10 100 10 0.45 0.85
9 5 10 100 10 0.45 0.85
8 6 10 100 10 0.45 0.85
4 11 10 100 10 0.45 0.85
11 14 10 100 10 0.45 0.9
7 8 10 100 10 0.45 0.9
2 1 10 100 10 0.45 0.9
16 10 10 100 10 0.45 0.9
6 10 10 100 10 0.45 0.9
14 23 10 100 10 0.45 0.9
4 7 10 100 10 0.45 0.95
10 23 10 100 10 0.45 0.95
6 7 10 100 10 0.45 0.95
9 5 10 100 10 0.45 0.95
5 6 10 100 10 0.45 0.95
11 35 10 100 10 0.45 0.95
2 1 10 100 10 0.5 0.5
1 1 10 100 10 0.5 0.5
2 1 10 100 10 0.5 0.5
2 1 10 100 10 0.5 0.5
2 1 10 100 10 0.5 0.5
2 1 10 100 10 0.5 0.5
2 1 10 100 10 0.5 0.55
2 1 10 100 10 0.5 0.55
3 1 10 100 10 0.5 0.55
2 1 10 100 10 0.5 0.55
3 1 10 100 10 0.5 0.55
1 1 10 100 10 0.5 0.55
2 1 10 100 10 0.5 0.6
3 1 10 100 10 0.5 0.6
2 1 10 100 10 0.5 0.6
3 1 10 100 10 0.5 0.6
2 1 10 100 10 0.5 0.6
3 1 10 100 10 0.5 0.6
0 0 10 100 10 0.5 0.65
5 2 10 100 10 0.5 0.65
5 2 10 100 10 0.5 0.65
0 1 10 100 10 0.5 0.65
4 2 10 100 10 0.5 0.65
1 2 10 100 10 0.5 0.65
3 1 10 100 10 0.5 0.7
3 1 10 100 10 0.5 0.7
4 2 10 100 10 0.5 0.7
3 2 10 100 10 0.5 0.7
3 1 10 100 10 0.5 0.7
4 5 10 100 10 0.5 0.7
6 3 10 100 10 0.5 0.75
3 1 10 100 10 0.5 0.75
7 3 10 100 10 0.5 0.75
2 1 10 100 10 0.5 0.75
4 2 10 100 10 0.5 0.75
5 4 10 100 10 0.5 0.75
1 0 10 100 10 0.5 0.8
0 0 10 100 10 0.5 0.8
7 8 10 100 10 0.5 0.8
0 1 10 100 10 0.5 0.8
5 5 10 100 10 0.5 0.8
3 6 10 100 10 0.5 0.8
15 8 10 100 10 0.5 0.85
8 4 10 100 10 0.5 0.85
4 2 10 100 10 0.5 0.85
19 11 10 100 10 0.5 0.85
5 3 10 100 10 0.5 0.85
19 14 10 100 10 0.5 0.85
3 3 10 100 10 0.5 0.9
1 0 10 100 10 0.5 0.9
3 6 10 100 10 0.5 0.9
1 1 10 100 10 0.5 0.9
5 4 10 100 10 0.5 0.9
1 6 10 100 10 0.5 0.9
4 7 10 100 10 0.5 0.95
6 11 10 100 10 0.5 0.95
4 4 10 100 10 0.5 0.95
7 12 10 100 10 0.5 0.95
11 18 10 100 10 0.5 0.95
0 2 10 100 10 0.5 0.95
2 1 10 100 100 0.1 0.5
2 1 10 100 100 0.1 0.5
2 1 10 100 100 0.1 0.5
2 1 10 100 100 0.1 0.5
2 1 10 100 100 0.1 0.5
2 1 10 100 100 0.1 0.5
2 1 10 100 100 0.1 0.55
2 1 10 100 100 0.1 0.55
2 1 10 100 100 0.1 0.55
2 1 10 100 100 0.1 0.55
2 1 10 100 100 0.1 0.55
2 1 10 100 100 0.1 0.55
2 1 10 100 100 0.1 0.6
2 1 10 100 100 0.1 0.6
2 1 10 100 100 0.1 0.6
2 1 10 100 100 0.1 0.6
2 1 10 100 100 0.1 0.6
2 1 10 100 100 0.1 0.6
0 0 10 100 100 0.1 0.65
2 1 10 100 100 0.1 0.65
1 0 10 100 100 0.1 0.65
1 1 10 100 100 0.1 0.65
1 1 10 100 100 0.1 0.65
1 1 10 100 100 0.1 0.65
2 1 10 100 100 0.1 0.7
0 0 10 100 100 0.1 0.7
1 1 10 100 100 0.1 0.7
2 1 10 100 100 0.1 0.7
3 2 10 100 100 0.1 0.7
0 1 10 100 100 0.1 0.7
3 1 10 100 100 0.1 0.75
2 1 10 100 100 0.1 0.75
3 1 10 100 100 0.1 0.75
2 1 10 100 100 0.1 0.75
3 1 10 100 100 0.1 0.75
3 2 10 100 100 0.1 0.75
1 1 10 100 100 0.1 0.8
1 0 10 100 100 0.1 0.8
2 3 10 100 100 0.1 0.8
1 2 10 100 100 0.1 0.8
4 5 10 100 100 0.1 0.8
0 1 10 100 100 0.1 0.8
1 0 10 100 100 0.1 0.85
4 2 10 100 100 0.1 0.85
6 7 10 100 100 0.1 0.85
1 5 10 100 100 0.1 0.85
9 12 10 100 100 0.1 0.85
0 1 10 100 100 0.1 0.85
1 1 10 100 100 0.1 0.9
4 6 10 100 100 0.1 0.9
4 4 10 100 100 0.1 0.9
1 1 10 100 100 0.1 0.9
4 3 10 100 100 0.1 0.9
3 11 10 100 100 0.1 0.9
8 15 10 100 100 0.1 0.95
1 2 10 100 100 0.1 0.95
9 11 10 100 100 0.1 0.95
1 1 10 100 100 0.1 0.95
2 1 10 100 100 0.1 0.95
8 11 10 100 100 0.1 0.95
2 1 10 100 100 0.15 0.5
1 1 10 100 100 0.15 0.5
2 1 10 100 100 0.15 0.5
1 1 10 100 100 0.15 0.5
3 1 10 100 100 0.15 0.5
1 1 10 100 100 0.15 0.5
0 0 10 100 100 0.15 0.55
2 1 10 100 100 0.15 0.55
1 1 10 100 100 0.15 0.55
1 1 10 100 100 0.15 0.55
2 1 10 100 100 0.15 0.55
0 1 10 100 100 0.15 0.55
0 0 10 100 100 0.15 0.6
1 1 10 100 100 0.15 0.6
0 1 10 100 100 0.15 0.6
1 1 10 100 100 0.15 0.6
0 1 10 100 100 0.15 0.6
1 1 10 100 100 0.15 0.6
0 0 10 100 100 0.15 0.65
3 1 10 100 100 0.15 0.65
2 1 10 100 100 0.15 0.65
1 1 10 100 100 0.15 0.65
2 1 10 100 100 0.15 0.65
1 1 10 100 100 0.15 0.65
4 2 10 100 100 0.15 0.7
0 0 10 100 100 0.15 0.7
2 1 10 100 100 0.15 0.7
2 1 10 100 100 0.15 0.7
4 2 10 100 100 0.15 0.7
0 0 10 100 100 0.15 0.7
2 1 10 100 100 0.15 0.75
3 1 10 100 100 0.15 0.75
3 1 10 100 100 0.15 0.75
2 2 10 100 100 0.15 0.75
5 2 10 100 100 0.15 0.75
1 2 10 100 100 0.15 0.75
2 1 10 100 100 0.15 0.8
2 3 10 100 100 0.15 0.8
3 1 10 100 100 0.15 0.8
1 3 10 100 100 0.15 0.8
5 2 10 100 100 0.15 0.8
1 4 10 100 100 0.15 0.8
5 2 10 100 100 0.15 0.85
0 0 10 100 100 0.15 0.85
1 0 10 100 100 0.15 0.85
7 6 10 100 100 0.15 0.85
8 7 10 100 100 0.15 0.85
0 1 10 100 100 0.15 0.85
0 0 10 100 100 0.15 0.9
5 5 10 100 100 0.15 0.9
4 3 10 100 100 0.15 0.9
3 10 10 100 100 0.15 0.9
7 11 10 100 100 0.15 0.9
3 12 10 100 100 0.15 0.9
1 1 10 100 100 0.15 0.95
1 0 10 100 100 0.15 0.95
5 10 10 100 100 0.15 0.95
0 1 10 100 100 0.15 0.95
4 9 10 100 100 0.15 0.95
5 38 10 100 100 0.15 0.95
0 0 10 100 100 0.2 0.5
1 0 10 100 100 0.2 0.5
1 0 10 100 100 0.2 0.5
0 1 10 100 100 0.2 0.5
1 1 10 100 100 0.2 0.5
0 1 10 100 100 0.2 0.5
3 1 10 100 100 0.2 0.55
2 1 10 100 100 0.2 0.55
2 1 10 100 100 0.2 0.55
2 1 10 100 100 0.2 0.55
3 1 10 100 100 0.2 0.55
2 1 10 100 100 0.2 0.55
0 0 10 100 100 0.2 0.6
3 1 10 100 100 0.2 0.6
2 1 10 100 100 0.2 0.6
1 1 10 100 100 0.2 0.6
2 1 10 100 100 0.2 0.6
1 1 10 100 100 0.2 0.6
2 1 10 100 100 0.2 0.65
2 1 10 100 100 0.2 0.65
3 1 10 100 100 0.2 0.65
1 1 10 100 100 0.2 0.65
2 1 10 100 100 0.2 0.65
1 1 10 100 100 0.2 0.65
3 1 10 100 100 0.2 0.7
0 0 10 100 100 0.2 0.7
3 1 10 100 100 0.2 0.7
1 1 10 100 100 0.2 0.7
3 1 10 100 100 0.2 0.7
1 2 10 100 100 0.2 0.7
0 0 10 100 100 0.2 0.75
4 2 10 100 100 0.2 0.75
2 1 10 100 100 0.2 0.75
2 1 10 100 100 0.2 0.75
4 2 10 100 100 0.2 0.75
0 1 10 100 100 0.2 0.75
0 0 10 100 100 0.2 0.8
1 3 10 100 100 0.2 0.8
0 0 10 100 100 0.2 0.8
2 2 10 100 100 0.2 0.8
3 5 10 100 100 0.2 0.8
1 3 10 100 100 0.2 0.8
2 1 10 100 100 0.2 0.85
2 2 10 100 100 0.2 0.85
3 3 10 100 100 0.2 0.85
1 2 10 100 100 0.2 0.85
5 7 10 100 100 0.2 0.85
1 8 10 100 100 0.2 0.85
3 4 10 100 100 0.2 0.9
0 0 10 100 100 0.2 0.9
4 5 10 100 100 0.2 0.9
0 2 10 100 100 0.2 0.9
2 1 10 100 100 0.2 0.9
5 16 10 100 100 0.2 0.9
1 1 10 100 100 0.2 0.95
6 12 10 100 100 0.2 0.95
7 14 10 100 100 0.2 0.95
3 16 10 100 100 0.2 0.95
9 26 10 100 100 0.2 0.95
1 5 10 100 100 0.2 0.95
2 1 10 100 100 0.25 0.5
1 1 10 100 100 0.25 0.5
2 1 10 100 100 0.25 0.5
1 1 10 100 100 0.25 0.5
2 1 10 100 100 0.25 0.5
1 1 10 100 100 0.25 0.5
2 1 10 100 100 0.25 0.55
0 0 10 100 100 0.25 0.55
2 1 10 100 100 0.25 0.55
0 1 10 100 100 0.25 0.55
2 1 10 100 100 0.25 0.55
0 1 10 100 100 0.25 0.55
1 1 10 100 100 0.25 0.6
1 0 10 100 100 0.25 0.6
1 1 10 100 100 0.25 0.6
1 0 10 100 100 0.25 0.6
2 1 10 100 100 0.25 0.6
0 1 10 100 100 0.25 0.6
0 1 10 100 100 0.25 0.65
1 1 10 100 100 0.25 0.65
0 0 10 100 100 0.25 0.65
1 1 10 100 100 0.25 0.65
1 1 10 100 100 0.25 0.65
1 1 10 100 100 0.25 0.65
1 1 10 100 100 0.25 0.7
0 1 10 100 100 0.25 0.7
1 1 10 100 100 0.25 0.7
0 1 10 100 100 0.25 0.7
0 1 10 100 100 0.25 0.7
0 1 10 100 100 0.25 0.7
3 2 10 100 100 0.25 0.75
3 1 10 100 100 0.25 0.75
4 3 10 100 100 0.25 0.75
2 1 10 100 100 0.25 0.75
6 3 10 100 100 0.25 0.75
1 3 10 100 100 0.25 0.75
2 1 10 100 100 0.25 0.8
5 2 10 100 100 0.25 0.8
4 2 10 100 100 0.25 0.8
3 1 10 100 100 0.25 0.8
7 6 10 100 100 0.25 0.8
1 2 10 100 100 0.25 0.8
1 1 10 100 100 0.25 0.85
1 0 10 100 100 0.25 0.85
2 1 10 100 100 0.25 0.85
3 4 10 100 100 0.25 0.85
5 5 10 100 100 0.25 0.85
1 3 10 100 100 0.25 0.85
0 0 10 100 100 0.25 0.9
8 4 10 100 100 0.25 0.9
0 0 10 100 100 0.25 0.9
8 16 10 100 100 0.25 0.9
3 2 10 100 100 0.25 0.9
6 11 10 100 100 0.25 0.9
6 4 10 100 100 0.25 0.95
13 12 10 100 100 0.25 0.95
10 13 10 100 100 0.25 0.95
12 20 10 100 100 0.25 0.95
20 40 10 100 100 0.25 0.95
2 3 10 100 100 0.25 0.95
2 1 10 100 100 0.3 0.5
1 0 10 100 100 0.3 0.5
2 1 10 100 100 0.3 0.5
1 1 10 100 100 0.3 0.5
3 1 10 100 100 0.3 0.5
0 1 10 100 100 0.3 0.5
3 1 10 100 100 0.3 0.55
0 0 10 100 100 0.3 0.55
3 1 10 100 100 0.3 0.55
0 0 10 100 100 0.3 0.55
3 1 10 100 100 0.3 0.55
0 0 10 100 100 0.3 0.55
2 1 10 100 100 0.3 0.6
1 1 10 100 100 0.3 0.6
2 1 10 100 100 0.3 0.6
1 1 10 100 100 0.3 0.6
2 1 10 100 100 0.3 0.6
1 1 10 100 100 0.3 0.6
2 1 10 100 100 0.3 0.65
0 0 10 100 100 0.3 0.65
2 1 10 100 100 0.3 0.65
0 1 10 100 100 0.3 0.65
0 0 10 100 100 0.3 0.65
4 1 10 100 100 0.3 0.65
0 0 10 100 100 0.3 0.7
2 1 10 100 100 0.3 0.7
2 1 10 100 100 0.3 0.7
1 1 10 100 100 0.3 0.7
2 1 10 100 100 0.3 0.7
1 1 10 100 100 0.3 0.7
2 1 10 100 100 0.3 0.75
3 1 10 100 100 0.3 0.75
4 2 10 100 100 0.3 0.75
1 1 10 100 100 0.3 0.75
5 3 10 100 100 0.3 0.75
0 1 10 100 100 0.3 0.75
4 3 10 100 100 0.3 0.8
1 2 10 100 100 0.3 0.8
4 3 10 100 100 0.3 0.8
1 4 10 100 100 0.3 0.8
2 1 10 100 100 0.3 0.8
3 3 10 100 100 0.3 0.8
0 0 10 100 100 0.3 0.85
10 10 10 100 100 0.3 0.85
11 12 10 100 100 0.3 0.85
0 1 10 100 100 0.3 0.85
6 4 10 100 100 0.3 0.85
7 10 10 100 100 0.3 0.85
0 0 10 100 100 0.3 0.9
1 1 10 100 100 0.3 0.9
0 1 10 100 100 0.3 0.9
1 0 10 100 100 0.3 0.9
1 3 10 100 100 0.3 0.9
1 2 10 100 100 0.3 0.9
1 1 10 100 100 0.3 0.95
0 1 10 100 100 0.3 0.95
3 6 10 100 100 0.3 0.95
2 5 10 100 100 0.3 0.95
6 31 10 100 100 0.3 0.95
3 24 10 100 100 0.3 0.95
1 0 10 100 100 0.35 0.5
2 1 10 100 100 0.35 0.5
2 1 10 100 100 0.35 0.5
1 1 10 100 100 0.35 0.5
3 1 10 100 100 0.35 0.5
0 1 10 100 100 0.35 0.5
1 1 10 100 100 0.35 0.55
2 1 10 100 100 0.35 0.55
2 1 10 100 100 0.35 0.55
2 1 10 100 100 0.35 0.55
2 1 10 100 100 0.35 0.55
2 1 10 100 100 0.35 0.55
2 1 10 100 100 0.35 0.6
2 1 10 100 100 0.35 0.6
2 1 10 100 100 0.35 0.6
2 1 10 100 100 0.35 0.6
2 1 10 100 100 0.35 0.6
2 1 10 100 100 0.35 0.6
2 1 10 100 100 0.35 0.65
2 1 10 100 100 0.35 0.65
2 1 10 100 100 0.35 0.65
2 1 10 100 100 0.35 0.65
3 2 10 100 100 0.35 0.65
1 1 10 100 100 0.35 0.65
3 1 10 100 100 0.35 0.7
1 0 10 100 100 0.35 0.7
3 1 10 100 100 0.35 0.7
1 1 10 100 100 0.35 0.7
3 1 10 100 100 0.35 0.7
1 1 10 100 100 0.35 0.7
0 0 10 100 100 0.35 0.75
1 0 10 100 100 0.35 0.75
3 2 10 100 100 0.35 0.75
1 1 10 100 100 0.35 0.75
2 2 10 100 100 0.35 0.75
1 2 10 100 100 0.35 0.75
4 2 10 100 100 0.35 0.8
1 0 10 100 100 0.35 0.8
6 4 10 100 100 0.35 0.8
2 2 10 100 100 0.35 0.8
6 4 10 100 100 0.35 0.8
2 4 10 100 100 0.35 0.8
3 2 10 100 100 0.35 0.85
2 2 10 100 100 0.35 0.85
2 2 10 100 100 0.35 0.85
3 3 10 100 100 0.35 0.85
9 11 10 100 100 0.35 0.85
1 6 10 100 100 0.35 0.85
1 1 10 100 100 0.35 0.9
1 2 10 100 100 0.35 0.9
4 13 10 100 100 0.35 0.9
1 4 10 100 100 0.35 0.9
5 14 10 100 100 0.35 0.9
1 1 10 100 100 0.35 0.9
5 6 10 100 100 0.35 0.95
3 10 10 100 100 0.35 0.95
4 5 10 100 100 0.35 0.95
6 3 10 100 100 0.35 0.95
2 3 10 100 100 0.35 0.95
10 39 10 100 100 0.35 0.95
2 1 10 100 100 0.4 0.5
2 1 10 100 100 0.4 0.5
2 1 10 100 100 0.4 0.5
2 1 10 100 100 0.4 0.5
2 1 10 100 100 0.4 0.5
2 1 10 100 100 0.4 0.5
0 0 10 100 100 0.4 0.55
2 1 10 100 100 0.4 0.55
1 1 10 100 100 0.4 0.55
1 1 10 100 100 0.4 0.55
2 3 10 100 100 0.4 0.55
1 1 10 100 100 0.4 0.55
1 0 10 100 100 0.4 0.6
2 1 10 100 100 0.4 0.6
2 1 10 100 100 0.4 0.6
1 1 10 100 100 0.4 0.6
2 1 10 100 100 0.4 0.6
1 1 10 100 100 0.4 0.6
2 1 10 100 100 0.4 0.65
3 1 10 100 100 0.4 0.65
2 1 10 100 100 0.4 0.65
3 1 10 100 100 0.4 0.65
2 1 10 100 100 0.4 0.65
3 1 10 100 100 0.4 0.65
3 1 10 100 100 0.4 0.7
2 1 10 100 100 0.4 0.7
2 1 10 100 100 0.4 0.7
4 2 10 100 100 0.4 0.7
6 3 10 100 100 0.4 0.7
0 1 10 100 100 0.4 0.7
3 1 10 100 100 0.4 0.75
2 1 10 100 100 0.4 0.75
4 2 10 100 100 0.4 0.75
2 2 10 100 100 0.4 0.75
5 3 10 100 100 0.4 0.75
2 4 10 100 100 0.4 0.75
1 0 10 100 100 0.4 0.8
2 1 10 100 100 0.4 0.8
4 2 10 100 100 0.4 0.8
1 2 10 100 100 0.4 0.8
5 3 10 100 100 0.4 0.8
1 3 10 100 100 0.4 0.8
2 1 10 100 100 0.4 0.85
7 3 10 100 100 0.4 0.85
1 1 10 100 100 0.4 0.85
14 15 10 100 100 0.4 0.85
12 9 10 100 100 0.4 0.85
4 9 10 100 100 0.4 0.85
3 5 10 100 100 0.4 0.9
6 10 10 100 100 0.4 0.9
4 5 10 100 100 0.4 0.9
8 16 10 100 100 0.4 0.9
8 11 10 100 100 0.4 0.9
4 19 10 100 100 0.4 0.9
5 5 10 100 100 0.4 0.95
9 6 10 100 100 0.4 0.95
7 13 10 100 100 0.4 0.95
9 9 10 100 100 0.4 0.95
6 7 10 100 100 0.4 0.95
10 10 10 100 100 0.4 0.95
1 1 10 100 100 0.45 0.5
2 1 10 100 100 0.45 0.5
2 1 10 100 100 0.45 0.5
1 1 10 100 100 0.45 0.5
2 1 10 100 100 0.45 0.5
0 0 10 100 100 0.45 0.5
1 1 10 100 100 0.45 0.55
2 1 10 100 100 0.45 0.55
2 1 10 100 100 0.45 0.55
1 1 10 100 100 0.45 0.55
2 1 10 100 100 0.45 0.55
1 1 10 100 100 0.45 0.55
1 0 10 100 100 0.45 0.6
2 1 10 100 100 0.45 0.6
3 1 10 100 100 0.45 0.6
1 1 10 100 100 0.45 0.6
3 1 10 100 100 0.45 0.6
1 1 10 100 100 0.45 0.6
1 1 10 100 100 0.45 0.65
0 1 10 100 100 0.45 0.65
2 1 10 100 100 0.45 0.65
0 1 10 100 100 0.45 0.65
0 0 10 100 100 0.45 0.65
3 3 10 100 100 0.45 0.65
2 1 10 100 100 0.45 0.7
2 1 10 100 100 0.45 0.7
3 1 10 100 100 0.45 0.7
1 1 10 100 100 0.45 0.7
3 2 10 100 100 0.45 0.7
1 1 10 100 100 0.45 0.7
2 1 10 100 100 0.45 0.75
3 1 10 100 100 0.45 0.75
2 1 10 100 100 0.45 0.75
3 3 10 100 100 0.45 0.75
2 1 10 100 100 0.45 0.75
4 4 10 100 100 0.45 0.75
6 3 10 100 100 0.45 0.8
3 3 10 100 100 0.45 0.8
2 1 10 100 100 0.45 0.8
7 4 10 100 100 0.45 0.8
3 2 10 100 100 0.45 0.8
7 4 10 100 100 0.45 0.8
2 2 10 100 100 0.45 0.85
11 6 10 100 100 0.45 0.85
13 8 10 100 100 0.45 0.85
2 3 10 100 100 0.45 0.85
14 8 10 100 100 0.45 0.85
1 5 10 100 100 0.45 0.85
0 0 10 100 100 0.45 0.9
3 1 10 100 100 0.45 0.9
3 4 10 100 100 0.45 0.9
0 1 10 100 100 0.45 0.9
1 2 10 100 100 0.45 0.9
3 6 10 100 100 0.45 0.9
1 1 10 100 100 0.45 0.95
2 3 10 100 100 0.45 0.95
3 3 10 100 100 0.45 0.95
0 1 10 100 100 0.45 0.95
6 23 10 100 100 0.45 0.95
0 2 10 100 100 0.45 0.95
1 0 10 100 100 0.5 0.5
2 1 10 100 100 0.5 0.5
3 1 10 100 100 0.5 0.5
1 1 10 100 100 0.5 0.5
2 1 10 100 100 0.5 0.5
2 2 10 100 100 0.5 0.5
0 0 10 100 100 0.5 0.55
3 1 10 100 100 0.5 0.55
3 1 10 100 100 0.5 0.55
0 0 10 100 100 0.5 0.55
2 1 10 100 100 0.5 0.55
1 1 10 100 100 0.5 0.55
1 0 10 100 100 0.5 0.6
2 1 10 100 100 0.5 0.6
2 1 10 100 100 0.5 0.6
1 1 10 100 100 0.5 0.6
2 1 10 100 100 0.5 0.6
1 2 10 100 100 0.5 0.6
2 1 10 100 100 0.5 0.65
2 1 10 100 100 0.5 0.65
3 1 10 100 100 0.5 0.65
2 1 10 100 100 0.5 0.65
2 1 10 100 100 0.5 0.65
2 2 10 100 100 0.5 0.65
3 1 10 100 100 0.5 0.7
3 1 10 100 100 0.5 0.7
5 2 10 100 100 0.5 0.7
1 1 10 100 100 0.5 0.7
5 2 10 100 100 0.5 0.7
1 2 10 100 100 0.5 0.7
4 2 10 100 100 0.5 0.75
2 1 10 100 100 0.5 0.75
2 1 10 100 100 0.5 0.75
5 3 10 100 100 0.5 0.75
7 4 10 100 100 0.5 0.75
0 1 10 100 100 0.5 0.75
3 1 10 100 100 0.5 0.8
5 3 10 100 100 0.5 0.8
5 2 10 100 100 0.5 0.8
4 4 10 100 100 0.5 0.8
9 5 10 100 100 0.5 0.8
1 3 10 100 100 0.5 0.8
1 1 10 100 100 0.5 0.85
0 0 10 100 100 0.5 0.85
1 1 10 100 100 0.5 0.85
1 1 10 100 100 0.5 0.85
2 4 10 100 100 0.5 0.85
1 2 10 100 100 0.5 0.85
2 3 10 100 100 0.5 0.9
5 8 10 100 100 0.5 0.9
8 14 10 100 100 0.5 0.9
0 2 10 100 100 0.5 0.9
14 39 10 100 100 0.5 0.9
0 0 10 100 100 0.5 0.9
5 9 10 100 100 0.5 0.95
3 6 10 100 100 0.5 0.95
8 12 10 100 100 0.5 0.95
2 7 10 100 100 0.5 0.95
9 19 10 100 100 0.5 0.95
1 2 10 100 100 0.5 0.95
4 0 10 1000 10 0.1 0.5
21 1 10 1000 10 0.1 0.5
21 1 10 1000 10 0.1 0.5
8 1 10 1000 10 0.1 0.5
22 1 10 1000 10 0.1 0.5
7 1 10 1000 10 0.1 0.5
5 0 10 1000 10 0.1 0.55
4 0 10 1000 10 0.1 0.55
11 1 10 1000 10 0.1 0.55
1 0 10 1000 10 0.1 0.55
10 1 10 1000 10 0.1 0.55
3 1 10 1000 10 0.1 0.55
8 0 10 1000 10 0.1 0.6
4 0 10 1000 10 0.1 0.6
4 0 10 1000 10 0.1 0.6
9 1 10 1000 10 0.1 0.6
7 0 10 1000 10 0.1 0.6
7 1 10 1000 10 0.1 0.6
18 1 10 1000 10 0.1 0.65
4 0 10 1000 10 0.1 0.65
18 1 10 1000 10 0.1 0.65
5 0 10 1000 10 0.1 0.65
21 1 10 1000 10 0.1 0.65
4 1 10 1000 10 0.1 0.65
1 0 10 1000 10 0.1 0.7
1 0 10 1000 10 0.1 0.7
3 0 10 1000 10 0.1 0.7
4 0 10 1000 10 0.1 0.7
4 0 10 1000 10 0.1 0.7
3 0 10 1000 10 0.1 0.7
5 0 10 1000 10 0.1 0.75
6 0 10 1000 10 0.1 0.75
13 1 10 1000 10 0.1 0.75
3 0 10 1000 10 0.1 0.75
14 1 10 1000 10 0.1 0.75
2 0 10 1000 10 0.1 0.75
4 0 10 1000 10 0.1 0.8
4 0 10 1000 10 0.1 0.8
8 0 10 1000 10 0.1 0.8
2 0 10 1000 10 0.1 0.8
8 0 10 1000 10 0.1 0.8
9 4 10 1000 10 0.1 0.8
8 0 10 1000 10 0.1 0.85
6 0 10 1000 10 0.1 0.85
4 0 10 1000 10 0.1 0.85
10 1 10 1000 10 0.1 0.85
8 0 10 1000 10 0.1 0.85
8 1 10 1000 10 0.1 0.85
4 0 10 1000 10 0.1 0.9
4 0 10 1000 10 0.1 0.9
10 1 10 1000 10 0.1 0.9
7 3 10 1000 10 0.1 0.9
13 3 10 1000 10 0.1 0.9
5 2 10 1000 10 0.1 0.9
9 0 10 1000 10 0.1 0.95
5 0 10 1000 10 0.1 0.95
4 0 10 1000 10 0.1 0.95
17 3 10 1000 10 0.1 0.95
8 0 10 1000 10 0.1 0.95
16 3 10 1000 10 0.1 0.95
4 0 10 1000 10 0.15 0.5
3 0 10 1000 10 0.15 0.5
6 0 10 1000 10 0.15 0.5
4 0 10 1000 10 0.15 0.5
6 0 10 1000 10 0.15 0.5
5 1 10 1000 10 0.15 0.5
8 0 10 1000 10 0.15 0.55
6 0 10 1000 10 0.15 0.55
4 0 10 1000 10 0.15 0.55
10 1 10 1000 10 0.15 0.55
7 0 10 1000 10 0.15 0.55
8 1 10 1000 10 0.15 0.55
4 0 10 1000 10 0.15 0.6
4 0 10 1000 10 0.15 0.6
7 0 10 1000 10 0.15 0.6
3 0 10 1000 10 0.15 0.6
8 0 10 1000 10 0.15 0.6
3 0 10 1000 10 0.15 0.6
8 0 10 1000 10 0.15 0.65
4 0 10 1000 10 0.15 0.65
5 0 10 1000 10 0.15 0.65
8 1 10 1000 10 0.15 0.65
8 0 10 1000 10 0.15 0.65
6 1 10 1000 10 0.15 0.65
5 0 10 1000 10 0.15 0.7
3 0 10 1000 10 0.15 0.7
10 1 10 1000 10 0.15 0.7
3 1 10 1000 10 0.15 0.7
11 1 10 1000 10 0.15 0.7
4 1 10 1000 10 0.15 0.7
4 0 10 1000 10 0.15 0.75
4 0 10 1000 10 0.15 0.75
8 0 10 1000 10 0.15 0.75
4 1 10 1000 10 0.15 0.75
11 1 10 1000 10 0.15 0.75
1 0 10 1000 10 0.15 0.75
7 0 10 1000 10 0.15 0.8
5 0 10 1000 10 0.15 0.8
4 0 10 1000 10 0.15 0.8
14 3 10 1000 10 0.15 0.8
22 3 10 1000 10 0.15 0.8
1 0 10 1000 10 0.15 0.8
4 0 10 1000 10 0.15 0.85
4 0 10 1000 10 0.15 0.85
7 0 10 1000 10 0.15 0.85
2 0 10 1000 10 0.15 0.85
7 0 10 1000 10 0.15 0.85
4 1 10 1000 10 0.15 0.85
4 0 10 1000 10 0.15 0.9
11 0 10 1000 10 0.15 0.9
4 0 10 1000 10 0.15 0.9
13 0 10 1000 10 0.15 0.9
15 1 10 1000 10 0.15 0.9
4 1 10 1000 10 0.15 0.9
8 0 10 1000 10 0.15 0.95
5 0 10 1000 10 0.15 0.95
14 1 10 1000 10 0.15 0.95
3 0 10 1000 10 0.15 0.95
4 0 10 1000 10 0.15 0.95
17 5 10 1000 10 0.15 0.95
6 1 10 1000 10 0.2 0.5
3 0 10 1000 10 0.2 0.5
11 1 10 1000 10 0.2 0.5
3 0 10 1000 10 0.2 0.5
13 1 10 1000 10 0.2 0.5
1 0 10 1000 10 0.2 0.5
4 0 10 1000 10 0.2 0.55
4 0 10 1000 10 0.2 0.55
8 0 10 1000 10 0.2 0.55
1 0 10 1000 10 0.2 0.55
8 0 10 1000 10 0.2 0.55
3 1 10 1000 10 0.2 0.55
4 0 10 1000 10 0.2 0.6
4 0 10 1000 10 0.2 0.6
8 0 10 1000 10 0.2 0.6
2 0 10 1000 10 0.2 0.6
8 0 10 1000 10 0.2 0.6
3 1 10 1000 10 0.2 0.6
6 0 10 1000 10 0.2 0.65
1 0 10 1000 10 0.2 0.65
4 0 10 1000 10 0.2 0.65
5 0 10 1000 10 0.2 0.65
6 0 10 1000 10 0.2 0.65
4 0 10 1000 10 0.2 0.65
3 0 10 1000 10 0.2 0.7
4 0 10 1000 10 0.2 0.7
4 0 10 1000 10 0.2 0.7
4 0 10 1000 10 0.2 0.7
4 0 10 1000 10 0.2 0.7
6 1 10 1000 10 0.2 0.7
4 0 10 1000 10 0.2 0.75
5 0 10 1000 10 0.2 0.75
4 0 10 1000 10 0.2 0.75
7 1 10 1000 10 0.2 0.75
9 1 10 1000 10 0.2 0.75
2 0 10 1000 10 0.2 0.75
15 1 10 1000 10 0.2 0.8
4 0 10 1000 10 0.2 0.8
18 1 10 1000 10 0.2 0.8
2 0 10 1000 10 0.2 0.8
8 1 10 1000 10 0.2 0.8
4 2 10 1000 10 0.2 0.8
1 0 10 1000 10 0.2 0.85
3 1 10 1000 10 0.2 0.85
3 0 10 1000 10 0.2 0.85
3 0 10 1000 10 0.2 0.85
3 0 10 1000 10 0.2 0.85
4 1 10 1000 10 0.2 0.85
6 0 10 1000 10 0.2 0.9
4 0 10 1000 10 0.2 0.9
3 0 10 1000 10 0.2 0.9
10 2 10 1000 10 0.2 0.9
10 1 10 1000 10 0.2 0.9
5 2 10 1000 10 0.2 0.9
4 0 10 1000 10 0.2 0.95
3 0 10 1000 10 0.2 0.95
7 0 10 1000 10 0.2 0.95
2 0 10 1000 10 0.2 0.95
7 0 10 1000 10 0.2 0.95
3 1 10 1000 10 0.2 0.95
4 0 10 1000 10 0.25 0.5
6 0 10 1000 10 0.25 0.5
9 1 10 1000 10 0.25 0.5
1 0 10 1000 10 0.25 0.5
7 0 10 1000 10 0.25 0.5
4 0 10 1000 10 0.25 0.5
4 0 10 1000 10 0.25 0.55
4 0 10 1000 10 0.25 0.55
8 0 10 1000 10 0.25 0.55
2 0 10 1000 10 0.25 0.55
8 0 10 1000 10 0.25 0.55
3 1 10 1000 10 0.25 0.55
4 0 10 1000 10 0.25 0.6
3 0 10 1000 10 0.25 0.6
9 1 10 1000 10 0.25 0.6
2 1 10 1000 10 0.25 0.6
13 1 10 1000 10 0.25 0.6
2 1 10 1000 10 0.25 0.6
4 0 10 1000 10 0.25 0.65
5 0 10 1000 10 0.25 0.65
5 0 10 1000 10 0.25 0.65
4 0 10 1000 10 0.25 0.65
9 1 10 1000 10 0.25 0.65
2 0 10 1000 10 0.25 0.65
4 0 10 1000 10 0.25 0.7
15 1 10 1000 10 0.25 0.7
16 1 10 1000 10 0.25 0.7
15 1 10 1000 10 0.25 0.7
16 1 10 1000 10 0.25 0.7
15 1 10 1000 10 0.25 0.7
6 0 10 1000 10 0.25 0.75
5 0 10 1000 10 0.25 0.75
5 0 10 1000 10 0.25 0.75
6 0 10 1000 10 0.25 0.75
12 1 10 1000 10 0.25 0.75
1 0 10 1000 10 0.25 0.75
4 0 10 1000 10 0.25 0.8
4 0 10 1000 10 0.25 0.8
10 1 10 1000 10 0.25 0.8
1 0 10 1000 10 0.25 0.8
12 2 10 1000 10 0.25 0.8
6 2 10 1000 10 0.25 0.8
4 0 10 1000 10 0.25 0.85
6 0 10 1000 10 0.25 0.85
3 0 10 1000 10 0.25 0.85
9 1 10 1000 10 0.25 0.85
6 0 10 1000 10 0.25 0.85
8 3 10 1000 10 0.25 0.85
3 0 10 1000 10 0.25 0.9
3 0 10 1000 10 0.25 0.9
6 0 10 1000 10 0.25 0.9
3 0 10 1000 10 0.25 0.9
12 3 10 1000 10 0.25 0.9
1 0 10 1000 10 0.25 0.9
4 0 10 1000 10 0.25 0.95
4 0 10 1000 10 0.25 0.95
7 0 10 1000 10 0.25 0.95
3 0 10 1000 10 0.25 0.95
7 0 10 1000 10 0.25 0.95
5 2 10 1000 10 0.25 0.95
18 1 10 1000 10 0.3 0.5
6 0 10 1000 10 0.3 0.5
22 1 10 1000 10 0.3 0.5
3 0 10 1000 10 0.3 0.5
22 1 10 1000 10 0.3 0.5
4 1 10 1000 10 0.3 0.5
12 1 10 1000 10 0.3 0.55
4 0 10 1000 10 0.3 0.55
13 0 10 1000 10 0.3 0.55
4 0 10 1000 10 0.3 0.55
16 1 10 1000 10 0.3 0.55
2 0 10 1000 10 0.3 0.55
5 0 10 1000 10 0.3 0.6
6 0 10 1000 10 0.3 0.6
5 0 10 1000 10 0.3 0.6
7 0 10 1000 10 0.3 0.6
4 0 10 1000 10 0.3 0.6
9 1 10 1000 10 0.3 0.6
3 0 10 1000 10 0.3 0.65
4 0 10 1000 10 0.3 0.65
8 0 10 1000 10 0.3 0.65
2 0 10 1000 10 0.3 0.65
7 0 10 1000 10 0.3 0.65
3 1 10 1000 10 0.3 0.65
4 0 10 1000 10 0.3 0.7
6 1 10 1000 10 0.3 0.7
7 0 10 1000 10 0.3 0.7
6 1 10 1000 10 0.3 0.7
13 1 10 1000 10 0.3 0.7
2 1 10 1000 10 0.3 0.7
4 0 10 1000 10 0.3 0.75
4 0 10 1000 10 0.3 0.75
8 0 10 1000 10 0.3 0.75
1 0 10 1000 10 0.3 0.75
7 0 10 1000 10 0.3 0.75
4 1 10 1000 10 0.3 0.75
7 0 10 1000 10 0.3 0.8
5 0 10 1000 10 0.3 0.8
14 2 10 1000 10 0.3 0.8
2 0 10 1000 10 0.3 0.8
13 1 10 1000 10 0.3 0.8
4 1 10 1000 10 0.3 0.8
7 0 10 1000 10 0.3 0.85
6 0 10 1000 10 0.3 0.85
4 0 10 1000 10 0.3 0.85
12 2 10 1000 10 0.3 0.85
8 0 10 1000 10 0.3 0.85
13 4 10 1000 10 0.3 0.85
13 2 10 1000 10 0.3 0.9
2 0 10 1000 10 0.3 0.9
20 2 10 1000 10 0.3 0.9
2 0 10 1000 10 0.3 0.9
16 2 10 1000 10 0.3 0.9
7 2 10 1000 10 0.3 0.9
9 0 10 1000 10 0.3 0.95
6 0 10 1000 10 0.3 0.95
9 0 10 1000 10 0.3 0.95
6 0 10 1000 10 0.3 0.95
4 0 10 1000 10 0.3 0.95
12 2 10 1000 10 0.3 0.95
4 0 10 1000 10 0.35 0.5
4 0 10 1000 10 0.35 0.5
8 0 10 1000 10 0.35 0.5
1 0 10 1000 10 0.35 0.5
7 0 10 1000 10 0.35 0.5
3 1 10 1000 10 0.35 0.5
5 0 10 1000 10 0.35 0.55
8 0 10 1000 10 0.35 0.55
14 1 10 1000 10 0.35 0.55
3 0 10 1000 10 0.35 0.55
15 1 10 1000 10 0.35 0.55
4 1 10 1000 10 0.35 0.55
6 0 10 1000 10 0.35 0.6
18 1 10 1000 10 0.35 0.6
16 1 10 1000 10 0.35 0.6
10 1 10 1000 10 0.35 0.6
22 1 10 1000 10 0.35 0.6
5 1 10 1000 10 0.35 0.6
5 0 10 1000 10 0.35 0.65
8 0 10 1000 10 0.35 0.65
5 0 10 1000 10 0.35 0.65
8 0 10 1000 10 0.35 0.65
13 1 10 1000 10 0.35 0.65
1 0 10 1000 10 0.35 0.65
4 0 10 1000 10 0.35 0.7
20 1 10 1000 10 0.35 0.7
20 1 10 1000 10 0.35 0.7
5 0 10 1000 10 0.35 0.7
24 1 10 1000 10 0.35 0.7
1 0 10 1000 10 0.35 0.7
5 0 10 1000 10 0.35 0.75
6 0 10 1000 10 0.35 0.75
5 0 10 1000 10 0.35 0.75
12 1 10 1000 10 0.35 0.75
16 3 10 1000 10 0.35 0.75
3 1 10 1000 10 0.35 0.75
6 0 10 1000 10 0.35 0.8
6 0 10 1000 10 0.35 0.8
6 0 10 1000 10 0.35 0.8
6 0 10 1000 10 0.35 0.8
15 4 10 1000 10 0.35 0.8
2 0 10 1000 10 0.35 0.8
4 0 10 1000 10 0.35 0.85
4 0 10 1000 10 0.35 0.85
8 0 10 1000 10 0.35 0.85
5 2 10 1000 10 0.35 0.85
14 3 10 1000 10 0.35 0.85
1 0 10 1000 10 0.35 0.85
6 0 10 1000 10 0.35 0.9
13 1 10 1000 10 0.35 0.9
6 0 10 1000 10 0.35 0.9
17 2 10 1000 10 0.35 0.9
23 4 10 1000 10 0.35 0.9
3 1 10 1000 10 0.35 0.9
7 0 10 1000 10 0.35 0.95
6 0 10 1000 10 0.35 0.95
4 0 10 1000 10 0.35 0.95
15 3 10 1000 10 0.35 0.95
19 3 10 1000 10 0.35 0.95
3 1 10 1000 10 0.35 0.95
8 0 10 1000 10 0.4 0.5
4 0 10 1000 10 0.4 0.5
4 0 10 1000 10 0.4 0.5
11 1 10 1000 10 0.4 0.5
15 1 10 1000 10 0.4 0.5
1 0 10 1000 10 0.4 0.5
5 0 10 1000 10 0.4 0.55
8 0 10 1000 10 0.4 0.55
5 0 10 1000 10 0.4 0.55
8 0 10 1000 10 0.4 0.55
13 1 10 1000 10 0.4 0.55
2 1 10 1000 10 0.4 0.55
10 0 10 1000 10 0.4 0.6
5 0 10 1000 10 0.4 0.6
4 0 10 1000 10 0.4 0.6
13 1 10 1000 10 0.4 0.6
10 0 10 1000 10 0.4 0.6
8 1 10 1000 10 0.4 0.6
4 0 10 1000 10 0.4 0.65
4 0 10 1000 10 0.4 0.65
10 1 10 1000 10 0.4 0.65
1 0 10 1000 10 0.4 0.65
8 0 10 1000 10 0.4 0.65
3 1 10 1000 10 0.4 0.65
4 0 10 1000 10 0.4 0.7
11 1 10 1000 10 0.4 0.7
7 0 10 1000 10 0.4 0.7
9 0 10 1000 10 0.4 0.7
8 0 10 1000 10 0.4 0.7
8 1 10 1000 10 0.4 0.7
4 0 10 1000 10 0.4 0.75
4 0 10 1000 10 0.4 0.75
7 0 10 1000 10 0.4 0.75
2 0 10 1000 10 0.4 0.75
7 0 10 1000 10 0.4 0.75
5 2 10 1000 10 0.4 0.75
4 0 10 1000 10 0.4 0.8
9 1 10 1000 10 0.4 0.8
7 0 10 1000 10 0.4 0.8
6 0 10 1000 10 0.4 0.8
8 0 10 1000 10 0.4 0.8
5 0 10 1000 10 0.4 0.8
4 0 10 1000 10 0.4 0.85
4 0 10 1000 10 0.4 0.85
7 0 10 1000 10 0.4 0.85
4 1 10 1000 10 0.4 0.85
8 0 10 1000 10 0.4 0.85
3 1 10 1000 10 0.4 0.85
5 0 10 1000 10 0.4 0.9
8 0 10 1000 10 0.4 0.9
9 1 10 1000 10 0.4 0.9
7 1 10 1000 10 0.4 0.9
13 1 10 1000 10 0.4 0.9
4 1 10 1000 10 0.4 0.9
10 1 10 1000 10 0.4 0.95
4 0 10 1000 10 0.4 0.95
6 0 10 1000 10 0.4 0.95
8 0 10 1000 10 0.4 0.95
14 1 10 1000 10 0.4 0.95
1 0 10 1000 10 0.4 0.95
4 0 10 1000 10 0.45 0.5
4 0 10 1000 10 0.45 0.5
8 0 10 1000 10 0.45 0.5
1 0 10 1000 10 0.45 0.5
7 0 10 1000 10 0.45 0.5
2 0 10 1000 10 0.45 0.5
13 1 10 1000 10 0.45 0.55
4 0 10 1000 10 0.45 0.55
5 0 10 1000 10 0.45 0.55
13 1 10 1000 10 0.45 0.55
15 1 10 1000 10 0.45 0.55
4 1 10 1000 10 0.45 0.55
4 0 10 1000 10 0.45 0.6
4 0 10 1000 10 0.45 0.6
7 0 10 1000 10 0.45 0.6
2 0 10 1000 10 0.45 0.6
9 1 10 1000 10 0.45 0.6
1 0 10 1000 10 0.45 0.6
6 0 10 1000 10 0.45 0.65
7 0 10 1000 10 0.45 0.65
14 1 10 1000 10 0.45 0.65
3 0 10 1000 10 0.45 0.65
15 1 10 1000 10 0.45 0.65
4 1 10 1000 10 0.45 0.65
4 0 10 1000 10 0.45 0.7
4 0 10 1000 10 0.45 0.7
8 0 10 1000 10 0.45 0.7
1 0 10 1000 10 0.45 0.7
10 1 10 1000 10 0.45 0.7
1 0 10 1000 10 0.45 0.7
4 0 10 1000 10 0.45 0.75
4 0 10 1000 10 0.45 0.75
8 0 10 1000 10 0.45 0.75
1 0 10 1000 10 0.45 0.75
7 0 10 1000 10 0.45 0.75
4 1 10 1000 10 0.45 0.75
5 0 10 1000 10 0.45 0.8
7 0 10 1000 10 0.45 0.8
9 1 10 1000 10 0.45 0.8
4 0 10 1000 10 0.45 0.8
13 1 10 1000 10 0.45 0.8
2 0 10 1000 10 0.45 0.8
6 0 10 1000 10 0.45 0.85
6 0 10 1000 10 0.45 0.85
6 0 10 1000 10 0.45 0.85
6 0 10 1000 10 0.45 0.85
14 3 10 1000 10 0.45 0.85
1 0 10 1000 10 0.45 0.85
5 0 10 1000 10 0.45 0.9
3 1 10 1000 10 0.45 0.9
4 0 10 1000 10 0.45 0.9
5 0 10 1000 10 0.45 0.9
5 0 10 1000 10 0.45 0.9
5 0 10 1000 10 0.45 0.9
4 0 10 1000 10 0.45 0.95
4 0 10 1000 10 0.45 0.95
10 1 10 1000 10 0.45 0.95
1 0 10 1000 10 0.45 0.95
10 1 10 1000 10 0.45 0.95
1 0 10 1000 10 0.45 0.95
10 1 10 1000 10 0.5 0.5
8 0 10 1000 10 0.5 0.5
5 0 10 1000 10 0.5 0.5
15 1 10 1000 10 0.5 0.5
20 1 10 1000 10 0.5 0.5
3 1 10 1000 10 0.5 0.5
5 0 10 1000 10 0.5 0.55
7 0 10 1000 10 0.5 0.55
14 1 10 1000 10 0.5 0.55
3 0 10 1000 10 0.5 0.55
15 1 10 1000 10 0.5 0.55
3 0 10 1000 10 0.5 0.55
4 0 10 1000 10 0.5 0.6
22 1 10 1000 10 0.5 0.6
24 1 10 1000 10 0.5 0.6
6 1 10 1000 10 0.5 0.6
25 1 10 1000 10 0.5 0.6
5 1 10 1000 10 0.5 0.6
6 0 10 1000 10 0.5 0.65
12 0 10 1000 10 0.5 0.65
19 1 10 1000 10 0.5 0.65
1 0 10 1000 10 0.5 0.65
19 1 10 1000 10 0.5 0.65
3 1 10 1000 10 0.5 0.65
13 1 10 1000 10 0.5 0.7
3 0 10 1000 10 0.5 0.7
6 0 10 1000 10 0.5 0.7
6 0 10 1000 10 0.5 0.7
6 0 10 1000 10 0.5 0.7
11 1 10 1000 10 0.5 0.7
4 0 10 1000 10 0.5 0.75
4 0 10 1000 10 0.5 0.75
6 0 10 1000 10 0.5 0.75
3 0 10 1000 10 0.5 0.75
8 0 10 1000 10 0.5 0.75
2 0 10 1000 10 0.5 0.75
7 0 10 1000 10 0.5 0.8
6 0 10 1000 10 0.5 0.8
4 0 10 1000 10 0.5 0.8
9 1 10 1000 10 0.5 0.8
8 0 10 1000 10 0.5 0.8
8 2 10 1000 10 0.5 0.8
6 0 10 1000 10 0.5 0.85
8 0 10 1000 10 0.5 0.85
6 0 10 1000 10 0.5 0.85
11 1 10 1000 10 0.5 0.85
10 1 10 1000 10 0.5 0.85
7 1 10 1000 10 0.5 0.85
8 0 10 1000 10 0.5 0.9
5 0 10 1000 10 0.5 0.9
4 0 10 1000 10 0.5 0.9
13 2 10 1000 10 0.5 0.9
8 0 10 1000 10 0.5 0.9
10 2 10 1000 10 0.5 0.9
5 0 10 1000 10 0.5 0.95
4 0 10 1000 10 0.5 0.95
8 0 10 1000 10 0.5 0.95
6 2 10 1000 10 0.5 0.95
7 0 10 1000 10 0.5 0.95
7 2 10 1000 10 0.5 0.95
7 0 10 1000 100 0.1 0.5
6 0 10 1000 100 0.1 0.5
7 0 10 1000 100 0.1 0.5
7 0 10 1000 100 0.1 0.5
4 0 10 1000 100 0.1 0.5
10 1 10 1000 100 0.1 0.5
4 0 10 1000 100 0.1 0.55
4 0 10 1000 100 0.1 0.55
10 1 10 1000 100 0.1 0.55
2 0 10 1000 100 0.1 0.55
10 1 10 1000 100 0.1 0.55
2 0 10 1000 100 0.1 0.55
4 0 10 1000 100 0.1 0.6
4 0 10 1000 100 0.1 0.6
8 0 10 1000 100 0.1 0.6
1 0 10 1000 100 0.1 0.6
10 1 10 1000 100 0.1 0.6
1 0 10 1000 100 0.1 0.6
8 0 10 1000 100 0.1 0.65
5 0 10 1000 100 0.1 0.65
4 0 10 1000 100 0.1 0.65
9 1 10 1000 100 0.1 0.65
8 0 10 1000 100 0.1 0.65
6 1 10 1000 100 0.1 0.65
4 0 10 1000 100 0.1 0.7
22 1 10 1000 100 0.1 0.7
26 1 10 1000 100 0.1 0.7
2 0 10 1000 100 0.1 0.7
23 1 10 1000 100 0.1 0.7
6 1 10 1000 100 0.1 0.7
4 0 10 1000 100 0.1 0.75
4 0 10 1000 100 0.1 0.75
7 0 10 1000 100 0.1 0.75
4 1 10 1000 100 0.1 0.75
10 1 10 1000 100 0.1 0.75
6 2 10 1000 100 0.1 0.75
3 0 10 1000 100 0.1 0.8
4 0 10 1000 100 0.1 0.8
4 1 10 1000 100 0.1 0.8
9 1 10 1000 100 0.1 0.8
2 0 10 1000 100 0.1 0.8
11 2 10 1000 100 0.1 0.8
5 0 10 1000 100 0.1 0.85
7 0 10 1000 100 0.1 0.85
9 1 10 1000 100 0.1 0.85
4 0 10 1000 100 0.1 0.85
7 0 10 1000 100 0.1 0.85
6 0 10 1000 100 0.1 0.85
4 0 10 1000 100 0.1 0.9
9 1 10 1000 100 0.1 0.9
13 1 10 1000 100 0.1 0.9
2 0 10 1000 100 0.1 0.9
20 5 10 1000 100 0.1 0.9
1 0 10 1000 100 0.1 0.9
5 0 10 1000 100 0.1 0.95
5 0 10 1000 100 0.1 0.95
5 0 10 1000 100 0.1 0.95
5 0 10 1000 100 0.1 0.95
11 1 10 1000 100 0.1 0.95
2 1 10 1000 100 0.1 0.95
4 0 10 1000 100 0.15 0.5
3 0 10 1000 100 0.15 0.5
10 1 10 1000 100 0.15 0.5
3 1 10 1000 100 0.15 0.5
10 1 10 1000 100 0.15 0.5
3 1 10 1000 100 0.15 0.5
3 0 10 1000 100 0.15 0.55
13 1 10 1000 100 0.15 0.55
7 0 10 1000 100 0.15 0.55
11 1 10 1000 100 0.15 0.55
8 0 10 1000 100 0.15 0.55
10 1 10 1000 100 0.15 0.55
4 0 10 1000 100 0.15 0.6
3 0 10 1000 100 0.15 0.6
7 1 10 1000 100 0.15 0.6
3 1 10 1000 100 0.15 0.6
10 1 10 1000 100 0.15 0.6
3 1 10 1000 100 0.15 0.6
4 0 10 1000 100 0.15 0.65
4 0 10 1000 100 0.15 0.65
7 0 10 1000 100 0.15 0.65
2 0 10 1000 100 0.15 0.65
8 0 10 1000 100 0.15 0.65
3 1 10 1000 100 0.15 0.65
6 0 10 1000 100 0.15 0.7
11 1 10 1000 100 0.15 0.7
15 1 10 1000 100 0.15 0.7
4 0 10 1000 100 0.15 0.7
11 1 10 1000 100 0.15 0.7
9 1 10 1000 100 0.15 0.7
8 0 10 1000 100 0.15 0.75
5 0 10 1000 100 0.15 0.75
8 0 10 1000 100 0.15 0.75
5 0 10 1000 100 0.15 0.75
4 0 10 1000 100 0.15 0.75
10 1 10 1000 100 0.15 0.75
14 2 10 1000 100 0.15 0.8
4 0 10 1000 100 0.15 0.8
6 0 10 1000 100 0.15 0.8
13 1 10 1000 100 0.15 0.8
14 1 10 1000 100 0.15 0.8
5 0 10 1000 100 0.15 0.8
8 1 10 1000 100 0.15 0.85
4 0 10 1000 100 0.15 0.85
13 1 10 1000 100 0.15 0.85
3 1 10 1000 100 0.15 0.85
14 2 10 1000 100 0.15 0.85
3 1 10 1000 100 0.15 0.85
6 0 10 1000 100 0.15 0.9
9 0 10 1000 100 0.15 0.9
6 0 10 1000 100 0.15 0.9
9 1 10 1000 100 0.15 0.9
16 3 10 1000 100 0.15 0.9
3 1 10 1000 100 0.15 0.9
6 0 10 1000 100 0.15 0.95
14 1 10 1000 100 0.15 0.95
9 1 10 1000 100 0.15 0.95
14 2 10 1000 100 0.15 0.95
21 2 10 1000 100 0.15 0.95
2 0 10 1000 100 0.15 0.95
4 0 10 1000 100 0.2 0.5
4 0 10 1000 100 0.2 0.5
8 0 10 1000 100 0.2 0.5
4 1 10 1000 100 0.2 0.5
8 0 10 1000 100 0.2 0.5
4 1 10 1000 100 0.2 0.5
7 0 10 1000 100 0.2 0.55
5 0 10 1000 100 0.2 0.55
3 0 10 1000 100 0.2 0.55
10 1 10 1000 100 0.2 0.55
8 0 10 1000 100 0.2 0.55
7 1 10 1000 100 0.2 0.55
4 0 10 1000 100 0.2 0.6
4 0 10 1000 100 0.2 0.6
10 1 10 1000 100 0.2 0.6
1 0 10 1000 100 0.2 0.6
8 0 10 1000 100 0.2 0.6
3 1 10 1000 100 0.2 0.6
5 0 10 1000 100 0.2 0.65
8 0 10 1000 100 0.2 0.65
5 0 10 1000 100 0.2 0.65
8 0 10 1000 100 0.2 0.65
13 1 10 1000 100 0.2 0.65
1 0 10 1000 100 0.2 0.65
8 0 10 1000 100 0.2 0.7
3 0 10 1000 100 0.2 0.7
5 0 10 1000 100 0.2 0.7
11 1 10 1000 100 0.2 0.7
16 1 10 1000 100 0.2 0.7
3 1 10 1000 100 0.2 0.7
4 0 10 1000 100 0.2 0.75
4 0 10 1000 100 0.2 0.75
7 0 10 1000 100 0.2 0.75
5 1 10 1000 100 0.2 0.75
8 0 10 1000 100 0.2 0.75
4 1 10 1000 100 0.2 0.75
7 0 10 1000 100 0.2 0.8
9 0 10 1000 100 0.2 0.8
7 0 10 1000 100 0.2 0.8
9 0 10 1000 100 0.2 0.8
4 0 10 1000 100 0.2 0.8
14 2 10 1000 100 0.2 0.8
10 1 10 1000 100 0.2 0.85
4 0 10 1000 100 0.2 0.85
6 0 10 1000 100 0.2 0.85
8 0 10 1000 100 0.2 0.85
6 0 10 1000 100 0.2 0.85
8 0 10 1000 100 0.2 0.85
6 0 10 1000 100 0.2 0.9
7 0 10 1000 100 0.2 0.9
9 1 10 1000 100 0.2 0.9
4 0 10 1000 100 0.2 0.9
14 1 10 1000 100 0.2 0.9
1 0 10 1000 100 0.2 0.9
8 0 10 1000 100 0.2 0.95
12 1 10 1000 100 0.2 0.95
4 0 10 1000 100 0.2 0.95
18 3 10 1000 100 0.2 0.95
8 0 10 1000 100 0.2 0.95
15 2 10 1000 100 0.2 0.95
6 0 10 1000 100 0.25 0.5
9 0 10 1000 100 0.25 0.5
6 0 10 1000 100 0.25 0.5
9 1 10 1000 100 0.25 0.5
10 1 10 1000 100 0.25 0.5
6 1 10 1000 100 0.25 0.5
4 0 10 1000 100 0.25 0.55
4 0 10 1000 100 0.25 0.55
8 0 10 1000 100 0.25 0.55
3 1 10 1000 100 0.25 0.55
10 1 10 1000 100 0.25 0.55
2 1 10 1000 100 0.25 0.55
4 0 10 1000 100 0.25 0.6
4 0 10 1000 100 0.25 0.6
7 0 10 1000 100 0.25 0.6
2 0 10 1000 100 0.25 0.6
8 0 10 1000 100 0.25 0.6
1 0 10 1000 100 0.25 0.6
4 0 10 1000 100 0.25 0.65
4 0 10 1000 100 0.25 0.65
7 0 10 1000 100 0.25 0.65
2 0 10 1000 100 0.25 0.65
9 1 10 1000 100 0.25 0.65
1 0 10 1000 100 0.25 0.65
11 0 10 1000 100 0.25 0.7
7 0 10 1000 100 0.25 0.7
5 0 10 1000 100 0.25 0.7
15 1 10 1000 100 0.25 0.7
18 1 10 1000 100 0.25 0.7
2 0 10 1000 100 0.25 0.7
5 0 10 1000 100 0.25 0.75
8 1 10 1000 100 0.25 0.75
7 0 10 1000 100 0.25 0.75
9 1 10 1000 100 0.25 0.75
14 1 10 1000 100 0.25 0.75
4 1 10 1000 100 0.25 0.75
8 0 10 1000 100 0.25 0.8
5 0 10 1000 100 0.25 0.8
8 0 10 1000 100 0.25 0.8
9 1 10 1000 100 0.25 0.8
4 0 10 1000 100 0.25 0.8
13 2 10 1000 100 0.25 0.8
5 0 10 1000 100 0.25 0.85
4 0 10 1000 100 0.25 0.85
4 1 10 1000 100 0.25 0.85
6 0 10 1000 100 0.25 0.85
12 1 10 1000 100 0.25 0.85
2 1 10 1000 100 0.25 0.85
6 0 10 1000 100 0.25 0.9
5 0 10 1000 100 0.25 0.9
16 3 10 1000 100 0.25 0.9
3 0 10 1000 100 0.25 0.9
12 1 10 1000 100 0.25 0.9
13 6 10 1000 100 0.25 0.9
5 0 10 1000 100 0.25 0.95
4 0 10 1000 100 0.25 0.95
10 1 10 1000 100 0.25 0.95
4 1 10 1000 100 0.25 0.95
14 3 10 1000 100 0.25 0.95
1 0 10 1000 100 0.25 0.95
12 1 10 1000 100 0.3 0.5
6 0 10 1000 100 0.3 0.5
19 1 10 1000 100 0.3 0.5
1 0 10 1000 100 0.3 0.5
20 1 10 1000 100 0.3 0.5
1 0 10 1000 100 0.3 0.5
4 0 10 1000 100 0.3 0.55
4 0 10 1000 100 0.3 0.55
10 1 10 1000 100 0.3 0.55
4 1 10 1000 100 0.3 0.55
10 1 10 1000 100 0.3 0.55
4 1 10 1000 100 0.3 0.55
4 0 10 1000 100 0.3 0.6
4 0 10 1000 100 0.3 0.6
8 0 10 1000 100 0.3 0.6
1 0 10 1000 100 0.3 0.6
11 1 10 1000 100 0.3 0.6
1 0 10 1000 100 0.3 0.6
5 0 10 1000 100 0.3 0.65
8 0 10 1000 100 0.3 0.65
14 1 10 1000 100 0.3 0.65
2 0 10 1000 100 0.3 0.65
5 0 10 1000 100 0.3 0.65
11 1 10 1000 100 0.3 0.65
8 0 10 1000 100 0.3 0.7
4 0 10 1000 100 0.3 0.7
4 0 10 1000 100 0.3 0.7
9 1 10 1000 100 0.3 0.7
7 0 10 1000 100 0.3 0.7
7 1 10 1000 100 0.3 0.7
20 1 10 1000 100 0.3 0.75
6 0 10 1000 100 0.3 0.75
7 0 10 1000 100 0.3 0.75
20 1 10 1000 100 0.3 0.75
26 1 10 1000 100 0.3 0.75
2 0 10 1000 100 0.3 0.75
4 0 10 1000 100 0.3 0.8
4 0 10 1000 100 0.3 0.8
7 0 10 1000 100 0.3 0.8
3 0 10 1000 100 0.3 0.8
8 0 10 1000 100 0.3 0.8
4 1 10 1000 100 0.3 0.8
4 0 10 1000 100 0.3 0.85
4 0 10 1000 100 0.3 0.85
7 0 10 1000 100 0.3 0.85
2 0 10 1000 100 0.3 0.85
7 0 10 1000 100 0.3 0.85
4 1 10 1000 100 0.3 0.85
4 0 10 1000 100 0.3 0.9
4 0 10 1000 100 0.3 0.9
7 0 10 1000 100 0.3 0.9
5 1 10 1000 100 0.3 0.9
8 0 10 1000 100 0.3 0.9
4 1 10 1000 100 0.3 0.9
3 0 10 1000 100 0.3 0.95
8 1 10 1000 100 0.3 0.95
12 1 10 1000 100 0.3 0.95
4 1 10 1000 100 0.3 0.95
15 3 10 1000 100 0.3 0.95
1 0 10 1000 100 0.3 0.95
15 1 10 1000 100 0.35 0.5
5 0 10 1000 100 0.35 0.5
19 1 10 1000 100 0.35 0.5
2 0 10 1000 100 0.35 0.5
20 1 10 1000 100 0.35 0.5
3 1 10 1000 100 0.35 0.5
8 0 10 1000 100 0.35 0.55
5 0 10 1000 100 0.35 0.55
4 0 10 1000 100 0.35 0.55
10 1 10 1000 100 0.35 0.55
8 0 10 1000 100 0.35 0.55
7 1 10 1000 100 0.35 0.55
4 0 10 1000 100 0.35 0.6
4 0 10 1000 100 0.35 0.6
11 1 10 1000 100 0.35 0.6
1 0 10 1000 100 0.35 0.6
11 1 10 1000 100 0.35 0.6
2 1 10 1000 100 0.35 0.6
5 0 10 1000 100 0.35 0.65
8 0 10 1000 100 0.35 0.65
14 1 10 1000 100 0.35 0.65
2 0 10 1000 100 0.35 0.65
5 0 10 1000 100 0.35 0.65
11 1 10 1000 100 0.35 0.65
18 1 10 1000 100 0.35 0.7
4 0 10 1000 100 0.35 0.7
19 1 10 1000 100 0.35 0.7
4 0 10 1000 100 0.35 0.7
23 1 10 1000 100 0.35 0.7
1 0 10 1000 100 0.35 0.7
4 0 10 1000 100 0.35 0.75
4 0 10 1000 100 0.35 0.75
8 0 10 1000 100 0.35 0.75
1 0 10 1000 100 0.35 0.75
10 1 10 1000 100 0.35 0.75
5 2 10 1000 100 0.35 0.75
5 0 10 1000 100 0.35 0.8
8 0 10 1000 100 0.35 0.8
5 0 10 1000 100 0.35 0.8
8 0 10 1000 100 0.35 0.8
9 1 10 1000 100 0.35 0.8
4 0 10 1000 100 0.35 0.8
4 0 10 1000 100 0.35 0.85
3 0 10 1000 100 0.35 0.85
9 1 10 1000 100 0.35 0.85
2 0 10 1000 100 0.35 0.85
7 0 10 1000 100 0.35 0.85
4 1 10 1000 100 0.35 0.85
4 0 10 1000 100 0.35 0.9
9 1 10 1000 100 0.35 0.9
8 0 10 1000 100 0.35 0.9
6 0 10 1000 100 0.35 0.9
8 0 10 1000 100 0.35 0.9
7 1 10 1000 100 0.35 0.9
4 0 10 1000 100 0.35 0.95
13 1 10 1000 100 0.35 0.95
11 0 10 1000 100 0.35 0.95
6 0 10 1000 100 0.35 0.95
10 0 10 1000 100 0.35 0.95
7 1 10 1000 100 0.35 0.95
5 0 10 1000 100 0.4 0.5
4 0 10 1000 100 0.4 0.5
11 1 10 1000 100 0.4 0.5
4 1 10 1000 100 0.4 0.5
11 1 10 1000 100 0.4 0.5
4 1 10 1000 100 0.4 0.5
3 0 10 1000 100 0.4 0.55
3 0 10 1000 100 0.4 0.55
3 0 10 1000 100 0.4 0.55
4 0 10 1000 100 0.4 0.55
7 0 10 1000 100 0.4 0.55
1 0 10 1000 100 0.4 0.55
25 1 10 1000 100 0.4 0.6
2 0 10 1000 100 0.4 0.6
25 1 10 1000 100 0.4 0.6
2 0 10 1000 100 0.4 0.6
4 0 10 1000 100 0.4 0.6
23 1 10 1000 100 0.4 0.6
5 0 10 1000 100 0.4 0.65
8 0 10 1000 100 0.4 0.65
17 1 10 1000 100 0.4 0.65
3 0 10 1000 100 0.4 0.65
5 0 10 1000 100 0.4 0.65
15 1 10 1000 100 0.4 0.65
6 0 10 1000 100 0.4 0.7
8 0 10 1000 100 0.4 0.7
16 1 10 1000 100 0.4 0.7
7 1 10 1000 100 0.4 0.7
17 1 10 1000 100 0.4 0.7
7 1 10 1000 100 0.4 0.7
8 0 10 1000 100 0.4 0.75
6 0 10 1000 100 0.4 0.75
4 0 10 1000 100 0.4 0.75
13 1 10 1000 100 0.4 0.75
15 1 10 1000 100 0.4 0.75
2 0 10 1000 100 0.4 0.75
7 1 10 1000 100 0.4 0.8
6 0 10 1000 100 0.4 0.8
11 2 10 1000 100 0.4 0.8
5 0 10 1000 100 0.4 0.8
16 1 10 1000 100 0.4 0.8
3 1 10 1000 100 0.4 0.8
4 0 10 1000 100 0.4 0.85
4 0 10 1000 100 0.4 0.85
7 0 10 1000 100 0.4 0.85
3 0 10 1000 100 0.4 0.85
8 0 10 1000 100 0.4 0.85
3 1 10 1000 100 0.4 0.85
4 0 10 1000 100 0.4 0.9
3 0 10 1000 100 0.4 0.9
7 0 10 1000 100 0.4 0.9
2 0 10 1000 100 0.4 0.9
9 1 10 1000 100 0.4 0.9
1 0 10 1000 100 0.4 0.9
15 2 10 1000 100 0.4 0.95
4 0 10 1000 100 0.4 0.95
20 2 10 1000 100 0.4 0.95
2 0 10 1000 100 0.4 0.95
26 5 10 1000 100 0.4 0.95
2 1 10 1000 100 0.4 0.95
4 0 10 1000 100 0.45 0.5
3 0 10 1000 100 0.45 0.5
10 1 10 1000 100 0.45 0.5
1 0 10 1000 100 0.45 0.5
10 1 10 1000 100 0.45 0.5
3 1 10 1000 100 0.45 0.5
4 0 10 1000 100 0.45 0.55
14 1 10 1000 100 0.45 0.55
8 0 10 1000 100 0.45 0.55
12 1 10 1000 100 0.45 0.55
8 0 10 1000 100 0.45 0.55
12 1 10 1000 100 0.45 0.55
4 0 10 1000 100 0.45 0.6
4 0 10 1000 100 0.45 0.6
7 0 10 1000 100 0.45 0.6
2 0 10 1000 100 0.45 0.6
7 0 10 1000 100 0.45 0.6
2 0 10 1000 100 0.45 0.6
6 0 10 1000 100 0.45 0.65
4 0 10 1000 100 0.45 0.65
12 1 10 1000 100 0.45 0.65
7 1 10 1000 100 0.45 0.65
8 1 10 1000 100 0.45 0.65
4 1 10 1000 100 0.45 0.65
4 0 10 1000 100 0.45 0.7
14 1 10 1000 100 0.45 0.7
7 0 10 1000 100 0.45 0.7
13 1 10 1000 100 0.45 0.7
8 0 10 1000 100 0.45 0.7
12 1 10 1000 100 0.45 0.7
14 0 10 1000 100 0.45 0.75
6 0 10 1000 100 0.45 0.75
15 0 10 1000 100 0.45 0.75
5 0 10 1000 100 0.45 0.75
14 0 10 1000 100 0.45 0.75
7 1 10 1000 100 0.45 0.75
4 0 10 1000 100 0.45 0.8
4 0 10 1000 100 0.45 0.8
7 0 10 1000 100 0.45 0.8
2 0 10 1000 100 0.45 0.8
9 1 10 1000 100 0.45 0.8
4 2 10 1000 100 0.45 0.8
4 0 10 1000 100 0.45 0.85
4 0 10 1000 100 0.45 0.85
7 0 10 1000 100 0.45 0.85
4 1 10 1000 100 0.45 0.85
8 0 10 1000 100 0.45 0.85
3 1 10 1000 100 0.45 0.85
4 0 10 1000 100 0.45 0.9
4 0 10 1000 100 0.45 0.9
8 0 10 1000 100 0.45 0.9
1 0 10 1000 100 0.45 0.9
10 1 10 1000 100 0.45 0.9
2 1 10 1000 100 0.45 0.9
7 0 10 1000 100 0.45 0.95
6 0 10 1000 100 0.45 0.95
4 0 10 1000 100 0.45 0.95
13 2 10 1000 100 0.45 0.95
7 0 10 1000 100 0.45 0.95
11 2 10 1000 100 0.45 0.95
4 0 10 1000 100 0.5 0.5
8 0 10 1000 100 0.5 0.5
8 0 10 1000 100 0.5 0.5
2 0 10 1000 100 0.5 0.5
12 0 10 1000 100 0.5 0.5
3 1 10 1000 100 0.5 0.5
8 0 10 1000 100 0.5 0.55
6 0 10 1000 100 0.5 0.55
4 0 10 1000 100 0.5 0.55
11 1 10 1000 100 0.5 0.55
7 0 10 1000 100 0.5 0.55
9 1 10 1000 100 0.5 0.55
4 0 10 1000 100 0.5 0.6
4 0 10 1000 100 0.5 0.6
8 0 10 1000 100 0.5 0.6
2 0 10 1000 100 0.5 0.6
7 0 10 1000 100 0.5 0.6
3 0 10 1000 100 0.5 0.6
8 0 10 1000 100 0.5 0.65
5 0 10 1000 100 0.5 0.65
4 0 10 1000 100 0.5 0.65
13 1 10 1000 100 0.5 0.65
17 1 10 1000 100 0.5 0.65
2 1 10 1000 100 0.5 0.65
4 0 10 1000 100 0.5 0.7
5 0 10 1000 100 0.5 0.7
8 0 10 1000 100 0.5 0.7
5 1 10 1000 100 0.5 0.7
8 0 10 1000 100 0.5 0.7
5 1 10 1000 100 0.5 0.7
4 0 10 1000 100 0.5 0.75
3 0 10 1000 100 0.5 0.75
10 1 10 1000 100 0.5 0.75
6 2 10 1000 100 0.5 0.75
9 1 10 1000 100 0.5 0.75
8 3 10 1000 100 0.5 0.75
3 0 10 1000 100 0.5 0.8
3 0 10 1000 100 0.5 0.8
7 0 10 1000 100 0.5 0.8
3 0 10 1000 100 0.5 0.8
7 1 10 1000 100 0.5 0.8
5 1 10 1000 100 0.5 0.8
9 1 10 1000 100 0.5 0.85
4 0 10 1000 100 0.5 0.85
13 1 10 1000 100 0.5 0.85
2 0 10 1000 100 0.5 0.85
13 1 10 1000 100 0.5 0.85
3 1 10 1000 100 0.5 0.85
6 0 10 1000 100 0.5 0.9
7 0 10 1000 100 0.5 0.9
6 0 10 1000 100 0.5 0.9
11 1 10 1000 100 0.5 0.9
9 1 10 1000 100 0.5 0.9
12 4 10 1000 100 0.5 0.9
9 1 10 1000 100 0.5 0.95
4 0 10 1000 100 0.5 0.95
16 2 10 1000 100 0.5 0.95
1 0 10 1000 100 0.5 0.95
16 2 10 1000 100 0.5 0.95
3 1 10 1000 100 0.5 0.95
6 0 10 1000 1000 0.1 0.5
8 0 10 1000 1000 0.1 0.5
15 1 10 1000 1000 0.1 0.5
2 0 10 1000 1000 0.1 0.5
17 1 10 1000 1000 0.1 0.5
1 0 10 1000 1000 0.1 0.5
6 0 10 1000 1000 0.1 0.55
13 1 10 1000 1000 0.1 0.55
10 0 10 1000 1000 0.1 0.55
11 1 10 1000 1000 0.1 0.55
9 0 10 1000 1000 0.1 0.55
11 1 10 1000 1000 0.1 0.55
5 0 10 1000 1000 0.1 0.6
5 0 10 1000 1000 0.1 0.6
12 1 10 1000 1000 0.1 0.6
3 0 10 1000 1000 0.1 0.6
12 1 10 1000 1000 0.1 0.6
3 0 10 1000 1000 0.1 0.6
4 0 10 1000 1000 0.1 0.65
4 0 10 1000 1000 0.1 0.65
7 0 10 1000 1000 0.1 0.65
4 1 10 1000 1000 0.1 0.65
9 1 10 1000 1000 0.1 0.65
3 1 10 1000 1000 0.1 0.65
4 0 10 1000 1000 0.1 0.7
3 0 10 1000 1000 0.1 0.7
7 0 10 1000 1000 0.1 0.7
4 1 10 1000 1000 0.1 0.7
10 1 10 1000 1000 0.1 0.7
3 1 10 1000 1000 0.1 0.7
4 0 10 1000 1000 0.1 0.75
3 0 10 1000 1000 0.1 0.75
7 0 10 1000 1000 0.1 0.75
5 1 10 1000 1000 0.1 0.75
7 0 10 1000 1000 0.1 0.75
5 1 10 1000 1000 0.1 0.75
3 0 10 1000 1000 0.1 0.8
8 0 10 1000 1000 0.1 0.8
8 1 10 1000 1000 0.1 0.8
4 0 10 1000 1000 0.1 0.8
10 1 10 1000 1000 0.1 0.8
1 0 10 1000 1000 0.1 0.8
8 1 10 1000 1000 0.1 0.85
4 0 10 1000 1000 0.1 0.85
13 1 10 1000 1000 0.1 0.85
1 0 10 1000 1000 0.1 0.85
14 2 10 1000 1000 0.1 0.85
1 0 10 1000 1000 0.1 0.85
9 1 10 1000 1000 0.1 0.9
4 0 10 1000 1000 0.1 0.9
13 1 10 1000 1000 0.1 0.9
1 0 10 1000 1000 0.1 0.9
13 1 10 1000 1000 0.1 0.9
6 3 10 1000 1000 0.1 0.9
6 0 10 1000 1000 0.1 0.95
7 0 10 1000 1000 0.1 0.95
9 1 10 1000 1000 0.1 0.95
4 0 10 1000 1000 0.1 0.95
14 1 10 1000 1000 0.1 0.95
1 0 10 1000 1000 0.1 0.95
4 0 10 1000 1000 0.15 0.5
16 1 10 1000 1000 0.15 0.5
8 0 10 1000 1000 0.15 0.5
14 1 10 1000 1000 0.15 0.5
8 0 10 1000 1000 0.15 0.5
14 1 10 1000 1000 0.15 0.5
4 0 10 1000 1000 0.15 0.55
4 0 10 1000 1000 0.15 0.55
10 1 10 1000 1000 0.15 0.55
2 0 10 1000 1000 0.15 0.55
10 1 10 1000 1000 0.15 0.55
2 0 10 1000 1000 0.15 0.55
4 0 10 1000 1000 0.15 0.6
3 0 10 1000 1000 0.15 0.6
7 1 10 1000 1000 0.15 0.6
2 0 10 1000 1000 0.15 0.6
10 1 10 1000 1000 0.15 0.6
3 1 10 1000 1000 0.15 0.6
16 1 10 1000 1000 0.15 0.65
6 0 10 1000 1000 0.15 0.65
4 0 10 1000 1000 0.15 0.65
16 1 10 1000 1000 0.15 0.65
21 1 10 1000 1000 0.15 0.65
2 0 10 1000 1000 0.15 0.65
6 0 10 1000 1000 0.15 0.7
8 0 10 1000 1000 0.15 0.7
5 0 10 1000 1000 0.15 0.7
8 0 10 1000 1000 0.15 0.7
13 1 10 1000 1000 0.15 0.7
1 0 10 1000 1000 0.15 0.7
4 0 10 1000 1000 0.15 0.75
4 0 10 1000 1000 0.15 0.75
8 0 10 1000 1000 0.15 0.75
2 0 10 1000 1000 0.15 0.75
8 0 10 1000 1000 0.15 0.75
3 1 10 1000 1000 0.15 0.75
4 0 10 1000 1000 0.15 0.8
12 0 10 1000 1000 0.15 0.8
15 0 10 1000 1000 0.15 0.8
2 0 10 1000 1000 0.15 0.8
15 0 10 1000 1000 0.15 0.8
2 0 10 1000 1000 0.15 0.8
7 0 10 1000 1000 0.15 0.85
6 0 10 1000 1000 0.15 0.85
4 0 10 1000 1000 0.15 0.85
12 2 10 1000 1000 0.15 0.85
8 0 10 1000 1000 0.15 0.85
10 2 10 1000 1000 0.15 0.85
4 0 10 1000 1000 0.15 0.9
5 0 10 1000 1000 0.15 0.9
8 0 10 1000 1000 0.15 0.9
2 0 10 1000 1000 0.15 0.9
11 1 10 1000 1000 0.15 0.9
5 1 10 1000 1000 0.15 0.9
4 0 10 1000 1000 0.15 0.95
3 0 10 1000 1000 0.15 0.95
11 2 10 1000 1000 0.15 0.95
1 0 10 1000 1000 0.15 0.95
11 2 10 1000 1000 0.15 0.95
2 0 10 1000 1000 0.15 0.95
8 0 10 1000 1000 0.2 0.5
12 0 10 1000 1000 0.2 0.5
4 0 10 1000 1000 0.2 0.5
20 1 10 1000 1000 0.2 0.5
23 1 10 1000 1000 0.2 0.5
3 1 10 1000 1000 0.2 0.5
10 1 10 1000 1000 0.2 0.55
6 0 10 1000 1000 0.2 0.55
10 1 10 1000 1000 0.2 0.55
7 0 10 1000 1000 0.2 0.55
17 1 10 1000 1000 0.2 0.55
1 0 10 1000 1000 0.2 0.55
4 0 10 1000 1000 0.2 0.6
4 0 10 1000 1000 0.2 0.6
8 0 10 1000 1000 0.2 0.6
2 0 10 1000 1000 0.2 0.6
8 0 10 1000 1000 0.2 0.6
3 1 10 1000 1000 0.2 0.6
6 0 10 1000 1000 0.2 0.65
8 0 10 1000 1000 0.2 0.65
6 0 10 1000 1000 0.2 0.65
11 1 10 1000 1000 0.2 0.65
14 1 10 1000 1000 0.2 0.65
4 1 10 1000 1000 0.2 0.65
4 0 10 1000 1000 0.2 0.7
4 0 10 1000 1000 0.2 0.7
7 0 10 1000 1000 0.2 0.7
2 0 10 1000 1000 0.2 0.7
10 1 10 1000 1000 0.2 0.7
1 0 10 1000 1000 0.2 0.7
5 0 10 1000 1000 0.2 0.75
5 0 10 1000 1000 0.2 0.75
14 1 10 1000 1000 0.2 0.75
3 0 10 1000 1000 0.2 0.75
15 1 10 1000 1000 0.2 0.75
3 0 10 1000 1000 0.2 0.75
6 0 10 1000 1000 0.2 0.8
4 0 10 1000 1000 0.2 0.8
10 1 10 1000 1000 0.2 0.8
3 0 10 1000 1000 0.2 0.8
11 1 10 1000 1000 0.2 0.8
5 2 10 1000 1000 0.2 0.8
6 0 10 1000 1000 0.2 0.85
6 0 10 1000 1000 0.2 0.85
6 0 10 1000 1000 0.2 0.85
10 1 10 1000 1000 0.2 0.85
13 2 10 1000 1000 0.2 0.85
3 0 10 1000 1000 0.2 0.85
3 0 10 1000 1000 0.2 0.9
3 0 10 1000 1000 0.2 0.9
9 1 10 1000 1000 0.2 0.9
2 0 10 1000 1000 0.2 0.9
6 1 10 1000 1000 0.2 0.9
5 2 10 1000 1000 0.2 0.9
6 0 10 1000 1000 0.2 0.95
8 0 10 1000 1000 0.2 0.95
6 0 10 1000 1000 0.2 0.95
9 0 10 1000 1000 0.2 0.95
17 3 10 1000 1000 0.2 0.95
4 2 10 1000 1000 0.2 0.95
7 0 10 1000 1000 0.25 0.5
3 1 10 1000 1000 0.25 0.5
4 0 10 1000 1000 0.25 0.5
9 1 10 1000 1000 0.25 0.5
13 1 10 1000 1000 0.25 0.5
3 1 10 1000 1000 0.25 0.5
8 0 10 1000 1000 0.25 0.55
4 0 10 1000 1000 0.25 0.55
4 0 10 1000 1000 0.25 0.55
12 1 10 1000 1000 0.25 0.55
15 1 10 1000 1000 0.25 0.55
2 0 10 1000 1000 0.25 0.55
7 0 10 1000 1000 0.25 0.6
5 0 10 1000 1000 0.25 0.6
7 0 10 1000 1000 0.25 0.6
5 0 10 1000 1000 0.25 0.6
4 0 10 1000 1000 0.25 0.6
9 1 10 1000 1000 0.25 0.6
6 0 10 1000 1000 0.25 0.65
7 0 10 1000 1000 0.25 0.65
19 1 10 1000 1000 0.25 0.65
2 0 10 1000 1000 0.25 0.65
15 1 10 1000 1000 0.25 0.65
7 1 10 1000 1000 0.25 0.65
4 0 10 1000 1000 0.25 0.7
4 0 10 1000 1000 0.25 0.7
7 0 10 1000 1000 0.25 0.7
2 0 10 1000 1000 0.25 0.7
9 1 10 1000 1000 0.25 0.7
1 0 10 1000 1000 0.25 0.7
7 0 10 1000 1000 0.25 0.75
6 0 10 1000 1000 0.25 0.75
4 0 10 1000 1000 0.25 0.75
13 1 10 1000 1000 0.25 0.75
17 1 10 1000 1000 0.25 0.75
1 0 10 1000 1000 0.25 0.75
9 1 10 1000 1000 0.25 0.8
1 0 10 1000 1000 0.25 0.8
4 0 10 1000 1000 0.25 0.8
8 0 10 1000 1000 0.25 0.8
12 2 10 1000 1000 0.25 0.8
3 1 10 1000 1000 0.25 0.8
6 0 10 1000 1000 0.25 0.85
6 0 10 1000 1000 0.25 0.85
6 0 10 1000 1000 0.25 0.85
6 0 10 1000 1000 0.25 0.85
13 2 10 1000 1000 0.25 0.85
4 2 10 1000 1000 0.25 0.85
5 0 10 1000 1000 0.25 0.9
4 0 10 1000 1000 0.25 0.9
4 0 10 1000 1000 0.25 0.9
6 0 10 1000 1000 0.25 0.9
8 0 10 1000 1000 0.25 0.9
2 0 10 1000 1000 0.25 0.9
7 0 10 1000 1000 0.25 0.95
5 0 10 1000 1000 0.25 0.95
4 0 10 1000 1000 0.25 0.95
12 2 10 1000 1000 0.25 0.95
7 0 10 1000 1000 0.25 0.95
11 2 10 1000 1000 0.25 0.95
6 0 10 1000 1000 0.3 0.5
7 0 10 1000 1000 0.3 0.5
6 0 10 1000 1000 0.3 0.5
7 0 10 1000 1000 0.3 0.5
14 1 10 1000 1000 0.3 0.5
1 0 10 1000 1000 0.3 0.5
7 0 10 1000 1000 0.3 0.55
8 0 10 1000 1000 0.3 0.55
16 1 10 1000 1000 0.3 0.55
2 0 10 1000 1000 0.3 0.55
7 0 10 1000 1000 0.3 0.55
11 1 10 1000 1000 0.3 0.55
3 0 10 1000 1000 0.3 0.6
4 0 10 1000 1000 0.3 0.6
8 0 10 1000 1000 0.3 0.6
2 0 10 1000 1000 0.3 0.6
9 1 10 1000 1000 0.3 0.6
1 0 10 1000 1000 0.3 0.6
5 0 10 1000 1000 0.3 0.65
22 1 10 1000 1000 0.3 0.65
27 1 10 1000 1000 0.3 0.65
1 0 10 1000 1000 0.3 0.65
27 1 10 1000 1000 0.3 0.65
1 0 10 1000 1000 0.3 0.65
4 0 10 1000 1000 0.3 0.7
6 0 10 1000 1000 0.3 0.7
6 0 10 1000 1000 0.3 0.7
5 0 10 1000 1000 0.3 0.7
10 1 10 1000 1000 0.3 0.7
1 0 10 1000 1000 0.3 0.7
4 0 10 1000 1000 0.3 0.75
17 1 10 1000 1000 0.3 0.75
7 0 10 1000 1000 0.3 0.75
16 1 10 1000 1000 0.3 0.75
7 0 10 1000 1000 0.3 0.75
16 1 10 1000 1000 0.3 0.75
4 0 10 1000 1000 0.3 0.8
4 0 10 1000 1000 0.3 0.8
8 0 10 1000 1000 0.3 0.8
1 0 10 1000 1000 0.3 0.8
7 0 10 1000 1000 0.3 0.8
2 0 10 1000 1000 0.3 0.8
13 1 10 1000 1000 0.3 0.85
2 0 10 1000 1000 0.3 0.85
4 0 10 1000 1000 0.3 0.85
11 1 10 1000 1000 0.3 0.85
7 0 10 1000 1000 0.3 0.85
10 2 10 1000 1000 0.3 0.85
11 1 10 1000 1000 0.3 0.9
4 0 10 1000 1000 0.3 0.9
8 0 10 1000 1000 0.3 0.9
8 0 10 1000 1000 0.3 0.9
4 0 10 1000 1000 0.3 0.9
23 9 10 1000 1000 0.3 0.9
5 0 10 1000 1000 0.3 0.95
5 0 10 1000 1000 0.3 0.95
9 1 10 1000 1000 0.3 0.95
3 0 10 1000 1000 0.3 0.95
5 0 10 1000 1000 0.3 0.95
10 2 10 1000 1000 0.3 0.95
6 0 10 1000 1000 0.35 0.5
7 0 10 1000 1000 0.35 0.5
16 1 10 1000 1000 0.35 0.5
2 0 10 1000 1000 0.35 0.5
14 1 10 1000 1000 0.35 0.5
5 1 10 1000 1000 0.35 0.5
6 0 10 1000 1000 0.35 0.55
7 0 10 1000 1000 0.35 0.55
14 1 10 1000 1000 0.35 0.55
1 0 10 1000 1000 0.35 0.55
14 1 10 1000 1000 0.35 0.55
2 0 10 1000 1000 0.35 0.55
1 0 10 1000 1000 0.35 0.6
4 1 10 1000 1000 0.35 0.6
3 1 10 1000 1000 0.35 0.6
4 1 10 1000 1000 0.35 0.6
3 1 10 1000 1000 0.35 0.6
1 0 10 1000 1000 0.35 0.6
4 0 10 1000 1000 0.35 0.65
17 1 10 1000 1000 0.35 0.65
24 1 10 1000 1000 0.35 0.65
3 1 10 1000 1000 0.35 0.65
26 1 10 1000 1000 0.35 0.65
2 0 10 1000 1000 0.35 0.65
5 0 10 1000 1000 0.35 0.7
6 0 10 1000 1000 0.35 0.7
6 0 10 1000 1000 0.35 0.7
6 0 10 1000 1000 0.35 0.7
12 1 10 1000 1000 0.35 0.7
1 0 10 1000 1000 0.35 0.7
38 2 10 1000 1000 0.35 0.75
7 0 10 1000 1000 0.35 0.75
30 1 10 1000 1000 0.35 0.75
18 1 10 1000 1000 0.35 0.75
30 1 10 1000 1000 0.35 0.75
18 1 10 1000 1000 0.35 0.75
4 0 10 1000 1000 0.35 0.8
9 1 10 1000 1000 0.35 0.8
7 0 10 1000 1000 0.35 0.8
6 0 10 1000 1000 0.35 0.8
15 2 10 1000 1000 0.35 0.8
1 0 10 1000 1000 0.35 0.8
4 0 10 1000 1000 0.35 0.85
4 0 10 1000 1000 0.35 0.85
8 0 10 1000 1000 0.35 0.85
1 0 10 1000 1000 0.35 0.85
10 1 10 1000 1000 0.35 0.85
5 3 10 1000 1000 0.35 0.85
4 0 10 1000 1000 0.35 0.9
4 0 10 1000 1000 0.35 0.9
4 0 10 1000 1000 0.35 0.9
6 1 10 1000 1000 0.35 0.9
5 0 10 1000 1000 0.35 0.9
3 1 10 1000 1000 0.35 0.9
4 0 10 1000 1000 0.35 0.95
4 0 10 1000 1000 0.35 0.95
7 0 10 1000 1000 0.35 0.95
3 0 10 1000 1000 0.35 0.95
10 1 10 1000 1000 0.35 0.95
1 0 10 1000 1000 0.35 0.95
4 0 10 1000 1000 0.4 0.5
3 0 10 1000 1000 0.4 0.5
10 1 10 1000 1000 0.4 0.5
1 0 10 1000 1000 0.4 0.5
7 0 10 1000 1000 0.4 0.5
4 1 10 1000 1000 0.4 0.5
7 0 10 1000 1000 0.4 0.55
7 0 10 1000 1000 0.4 0.55
7 0 10 1000 1000 0.4 0.55
7 0 10 1000 1000 0.4 0.55
15 1 10 1000 1000 0.4 0.55
2 1 10 1000 1000 0.4 0.55
5 0 10 1000 1000 0.4 0.6
8 0 10 1000 1000 0.4 0.6
14 1 10 1000 1000 0.4 0.6
2 0 10 1000 1000 0.4 0.6
5 0 10 1000 1000 0.4 0.6
11 1 10 1000 1000 0.4 0.6
5 0 10 1000 1000 0.4 0.65
8 0 10 1000 1000 0.4 0.65
5 0 10 1000 1000 0.4 0.65
8 0 10 1000 1000 0.4 0.65
13 1 10 1000 1000 0.4 0.65
1 0 10 1000 1000 0.4 0.65
5 0 10 1000 1000 0.4 0.7
7 0 10 1000 1000 0.4 0.7
13 1 10 1000 1000 0.4 0.7
8 1 10 1000 1000 0.4 0.7
17 1 10 1000 1000 0.4 0.7
6 1 10 1000 1000 0.4 0.7
4 0 10 1000 1000 0.4 0.75
4 0 10 1000 1000 0.4 0.75
8 0 10 1000 1000 0.4 0.75
1 0 10 1000 1000 0.4 0.75
7 0 10 1000 1000 0.4 0.75
4 1 10 1000 1000 0.4 0.75
13 1 10 1000 1000 0.4 0.8
5 0 10 1000 1000 0.4 0.8
7 0 10 1000 1000 0.4 0.8
12 1 10 1000 1000 0.4 0.8
4 0 10 1000 1000 0.4 0.8
17 4 10 1000 1000 0.4 0.8
1 0 10 1000 1000 0.4 0.85
1 0 10 1000 1000 0.4 0.85
4 0 10 1000 1000 0.4 0.85
9 2 10 1000 1000 0.4 0.85
4 0 10 1000 1000 0.4 0.85
9 2 10 1000 1000 0.4 0.85
8 0 10 1000 1000 0.4 0.9
11 1 10 1000 1000 0.4 0.9
14 1 10 1000 1000 0.4 0.9
5 0 10 1000 1000 0.4 0.9
4 0 10 1000 1000 0.4 0.9
22 6 10 1000 1000 0.4 0.9
4 0 10 1000 1000 0.4 0.95
4 0 10 1000 1000 0.4 0.95
7 0 10 1000 1000 0.4 0.95
2 0 10 1000 1000 0.4 0.95
9 1 10 1000 1000 0.4 0.95
1 0 10 1000 1000 0.4 0.95
2 0 10 1000 1000 0.45 0.5
1 0 10 1000 1000 0.45 0.5
7 0 10 1000 1000 0.45 0.5
1 0 10 1000 1000 0.45 0.5
5 0 10 1000 1000 0.45 0.5
4 1 10 1000 1000 0.45 0.5
6 0 10 1000 1000 0.45 0.55
21 1 10 1000 1000 0.45 0.55
16 1 10 1000 1000 0.45 0.55
13 1 10 1000 1000 0.45 0.55
24 1 10 1000 1000 0.45 0.55
6 1 10 1000 1000 0.45 0.55
5 0 10 1000 1000 0.45 0.6
12 0 10 1000 1000 0.45 0.6
5 0 10 1000 1000 0.45 0.6
13 1 10 1000 1000 0.45 0.6
9 1 10 1000 1000 0.45 0.6
10 1 10 1000 1000 0.45 0.6
4 0 10 1000 1000 0.45 0.65
4 0 10 1000 1000 0.45 0.65
7 0 10 1000 1000 0.45 0.65
2 0 10 1000 1000 0.45 0.65
7 0 10 1000 1000 0.45 0.65
2 0 10 1000 1000 0.45 0.65
4 0 10 1000 1000 0.45 0.7
4 0 10 1000 1000 0.45 0.7
6 0 10 1000 1000 0.45 0.7
2 0 10 1000 1000 0.45 0.7
8 0 10 1000 1000 0.45 0.7
3 1 10 1000 1000 0.45 0.7
4 0 10 1000 1000 0.45 0.75
4 0 10 1000 1000 0.45 0.75
8 0 10 1000 1000 0.45 0.75
2 0 10 1000 1000 0.45 0.75
10 1 10 1000 1000 0.45 0.75
1 0 10 1000 1000 0.45 0.75
6 0 10 1000 1000 0.45 0.8
4 0 10 1000 1000 0.45 0.8
9 1 10 1000 1000 0.45 0.8
2 0 10 1000 1000 0.45 0.8
15 1 10 1000 1000 0.45 0.8
1 0 10 1000 1000 0.45 0.8
4 0 10 1000 1000 0.45 0.85
4 0 10 1000 1000 0.45 0.85
8 0 10 1000 1000 0.45 0.85
2 0 10 1000 1000 0.45 0.85
8 0 10 1000 1000 0.45 0.85
3 1 10 1000 1000 0.45 0.85
4 0 10 1000 1000 0.45 0.9
4 0 10 1000 1000 0.45 0.9
8 0 10 1000 1000 0.45 0.9
2 0 10 1000 1000 0.45 0.9
8 0 10 1000 1000 0.45 0.9
8 4 10 1000 1000 0.45 0.9
5 0 10 1000 1000 0.45 0.95
4 0 10 1000 1000 0.45 0.95
10 1 10 1000 1000 0.45 0.95
2 0 10 1000 1000 0.45 0.95
10 1 10 1000 1000 0.45 0.95
5 2 10 1000 1000 0.45 0.95
25 1 10 1000 1000 0.5 0.5
6 0 10 1000 1000 0.5 0.5
18 1 10 1000 1000 0.5 0.5
14 1 10 1000 1000 0.5 0.5
25 1 10 1000 1000 0.5 0.5
8 1 10 1000 1000 0.5 0.5
4 0 10 1000 1000 0.5 0.55
4 0 10 1000 1000 0.5 0.55
7 0 10 1000 1000 0.5 0.55
2 0 10 1000 1000 0.5 0.55
7 0 10 1000 1000 0.5 0.55
2 0 10 1000 1000 0.5 0.55
4 0 10 1000 1000 0.5 0.6
3 0 10 1000 1000 0.5 0.6
8 0 10 1000 1000 0.5 0.6
4 0 10 1000 1000 0.5 0.6
12 1 10 1000 1000 0.5 0.6
3 1 10 1000 1000 0.5 0.6
5 0 10 1000 1000 0.5 0.65
8 0 10 1000 1000 0.5 0.65
5 0 10 1000 1000 0.5 0.65
12 1 10 1000 1000 0.5 0.65
14 1 10 1000 1000 0.5 0.65
4 1 10 1000 1000 0.5 0.65
6 0 10 1000 1000 0.5 0.7
7 0 10 1000 1000 0.5 0.7
6 0 10 1000 1000 0.5 0.7
12 1 10 1000 1000 0.5 0.7
14 1 10 1000 1000 0.5 0.7
5 1 10 1000 1000 0.5 0.7
4 0 10 1000 1000 0.5 0.75
4 0 10 1000 1000 0.5 0.75
8 0 10 1000 1000 0.5 0.75
2 0 10 1000 1000 0.5 0.75
8 0 10 1000 1000 0.5 0.75
2 0 10 1000 1000 0.5 0.75
4 0 10 1000 1000 0.5 0.8
15 2 10 1000 1000 0.5 0.8
7 0 10 1000 1000 0.5 0.8
13 1 10 1000 1000 0.5 0.8
7 0 10 1000 1000 0.5 0.8
13 1 10 1000 1000 0.5 0.8
4 0 10 1000 1000 0.5 0.85
3 0 10 1000 1000 0.5 0.85
7 0 10 1000 1000 0.5 0.85
4 1 10 1000 1000 0.5 0.85
10 1 10 1000 1000 0.5 0.85
3 1 10 1000 1000 0.5 0.85
6 0 10 1000 1000 0.5 0.9
4 0 10 1000 1000 0.5 0.9
9 1 10 1000 1000 0.5 0.9
11 1 10 1000 1000 0.5 0.9
20 3 10 1000 1000 0.5 0.9
1 0 10 1000 1000 0.5 0.9
6 0 10 1000 1000 0.5 0.95
5 0 10 1000 1000 0.5 0.95
6 0 10 1000 1000 0.5 0.95
5 0 10 1000 1000 0.5 0.95
12 2 10 1000 1000 0.5 0.95
6 3 10 1000 1000 0.5 0.95
