12 48 20 10 10 0.1 0.5
2 69 20 10 10 0.1 0.5
13 78 20 10 10 0.1 0.5
2 37 20 10 10 0.1 0.5
16 91 20 10 10 0.1 0.5
1 51 20 10 10 0.1 0.5
5 24 20 10 10 0.1 0.55
4 14 20 10 10 0.1 0.55
9 39 20 10 10 0.1 0.55
1 12 20 10 10 0.1 0.55
5 12 20 10 10 0.1 0.55
6 45 20 10 10 0.1 0.55
8 32 20 10 10 0.1 0.6
3 13 20 10 10 0.1 0.6
5 12 20 10 10 0.1 0.6
7 24 20 10 10 0.1 0.6
7 25 20 10 10 0.1 0.6
5 22 20 10 10 0.1 0.6
6 20 20 10 10 0.1 0.65
4 16 20 10 10 0.1 0.65
9 23 20 10 10 0.1 0.65
3 29 20 10 10 0.1 0.65
11 50 20 10 10 0.1 0.65
1 20 20 10 10 0.1 0.65
2 6 20 10 10 0.1 0.7
9 22 20 10 10 0.1 0.7
8 28 20 10 10 0.1 0.7
3 23 20 10 10 0.1 0.7
6 21 20 10 10 0.1 0.7
6 48 20 10 10 0.1 0.7
1 2 20 10 10 0.1 0.75
3 17 20 10 10 0.1 0.75
5 22 20 10 10 0.1 0.75
1 8 20 10 10 0.1 0.75
5 33 20 10 10 0.1 0.75
1 25 20 10 10 0.1 0.75
1 9 20 10 10 0.1 0.8
1 7 20 10 10 0.1 0.8
1 11 20 10 10 0.1 0.8
2 13 20 10 10 0.1 0.8
1 9 20 10 10 0.1 0.8
5 80 20 10 10 0.1 0.8
4 14 20 10 10 0.1 0.85
7 21 20 10 10 0.1 0.85
7 17 20 10 10 0.1 0.85
15 104 20 10 10 0.1 0.85
7 24 20 10 10 0.1 0.85
16 147 20 10 10 0.1 0.85
6 16 20 10 10 0.1 0.9
8 23 20 10 10 0.1 0.9
11 31 20 10 10 0.1 0.9
18 137 20 10 10 0.1 0.9
32 271 20 10 10 0.1 0.9
2 81 20 10 10 0.1 0.9
11 33 20 10 10 0.1 0.95
22 98 20 10 10 0.1 0.95
36 138 20 10 10 0.1 0.95
1 8 20 10 10 0.1 0.95
36 190 20 10 10 0.1 0.95
6 199 20 10 10 0.1 0.95
8 27 20 10 10 0.15 0.5
3 52 20 10 10 0.15 0.5
10 57 20 10 10 0.15 0.5
2 39 20 10 10 0.15 0.5
1 22 20 10 10 0.15 0.5
1 29 20 10 10 0.15 0.5
5 17 20 10 10 0.15 0.55
4 10 20 10 10 0.15 0.55
7 27 20 10 10 0.15 0.55
3 38 20 10 10 0.15 0.55
8 31 20 10 10 0.15 0.55
2 36 20 10 10 0.15 0.55
4 14 20 10 10 0.15 0.6
3 20 20 10 10 0.15 0.6
1 6 20 10 10 0.15 0.6
6 19 20 10 10 0.15 0.6
7 32 20 10 10 0.15 0.6
0 14 20 10 10 0.15 0.6
5 19 20 10 10 0.15 0.65
3 19 20 10 10 0.15 0.65
10 36 20 10 10 0.15 0.65
2 21 20 10 10 0.15 0.65
9 43 20 10 10 0.15 0.65
2 28 20 10 10 0.15 0.65
6 16 20 10 10 0.15 0.7
1 4 20 10 10 0.15 0.7
3 11 20 10 10 0.15 0.7
5 26 20 10 10 0.15 0.7
9 64 20 10 10 0.15 0.7
0 11 20 10 10 0.15 0.7
5 16 20 10 10 0.15 0.75
1 4 20 10 10 0.15 0.75
8 43 20 10 10 0.15 0.75
2 24 20 10 10 0.15 0.75
4 11 20 10 10 0.15 0.75
6 61 20 10 10 0.15 0.75
17 50 20 10 10 0.15 0.8
10 33 20 10 10 0.15 0.8
6 21 20 10 10 0.15 0.8
38 201 20 10 10 0.15 0.8
46 292 20 10 10 0.15 0.8
1 4 20 10 10 0.15 0.8
4 12 20 10 10 0.15 0.85
5 16 20 10 10 0.15 0.85
12 49 20 10 10 0.15 0.85
3 35 20 10 10 0.15 0.85
13 60 20 10 10 0.15 0.85
3 37 20 10 10 0.15 0.85
27 58 20 10 10 0.15 0.9
91 264 20 10 10 0.15 0.9
6 18 20 10 10 0.15 0.9
223 1267 20 10 10 0.15 0.9
132 472 20 10 10 0.15 0.9
110 1217 20 10 10 0.15 0.9
32 84 20 10 10 0.15 0.95
12 29 20 10 10 0.15 0.95
45 128 20 10 10 0.15 0.95
26 513 20 10 10 0.15 0.95
24 112 20 10 10 0.15 0.95
53 771 20 10 10 0.15 0.95
5 21 20 10 10 0.2 0.5
9 32 20 10 10 0.2 0.5
9 32 20 10 10 0.2 0.5
6 30 20 10 10 0.2 0.5
9 22 20 10 10 0.2 0.5
6 24 20 10 10 0.2 0.5
2 7 20 10 10 0.2 0.55
3 10 20 10 10 0.2 0.55
6 27 20 10 10 0.2 0.55
2 21 20 10 10 0.2 0.55
6 22 20 10 10 0.2 0.55
2 27 20 10 10 0.2 0.55
5 18 20 10 10 0.2 0.6
7 23 20 10 10 0.2 0.6
11 41 20 10 10 0.2 0.6
2 24 20 10 10 0.2 0.6
13 65 20 10 10 0.2 0.6
0 13 20 10 10 0.2 0.6
5 47 20 10 10 0.2 0.65
0 21 20 10 10 0.2 0.65
6 23 20 10 10 0.2 0.65
1 11 20 10 10 0.2 0.65
7 26 20 10 10 0.2 0.65
0 11 20 10 10 0.2 0.65
10 33 20 10 10 0.2 0.7
10 29 20 10 10 0.2 0.7
5 16 20 10 10 0.2 0.7
18 77 20 10 10 0.2 0.7
4 15 20 10 10 0.2 0.7
20 83 20 10 10 0.2 0.7
3 11 20 10 10 0.2 0.75
2 6 20 10 10 0.2 0.75
3 11 20 10 10 0.2 0.75
3 20 20 10 10 0.2 0.75
5 13 20 10 10 0.2 0.75
1 21 20 10 10 0.2 0.75
14 56 20 10 10 0.2 0.8
6 10 20 10 10 0.2 0.8
8 35 20 10 10 0.2 0.8
15 82 20 10 10 0.2 0.8
21 79 20 10 10 0.2 0.8
4 90 20 10 10 0.2 0.8
3 9 20 10 10 0.2 0.85
3 7 20 10 10 0.2 0.85
6 28 20 10 10 0.2 0.85
1 12 20 10 10 0.2 0.85
8 78 20 10 10 0.2 0.85
3 113 20 10 10 0.2 0.85
28 98 20 10 10 0.2 0.9
9 32 20 10 10 0.2 0.9
39 131 20 10 10 0.2 0.9
5 85 20 10 10 0.2 0.9
90 1835 20 10 10 0.2 0.9
0 17 20 10 10 0.2 0.9
31 71 20 10 10 0.2 0.95
95 288 20 10 10 0.2 0.95
137 508 20 10 10 0.2 0.95
174 1602 20 10 10 0.2 0.95
289 1633 20 10 10 0.2 0.95
22 189 20 10 10 0.2 0.95
2 9 20 10 10 0.25 0.5
5 19 20 10 10 0.25 0.5
9 33 20 10 10 0.25 0.5
1 14 20 10 10 0.25 0.5
10 56 20 10 10 0.25 0.5
1 35 20 10 10 0.25 0.5
5 11 20 10 10 0.25 0.55
4 11 20 10 10 0.25 0.55
4 14 20 10 10 0.25 0.55
6 30 20 10 10 0.25 0.55
5 20 20 10 10 0.25 0.55
5 29 20 10 10 0.25 0.55
4 15 20 10 10 0.25 0.6
5 15 20 10 10 0.25 0.6
3 13 20 10 10 0.25 0.6
7 30 20 10 10 0.25 0.6
9 29 20 10 10 0.25 0.6
2 54 20 10 10 0.25 0.6
2 6 20 10 10 0.25 0.65
3 8 20 10 10 0.25 0.65
6 20 20 10 10 0.25 0.65
1 8 20 10 10 0.25 0.65
5 24 20 10 10 0.25 0.65
2 22 20 10 10 0.25 0.65
4 11 20 10 10 0.25 0.7
3 13 20 10 10 0.25 0.7
7 33 20 10 10 0.25 0.7
1 5 20 10 10 0.25 0.7
4 13 20 10 10 0.25 0.7
6 90 20 10 10 0.25 0.7
12 47 20 10 10 0.25 0.75
12 34 20 10 10 0.25 0.75
1 3 20 10 10 0.25 0.75
27 121 20 10 10 0.25 0.75
33 276 20 10 10 0.25 0.75
1 31 20 10 10 0.25 0.75
4 15 20 10 10 0.25 0.8
7 19 20 10 10 0.25 0.8
12 46 20 10 10 0.25 0.8
3 33 20 10 10 0.25 0.8
20 218 20 10 10 0.25 0.8
0 24 20 10 10 0.25 0.8
19 63 20 10 10 0.25 0.85
4 11 20 10 10 0.25 0.85
24 185 20 10 10 0.25 0.85
2 18 20 10 10 0.25 0.85
23 67 20 10 10 0.25 0.85
4 61 20 10 10 0.25 0.85
283 810 20 10 10 0.25 0.9
52 173 20 10 10 0.25 0.9
188 490 20 10 10 0.25 0.9
171 575 20 10 10 0.25 0.9
374 1748 20 10 10 0.25 0.9
23 697 20 10 10 0.25 0.9
42 103 20 10 10 0.25 0.95
132 411 20 10 10 0.25 0.95
193 912 20 10 10 0.25 0.95
14 252 20 10 10 0.25 0.95
238 1988 20 10 10 0.25 0.95
8 275 20 10 10 0.25 0.95
4 17 20 10 10 0.3 0.5
3 11 20 10 10 0.3 0.5
8 30 20 10 10 0.3 0.5
3 32 20 10 10 0.3 0.5
9 45 20 10 10 0.3 0.5
3 70 20 10 10 0.3 0.5
1 4 20 10 10 0.3 0.55
6 19 20 10 10 0.3 0.55
3 7 20 10 10 0.3 0.55
5 28 20 10 10 0.3 0.55
9 63 20 10 10 0.3 0.55
1 34 20 10 10 0.3 0.55
6 21 20 10 10 0.3 0.6
7 24 20 10 10 0.3 0.6
7 24 20 10 10 0.3 0.6
6 21 20 10 10 0.3 0.6
3 9 20 10 10 0.3 0.6
11 63 20 10 10 0.3 0.6
4 12 20 10 10 0.3 0.65
6 18 20 10 10 0.3 0.65
9 26 20 10 10 0.3 0.65
3 23 20 10 10 0.3 0.65
13 67 20 10 10 0.3 0.65
0 28 20 10 10 0.3 0.65
15 51 20 10 10 0.3 0.7
11 33 20 10 10 0.3 0.7
6 16 20 10 10 0.3 0.7
27 103 20 10 10 0.3 0.7
5 17 20 10 10 0.3 0.7
30 184 20 10 10 0.3 0.7
14 34 20 10 10 0.3 0.75
8 48 20 10 10 0.3 0.75
34 164 20 10 10 0.3 0.75
7 67 20 10 10 0.3 0.75
41 267 20 10 10 0.3 0.75
1 42 20 10 10 0.3 0.75
152 430 20 10 10 0.3 0.8
22 62 20 10 10 0.3 0.8
5 14 20 10 10 0.3 0.8
192 646 20 10 10 0.3 0.8
48 139 20 10 10 0.3 0.8
153 691 20 10 10 0.3 0.8
5 10 20 10 10 0.3 0.85
24 79 20 10 10 0.3 0.85
36 215 20 10 10 0.3 0.85
2 43 20 10 10 0.3 0.85
39 312 20 10 10 0.3 0.85
1 42 20 10 10 0.3 0.85
28 64 20 10 10 0.3 0.9
30 76 20 10 10 0.3 0.9
150 936 20 10 10 0.3 0.9
12 102 20 10 10 0.3 0.9
131 827 20 10 10 0.3 0.9
34 375 20 10 10 0.3 0.9
218 507 20 10 10 0.3 0.95
34 80 20 10 10 0.3 0.95
12 33 20 10 10 0.3 0.95
250 856 20 10 10 0.3 0.95
285 1634 20 10 10 0.3 0.95
55 1811 20 10 10 0.3 0.95
5 21 20 10 10 0.35 0.5
5 17 20 10 10 0.35 0.5
10 24 20 10 10 0.35 0.5
2 21 20 10 10 0.35 0.5
7 27 20 10 10 0.35 0.5
5 35 20 10 10 0.35 0.5
5 20 20 10 10 0.35 0.55
18 59 20 10 10 0.35 0.55
10 36 20 10 10 0.35 0.55
18 94 20 10 10 0.35 0.55
25 69 20 10 10 0.35 0.55
4 85 20 10 10 0.35 0.55
14 45 20 10 10 0.35 0.6
5 16 20 10 10 0.35 0.6
16 37 20 10 10 0.35 0.6
8 63 20 10 10 0.35 0.6
21 81 20 10 10 0.35 0.6
4 61 20 10 10 0.35 0.6
6 51 20 10 10 0.35 0.65
6 18 20 10 10 0.35 0.65
3 11 20 10 10 0.35 0.65
10 31 20 10 10 0.35 0.65
5 52 20 10 10 0.35 0.65
8 75 20 10 10 0.35 0.65
61 169 20 10 10 0.35 0.7
9 26 20 10 10 0.35 0.7
43 123 20 10 10 0.35 0.7
64 384 20 10 10 0.35 0.7
9 29 20 10 10 0.35 0.7
100 545 20 10 10 0.35 0.7
1 25 20 10 10 0.35 0.75
16 65 20 10 10 0.35 0.75
10 31 20 10 10 0.35 0.75
6 22 20 10 10 0.35 0.75
29 461 20 10 10 0.35 0.75
1 49 20 10 10 0.35 0.75
52 252 20 10 10 0.35 0.8
21 128 20 10 10 0.35 0.8
65 209 20 10 10 0.35 0.8
11 58 20 10 10 0.35 0.8
93 818 20 10 10 0.35 0.8
2 60 20 10 10 0.35 0.8
12 33 20 10 10 0.35 0.85
12 36 20 10 10 0.35 0.85
4 11 20 10 10 0.35 0.85
59 340 20 10 10 0.35 0.85
78 854 20 10 10 0.35 0.85
2 88 20 10 10 0.35 0.85
59 182 20 10 10 0.35 0.9
49 158 20 10 10 0.35 0.9
111 363 20 10 10 0.35 0.9
8 148 20 10 10 0.35 0.9
121 581 20 10 10 0.35 0.9
1 46 20 10 10 0.35 0.9
9 32 20 10 10 0.35 0.95
62 155 20 10 10 0.35 0.95
23 64 20 10 10 0.35 0.95
62 426 20 10 10 0.35 0.95
96 847 20 10 10 0.35 0.95
11 347 20 10 10 0.35 0.95
5 25 20 10 10 0.4 0.5
7 22 20 10 10 0.4 0.5
13 59 20 10 10 0.4 0.5
2 23 20 10 10 0.4 0.5
16 127 20 10 10 0.4 0.5
2 50 20 10 10 0.4 0.5
13 47 20 10 10 0.4 0.55
14 34 20 10 10 0.4 0.55
23 63 20 10 10 0.4 0.55
4 24 20 10 10 0.4 0.55
27 120 20 10 10 0.4 0.55
3 94 20 10 10 0.4 0.55
20 66 20 10 10 0.4 0.6
3 6 20 10 10 0.4 0.6
22 68 20 10 10 0.4 0.6
23 233 20 10 10 0.4 0.6
45 280 20 10 10 0.4 0.6
7 225 20 10 10 0.4 0.6
25 74 20 10 10 0.4 0.65
10 30 20 10 10 0.4 0.65
43 148 20 10 10 0.4 0.65
3 33 20 10 10 0.4 0.65
45 270 20 10 10 0.4 0.65
4 110 20 10 10 0.4 0.65
8 23 20 10 10 0.4 0.7
3 9 20 10 10 0.4 0.7
13 53 20 10 10 0.4 0.7
25 236 20 10 10 0.4 0.7
23 138 20 10 10 0.4 0.7
26 469 20 10 10 0.4 0.7
47 164 20 10 10 0.4 0.75
10 27 20 10 10 0.4 0.75
37 91 20 10 10 0.4 0.75
26 93 20 10 10 0.4 0.75
65 313 20 10 10 0.4 0.75
7 233 20 10 10 0.4 0.75
25 72 20 10 10 0.4 0.8
134 361 20 10 10 0.4 0.8
135 356 20 10 10 0.4 0.8
35 312 20 10 10 0.4 0.8
72 194 20 10 10 0.4 0.8
100 464 20 10 10 0.4 0.8
56 155 20 10 10 0.4 0.85
66 160 20 10 10 0.4 0.85
50 154 20 10 10 0.4 0.85
75 227 20 10 10 0.4 0.85
154 1314 20 10 10 0.4 0.85
11 351 20 10 10 0.4 0.85
42 101 20 10 10 0.4 0.9
244 588 20 10 10 0.4 0.9
245 688 20 10 10 0.4 0.9
142 891 20 10 10 0.4 0.9
63 194 20 10 10 0.4 0.9
327 1462 20 10 10 0.4 0.9
82 251 20 10 10 0.4 0.95
21 50 20 10 10 0.4 0.95
174 868 20 10 10 0.4 0.95
13 112 20 10 10 0.4 0.95
256 3125 20 10 10 0.4 0.95
24 778 20 10 10 0.4 0.95
8 14 20 10 10 0.45 0.5
14 50 20 10 10 0.45 0.5
18 44 20 10 10 0.45 0.5
3 27 20 10 10 0.45 0.5
23 107 20 10 10 0.45 0.5
2 65 20 10 10 0.45 0.5
30 96 20 10 10 0.45 0.55
7 11 20 10 10 0.45 0.55
30 74 20 10 10 0.45 0.55
7 50 20 10 10 0.45 0.55
27 90 20 10 10 0.45 0.55
11 88 20 10 10 0.45 0.55
40 130 20 10 10 0.45 0.6
16 47 20 10 10 0.45 0.6
26 59 20 10 10 0.45 0.6
32 109 20 10 10 0.45 0.6
31 101 20 10 10 0.45 0.6
27 116 20 10 10 0.45 0.6
5 15 20 10 10 0.45 0.65
15 46 20 10 10 0.45 0.65
28 134 20 10 10 0.45 0.65
1 13 20 10 10 0.45 0.65
25 119 20 10 10 0.45 0.65
6 129 20 10 10 0.45 0.65
34 101 20 10 10 0.45 0.7
6 18 20 10 10 0.45 0.7
44 178 20 10 10 0.45 0.7
22 214 20 10 10 0.45 0.7
36 89 20 10 10 0.45 0.7
30 277 20 10 10 0.45 0.7
26 73 20 10 10 0.45 0.75
28 121 20 10 10 0.45 0.75
54 136 20 10 10 0.45 0.75
5 91 20 10 10 0.45 0.75
40 150 20 10 10 0.45 0.75
23 275 20 10 10 0.45 0.75
72 312 20 10 10 0.45 0.8
23 198 20 10 10 0.45 0.8
140 672 20 10 10 0.45 0.8
16 136 20 10 10 0.45 0.8
157 794 20 10 10 0.45 0.8
2 54 20 10 10 0.45 0.8
10 37 20 10 10 0.45 0.85
11 47 20 10 10 0.45 0.85
212 1631 20 10 10 0.45 0.85
35 283 20 10 10 0.45 0.85
291 3259 20 10 10 0.45 0.85
2 56 20 10 10 0.45 0.85
42 104 20 10 10 0.45 0.9
205 720 20 10 10 0.45 0.9
63 169 20 10 10 0.45 0.9
203 605 20 10 10 0.45 0.9
257 678 20 10 10 0.45 0.9
26 623 20 10 10 0.45 0.9
10 22 20 10 10 0.45 0.95
620 1597 20 10 10 0.45 0.95
563 1431 20 10 10 0.45 0.95
104 568 20 10 10 0.45 0.95
707 3259 20 10 10 0.45 0.95
15 495 20 10 10 0.45 0.95
80 239 20 10 10 0.5 0.5
17 54 20 10 10 0.5 0.5
62 192 20 10 10 0.5 0.5
35 94 20 10 10 0.5 0.5
87 307 20 10 10 0.5 0.5
12 122 20 10 10 0.5 0.5
5 39 20 10 10 0.5 0.55
4 36 20 10 10 0.5 0.55
9 55 20 10 10 0.5 0.55
11 112 20 10 10 0.5 0.55
21 178 20 10 10 0.5 0.55
4 157 20 10 10 0.5 0.55
38 85 20 10 10 0.5 0.6
26 62 20 10 10 0.5 0.6
66 208 20 10 10 0.5 0.6
36 310 20 10 10 0.5 0.6
104 573 20 10 10 0.5 0.6
3 91 20 10 10 0.5 0.6
14 42 20 10 10 0.5 0.65
17 51 20 10 10 0.5 0.65
32 81 20 10 10 0.5 0.65
20 200 20 10 10 0.5 0.65
56 448 20 10 10 0.5 0.65
7 242 20 10 10 0.5 0.65
92 253 20 10 10 0.5 0.7
28 79 20 10 10 0.5 0.7
72 191 20 10 10 0.5 0.7
93 530 20 10 10 0.5 0.7
168 771 20 10 10 0.5 0.7
19 590 20 10 10 0.5 0.7
22 81 20 10 10 0.5 0.75
110 328 20 10 10 0.5 0.75
26 87 20 10 10 0.5 0.75
138 602 20 10 10 0.5 0.75
175 1019 20 10 10 0.5 0.75
4 122 20 10 10 0.5 0.75
5 14 20 10 10 0.5 0.8
142 418 20 10 10 0.5 0.8
55 152 20 10 10 0.5 0.8
265 2325 20 10 10 0.5 0.8
329 2545 20 10 10 0.5 0.8
25 747 20 10 10 0.5 0.8
38 81 20 10 10 0.5 0.85
32 69 20 10 10 0.5 0.85
94 395 20 10 10 0.5 0.85
37 235 20 10 10 0.5 0.85
15 39 20 10 10 0.5 0.85
117 635 20 10 10 0.5 0.85
112 366 20 10 10 0.5 0.9
227 489 20 10 10 0.5 0.9
329 1027 20 10 10 0.5 0.9
30 300 20 10 10 0.5 0.9
415 2906 20 10 10 0.5 0.9
26 818 20 10 10 0.5 0.9
409 1151 20 10 10 0.5 0.95
84 235 20 10 10 0.5 0.95
518 1763 20 10 10 0.5 0.95
7 110 20 10 10 0.5 0.95
645 5722 20 10 10 0.5 0.95
5 147 20 10 10 0.5 0.95
57 26 20 100 10 0.1 0.5
46 18 20 100 10 0.1 0.5
135 85 20 100 10 0.1 0.5
1 1 20 100 10 0.1 0.5
203 438 20 100 10 0.1 0.5
1 1 20 100 10 0.1 0.5
7 2 20 100 10 0.1 0.55
398 126 20 100 10 0.1 0.55
634 470 20 100 10 0.1 0.55
1 1 20 100 10 0.1 0.55
927 2128 20 100 10 0.1 0.55
1 1 20 100 10 0.1 0.55
8 2 20 100 10 0.1 0.6
6 2 20 100 10 0.1 0.6
8 2 20 100 10 0.1 0.6
6 1 20 100 10 0.1 0.6
5 1 20 100 10 0.1 0.6
11 17 20 100 10 0.1 0.6
4 2 20 100 10 0.1 0.65
0 2 20 100 10 0.1 0.65
5 3 20 100 10 0.1 0.65
2 2 20 100 10 0.1 0.65
5 1 20 100 10 0.1 0.65
3 7 20 100 10 0.1 0.65
8 2 20 100 10 0.1 0.7
8 2 20 100 10 0.1 0.7
12 3 20 100 10 0.1 0.7
6 3 20 100 10 0.1 0.7
19 9 20 100 10 0.1 0.7
1 3 20 100 10 0.1 0.7
9 2 20 100 10 0.1 0.75
8 2 20 100 10 0.1 0.75
13 3 20 100 10 0.1 0.75
6 2 20 100 10 0.1 0.75
20 10 20 100 10 0.1 0.75
2 8 20 100 10 0.1 0.75
27 7 20 100 10 0.1 0.8
8 2 20 100 10 0.1 0.8
9 2 20 100 10 0.1 0.8
27 12 20 100 10 0.1 0.8
38 24 20 100 10 0.1 0.8
3 11 20 100 10 0.1 0.8
17 8 20 100 10 0.1 0.85
19 7 20 100 10 0.1 0.85
21 3 20 100 10 0.1 0.85
16 5 20 100 10 0.1 0.85
14 6 20 100 10 0.1 0.85
28 40 20 100 10 0.1 0.85
22 6 20 100 10 0.1 0.9
102 31 20 100 10 0.1 0.9
127 31 20 100 10 0.1 0.9
139 124 20 100 10 0.1 0.9
125 36 20 100 10 0.1 0.9
141 128 20 100 10 0.1 0.9
761 198 20 100 10 0.1 0.95
1799 450 20 100 10 0.1 0.95
2630 735 20 100 10 0.1 0.95
75 69 20 100 10 0.1 0.95
419 113 20 100 10 0.1 0.95
2312 817 20 100 10 0.1 0.95
5 1 20 100 10 0.15 0.5
11 2 20 100 10 0.15 0.5
20 17 20 100 10 0.15 0.5
2 5 20 100 10 0.15 0.5
97 419 20 100 10 0.15 0.5
1 3 20 100 10 0.15 0.5
2 1 20 100 10 0.15 0.55
4 2 20 100 10 0.15 0.55
5 1 20 100 10 0.15 0.55
2 1 20 100 10 0.15 0.55
24 103 20 100 10 0.15 0.55
1 2 20 100 10 0.15 0.55
5 1 20 100 10 0.15 0.6
7 2 20 100 10 0.15 0.6
9 2 20 100 10 0.15 0.6
3 1 20 100 10 0.15 0.6
34 132 20 100 10 0.15 0.6
1 2 20 100 10 0.15 0.6
7 2 20 100 10 0.15 0.65
5 1 20 100 10 0.15 0.65
9 2 20 100 10 0.15 0.65
3 2 20 100 10 0.15 0.65
11 3 20 100 10 0.15 0.65
1 1 20 100 10 0.15 0.65
8 2 20 100 10 0.15 0.7
8 2 20 100 10 0.15 0.7
9 2 20 100 10 0.15 0.7
10 4 20 100 10 0.15 0.7
9 2 20 100 10 0.15 0.7
10 4 20 100 10 0.15 0.7
24 6 20 100 10 0.15 0.75
8 2 20 100 10 0.15 0.75
10 3 20 100 10 0.15 0.75
23 7 20 100 10 0.15 0.75
21 6 20 100 10 0.15 0.75
12 6 20 100 10 0.15 0.75
17 5 20 100 10 0.15 0.8
6 2 20 100 10 0.15 0.8
11 3 20 100 10 0.15 0.8
13 6 20 100 10 0.15 0.8
9 4 20 100 10 0.15 0.8
17 14 20 100 10 0.15 0.8
76 21 20 100 10 0.15 0.85
70 19 20 100 10 0.15 0.85
156 49 20 100 10 0.15 0.85
8 8 20 100 10 0.15 0.85
111 27 20 100 10 0.15 0.85
72 109 20 100 10 0.15 0.85
527 141 20 100 10 0.15 0.9
204 53 20 100 10 0.15 0.9
398 110 20 100 10 0.15 0.9
416 176 20 100 10 0.15 0.9
832 358 20 100 10 0.15 0.9
21 94 20 100 10 0.15 0.9
2897 798 20 100 10 0.15 0.95
2777 761 20 100 10 0.15 0.95
5106 1332 20 100 10 0.15 0.95
623 260 20 100 10 0.15 0.95
5689 1554 20 100 10 0.15 0.95
267 1047 20 100 10 0.15 0.95
8 3 20 100 10 0.2 0.5
131 66 20 100 10 0.2 0.5
9 3 20 100 10 0.2 0.5
143 51 20 100 10 0.2 0.5
4 1 20 100 10 0.2 0.5
150 75 20 100 10 0.2 0.5
3 1 20 100 10 0.2 0.55
7 2 20 100 10 0.2 0.55
11 3 20 100 10 0.2 0.55
5 7 20 100 10 0.2 0.55
20 34 20 100 10 0.2 0.55
1 1 20 100 10 0.2 0.55
8 2 20 100 10 0.2 0.6
5 2 20 100 10 0.2 0.6
8 2 20 100 10 0.2 0.6
5 2 20 100 10 0.2 0.6
9 2 20 100 10 0.2 0.6
6 6 20 100 10 0.2 0.6
8 2 20 100 10 0.2 0.65
12 3 20 100 10 0.2 0.65
16 6 20 100 10 0.2 0.65
5 2 20 100 10 0.2 0.65
10 3 20 100 10 0.2 0.65
12 11 20 100 10 0.2 0.65
4 1 20 100 10 0.2 0.7
9 2 20 100 10 0.2 0.7
14 5 20 100 10 0.2 0.7
2 2 20 100 10 0.2 0.7
17 12 20 100 10 0.2 0.7
2 6 20 100 10 0.2 0.7
11 3 20 100 10 0.2 0.75
9 2 20 100 10 0.2 0.75
15 4 20 100 10 0.2 0.75
8 3 20 100 10 0.2 0.75
9 2 20 100 10 0.2 0.75
14 6 20 100 10 0.2 0.75
17 4 20 100 10 0.2 0.8
18 8 20 100 10 0.2 0.8
23 6 20 100 10 0.2 0.8
35 26 20 100 10 0.2 0.8
59 35 20 100 10 0.2 0.8
6 24 20 100 10 0.2 0.8
39 9 20 100 10 0.2 0.85
89 21 20 100 10 0.2 0.85
43 11 20 100 10 0.2 0.85
93 27 20 100 10 0.2 0.85
5 1 20 100 10 0.2 0.85
135 52 20 100 10 0.2 0.85
32 25 20 100 10 0.2 0.9
1 2 20 100 10 0.2 0.9
139 90 20 100 10 0.2 0.9
90 74 20 100 10 0.2 0.9
242 224 20 100 10 0.2 0.9
187 778 20 100 10 0.2 0.9
98 36 20 100 10 0.2 0.95
202 49 20 100 10 0.2 0.95
474 240 20 100 10 0.2 0.95
32 30 20 100 10 0.2 0.95
28 14 20 100 10 0.2 0.95
696 1173 20 100 10 0.2 0.95
30 10 20 100 10 0.25 0.5
33 11 20 100 10 0.25 0.5
65 25 20 100 10 0.25 0.5
9 12 20 100 10 0.25 0.5
75 35 20 100 10 0.25 0.5
1 4 20 100 10 0.25 0.5
11 2 20 100 10 0.25 0.55
17 4 20 100 10 0.25 0.55
29 12 20 100 10 0.25 0.55
1 3 20 100 10 0.25 0.55
33 32 20 100 10 0.25 0.55
1 4 20 100 10 0.25 0.55
11 3 20 100 10 0.25 0.6
13 4 20 100 10 0.25 0.6
26 8 20 100 10 0.25 0.6
2 2 20 100 10 0.25 0.6
8 2 20 100 10 0.25 0.6
20 11 20 100 10 0.25 0.6
8 2 20 100 10 0.25 0.65
11 3 20 100 10 0.25 0.65
11 3 20 100 10 0.25 0.65
8 2 20 100 10 0.25 0.65
10 2 20 100 10 0.25 0.65
9 2 20 100 10 0.25 0.65
5 3 20 100 10 0.25 0.7
1 3 20 100 10 0.25 0.7
5 3 20 100 10 0.25 0.7
1 3 20 100 10 0.25 0.7
12 5 20 100 10 0.25 0.7
1 3 20 100 10 0.25 0.7
8 2 20 100 10 0.25 0.75
13 3 20 100 10 0.25 0.75
19 5 20 100 10 0.25 0.75
7 4 20 100 10 0.25 0.75
25 8 20 100 10 0.25 0.75
3 11 20 100 10 0.25 0.75
16 4 20 100 10 0.25 0.8
11 3 20 100 10 0.25 0.8
9 2 20 100 10 0.25 0.8
27 13 20 100 10 0.25 0.8
12 3 20 100 10 0.25 0.8
30 37 20 100 10 0.25 0.8
36 9 20 100 10 0.25 0.85
61 14 20 100 10 0.25 0.85
48 13 20 100 10 0.25 0.85
49 12 20 100 10 0.25 0.85
97 29 20 100 10 0.25 0.85
16 69 20 100 10 0.25 0.85
181 47 20 100 10 0.25 0.9
241 60 20 100 10 0.25 0.9
296 79 20 100 10 0.25 0.9
131 47 20 100 10 0.25 0.9
450 216 20 100 10 0.25 0.9
5 20 20 100 10 0.25 0.9
461 133 20 100 10 0.25 0.95
216 60 20 100 10 0.25 0.95
927 418 20 100 10 0.25 0.95
705 748 20 100 10 0.25 0.95
1656 1307 20 100 10 0.25 0.95
106 435 20 100 10 0.25 0.95
1 2 20 100 10 0.3 0.5
17 7 20 100 10 0.3 0.5
19 8 20 100 10 0.3 0.5
13 14 20 100 10 0.3 0.5
26 13 20 100 10 0.3 0.5
8 14 20 100 10 0.3 0.5
5 1 20 100 10 0.3 0.55
4 1 20 100 10 0.3 0.55
10 4 20 100 10 0.3 0.55
4 3 20 100 10 0.3 0.55
11 6 20 100 10 0.3 0.55
5 12 20 100 10 0.3 0.55
9 2 20 100 10 0.3 0.6
9 2 20 100 10 0.3 0.6
9 3 20 100 10 0.3 0.6
9 3 20 100 10 0.3 0.6
8 2 20 100 10 0.3 0.6
12 14 20 100 10 0.3 0.6
6 2 20 100 10 0.3 0.65
1 2 20 100 10 0.3 0.65
8 3 20 100 10 0.3 0.65
5 2 20 100 10 0.3 0.65
13 5 20 100 10 0.3 0.65
2 6 20 100 10 0.3 0.65
10 2 20 100 10 0.3 0.7
8 2 20 100 10 0.3 0.7
16 4 20 100 10 0.3 0.7
5 3 20 100 10 0.3 0.7
21 10 20 100 10 0.3 0.7
1 4 20 100 10 0.3 0.7
17 4 20 100 10 0.3 0.75
11 3 20 100 10 0.3 0.75
14 3 20 100 10 0.3 0.75
15 4 20 100 10 0.3 0.75
12 3 20 100 10 0.3 0.75
18 9 20 100 10 0.3 0.75
24 6 20 100 10 0.3 0.8
40 11 20 100 10 0.3 0.8
47 12 20 100 10 0.3 0.8
17 5 20 100 10 0.3 0.8
44 10 20 100 10 0.3 0.8
32 56 20 100 10 0.3 0.8
52 12 20 100 10 0.3 0.85
11 3 20 100 10 0.3 0.85
76 24 20 100 10 0.3 0.85
86 71 20 100 10 0.3 0.85
157 105 20 100 10 0.3 0.85
11 28 20 100 10 0.3 0.85
40 10 20 100 10 0.3 0.9
63 14 20 100 10 0.3 0.9
23 5 20 100 10 0.3 0.9
141 69 20 100 10 0.3 0.9
183 163 20 100 10 0.3 0.9
6 22 20 100 10 0.3 0.9
6532 1710 20 100 10 0.3 0.95
3140 795 20 100 10 0.3 0.95
9737 2558 20 100 10 0.3 0.95
1864 1537 20 100 10 0.3 0.95
11208 3807 20 100 10 0.3 0.95
948 2609 20 100 10 0.3 0.95
7 6 20 100 10 0.35 0.5
1 3 20 100 10 0.35 0.5
12 5 20 100 10 0.35 0.5
1 1 20 100 10 0.35 0.5
11 5 20 100 10 0.35 0.5
4 9 20 100 10 0.35 0.5
18 3 20 100 10 0.35 0.55
5 1 20 100 10 0.35 0.55
18 3 20 100 10 0.35 0.55
5 1 20 100 10 0.35 0.55
16 2 20 100 10 0.35 0.55
7 3 20 100 10 0.35 0.55
10 3 20 100 10 0.35 0.6
10 2 20 100 10 0.35 0.6
10 2 20 100 10 0.35 0.6
10 2 20 100 10 0.35 0.6
12 4 20 100 10 0.35 0.6
8 2 20 100 10 0.35 0.6
15 4 20 100 10 0.35 0.65
7 2 20 100 10 0.35 0.65
14 4 20 100 10 0.35 0.65
9 4 20 100 10 0.35 0.65
16 4 20 100 10 0.35 0.65
7 3 20 100 10 0.35 0.65
14 3 20 100 10 0.35 0.7
2 3 20 100 10 0.35 0.7
12 3 20 100 10 0.35 0.7
7 3 20 100 10 0.35 0.7
13 4 20 100 10 0.35 0.7
6 5 20 100 10 0.35 0.7
17 3 20 100 10 0.35 0.75
21 5 20 100 10 0.35 0.75
39 13 20 100 10 0.35 0.75
5 4 20 100 10 0.35 0.75
44 18 20 100 10 0.35 0.75
2 8 20 100 10 0.35 0.75
34 8 20 100 10 0.35 0.8
23 7 20 100 10 0.35 0.8
59 21 20 100 10 0.35 0.8
3 9 20 100 10 0.35 0.8
25 7 20 100 10 0.35 0.8
43 30 20 100 10 0.35 0.8
116 27 20 100 10 0.35 0.85
77 34 20 100 10 0.35 0.85
228 103 20 100 10 0.35 0.85
14 25 20 100 10 0.35 0.85
230 105 20 100 10 0.35 0.85
17 41 20 100 10 0.35 0.85
93 22 20 100 10 0.35 0.9
177 55 20 100 10 0.35 0.9
116 26 20 100 10 0.35 0.9
197 70 20 100 10 0.35 0.9
54 13 20 100 10 0.35 0.9
303 271 20 100 10 0.35 0.9
79 20 20 100 10 0.35 0.95
1869 526 20 100 10 0.35 0.95
2543 1188 20 100 10 0.35 0.95
364 310 20 100 10 0.35 0.95
1188 289 20 100 10 0.35 0.95
1743 1252 20 100 10 0.35 0.95
21 4 20 100 10 0.4 0.5
12 2 20 100 10 0.4 0.5
29 10 20 100 10 0.4 0.5
7 7 20 100 10 0.4 0.5
16 5 20 100 10 0.4 0.5
20 13 20 100 10 0.4 0.5
15 4 20 100 10 0.4 0.55
10 4 20 100 10 0.4 0.55
15 3 20 100 10 0.4 0.55
10 3 20 100 10 0.4 0.55
19 6 20 100 10 0.4 0.55
7 3 20 100 10 0.4 0.55
1 3 20 100 10 0.4 0.6
1 3 20 100 10 0.4 0.6
4 3 20 100 10 0.4 0.6
2 2 20 100 10 0.4 0.6
7 5 20 100 10 0.4 0.6
1 2 20 100 10 0.4 0.6
15 4 20 100 10 0.4 0.65
11 3 20 100 10 0.4 0.65
15 3 20 100 10 0.4 0.65
12 3 20 100 10 0.4 0.65
17 5 20 100 10 0.4 0.65
11 5 20 100 10 0.4 0.65
12 2 20 100 10 0.4 0.7
18 4 20 100 10 0.4 0.7
14 12 20 100 10 0.4 0.7
18 10 20 100 10 0.4 0.7
31 8 20 100 10 0.4 0.7
7 23 20 100 10 0.4 0.7
22 9 20 100 10 0.4 0.75
8 5 20 100 10 0.4 0.75
10 3 20 100 10 0.4 0.75
22 5 20 100 10 0.4 0.75
6 1 20 100 10 0.4 0.75
26 10 20 100 10 0.4 0.75
35 11 20 100 10 0.4 0.8
8 2 20 100 10 0.4 0.8
33 10 20 100 10 0.4 0.8
30 22 20 100 10 0.4 0.8
61 24 20 100 10 0.4 0.8
2 3 20 100 10 0.4 0.8
112 28 20 100 10 0.4 0.85
296 72 20 100 10 0.4 0.85
52 15 20 100 10 0.4 0.85
383 148 20 100 10 0.4 0.85
94 26 20 100 10 0.4 0.85
366 250 20 100 10 0.4 0.85
358 88 20 100 10 0.4 0.9
345 121 20 100 10 0.4 0.9
11 2 20 100 10 0.4 0.9
744 309 20 100 10 0.4 0.9
879 760 20 100 10 0.4 0.9
10 41 20 100 10 0.4 0.9
755 205 20 100 10 0.4 0.95
4916 1154 20 100 10 0.4 0.95
6114 1731 20 100 10 0.4 0.95
607 486 20 100 10 0.4 0.95
6730 2262 20 100 10 0.4 0.95
1021 4100 20 100 10 0.4 0.95
14 4 20 100 10 0.45 0.5
10 5 20 100 10 0.45 0.5
24 10 20 100 10 0.45 0.5
2 2 20 100 10 0.45 0.5
23 5 20 100 10 0.45 0.5
6 18 20 100 10 0.45 0.5
16 4 20 100 10 0.45 0.55
14 3 20 100 10 0.45 0.55
30 8 20 100 10 0.45 0.55
2 4 20 100 10 0.45 0.55
10 2 20 100 10 0.45 0.55
23 16 20 100 10 0.45 0.55
15 4 20 100 10 0.45 0.6
4 1 20 100 10 0.45 0.6
15 4 20 100 10 0.45 0.6
12 13 20 100 10 0.45 0.6
26 11 20 100 10 0.45 0.6
2 3 20 100 10 0.45 0.6
3 7 20 100 10 0.45 0.65
2 3 20 100 10 0.45 0.65
3 6 20 100 10 0.45 0.65
3 7 20 100 10 0.45 0.65
7 3 20 100 10 0.45 0.65
0 2 20 100 10 0.45 0.65
18 6 20 100 10 0.45 0.7
6 4 20 100 10 0.45 0.7
14 3 20 100 10 0.45 0.7
10 6 20 100 10 0.45 0.7
26 15 20 100 10 0.45 0.7
1 5 20 100 10 0.45 0.7
64 15 20 100 10 0.45 0.75
9 2 20 100 10 0.45 0.75
41 10 20 100 10 0.45 0.75
34 9 20 100 10 0.45 0.75
35 9 20 100 10 0.45 0.75
44 31 20 100 10 0.45 0.75
101 27 20 100 10 0.45 0.8
70 17 20 100 10 0.45 0.8
17 4 20 100 10 0.45 0.8
160 41 20 100 10 0.45 0.8
24 6 20 100 10 0.45 0.8
163 79 20 100 10 0.45 0.8
66 16 20 100 10 0.45 0.85
10 2 20 100 10 0.45 0.85
78 19 20 100 10 0.45 0.85
33 36 20 100 10 0.45 0.85
120 102 20 100 10 0.45 0.85
11 43 20 100 10 0.45 0.85
163 54 20 100 10 0.45 0.9
42 21 20 100 10 0.45 0.9
211 78 20 100 10 0.45 0.9
28 23 20 100 10 0.45 0.9
429 825 20 100 10 0.45 0.9
9 33 20 100 10 0.45 0.9
571 163 20 100 10 0.45 0.95
185 70 20 100 10 0.45 0.95
2226 1476 20 100 10 0.45 0.95
1072 976 20 100 10 0.45 0.95
3720 4115 20 100 10 0.45 0.95
925 3693 20 100 10 0.45 0.95
14 3 20 100 10 0.5 0.5
16 3 20 100 10 0.5 0.5
19 6 20 100 10 0.5 0.5
14 10 20 100 10 0.5 0.5
33 16 20 100 10 0.5 0.5
2 9 20 100 10 0.5 0.5
22 6 20 100 10 0.5 0.55
9 4 20 100 10 0.5 0.55
25 7 20 100 10 0.5 0.55
7 8 20 100 10 0.5 0.55
34 16 20 100 10 0.5 0.55
1 6 20 100 10 0.5 0.55
4 3 20 100 10 0.5 0.6
22 6 20 100 10 0.5 0.6
16 4 20 100 10 0.5 0.6
7 2 20 100 10 0.5 0.6
21 8 20 100 10 0.5 0.6
6 5 20 100 10 0.5 0.6
18 8 20 100 10 0.5 0.65
19 5 20 100 10 0.5 0.65
24 5 20 100 10 0.5 0.65
17 6 20 100 10 0.5 0.65
4 3 20 100 10 0.5 0.65
36 11 20 100 10 0.5 0.65
15 4 20 100 10 0.5 0.7
13 12 20 100 10 0.5 0.7
30 12 20 100 10 0.5 0.7
1 4 20 100 10 0.5 0.7
32 11 20 100 10 0.5 0.7
1 7 20 100 10 0.5 0.7
53 14 20 100 10 0.5 0.75
63 18 20 100 10 0.5 0.75
122 34 20 100 10 0.5 0.75
11 8 20 100 10 0.5 0.75
119 40 20 100 10 0.5 0.75
14 13 20 100 10 0.5 0.75
60 19 20 100 10 0.5 0.8
116 34 20 100 10 0.5 0.8
30 10 20 100 10 0.5 0.8
197 76 20 100 10 0.5 0.8
196 72 20 100 10 0.5 0.8
33 34 20 100 10 0.5 0.8
895 237 20 100 10 0.5 0.85
77 21 20 100 10 0.5 0.85
775 193 20 100 10 0.5 0.85
207 54 20 100 10 0.5 0.85
1010 373 20 100 10 0.5 0.85
19 71 20 100 10 0.5 0.85
1380 350 20 100 10 0.5 0.9
146 37 20 100 10 0.5 0.9
15 4 20 100 10 0.5 0.9
1747 568 20 100 10 0.5 0.9
1321 337 20 100 10 0.5 0.9
498 526 20 100 10 0.5 0.9
253 58 20 100 10 0.5 0.95
1355 333 20 100 10 0.5 0.95
2040 757 20 100 10 0.5 0.95
67 61 20 100 10 0.5 0.95
2343 1829 20 100 10 0.5 0.95
625 2438 20 100 10 0.5 0.95
4 1 20 100 100 0.1 0.5
4 1 20 100 100 0.1 0.5
4 1 20 100 100 0.1 0.5
6 5 20 100 100 0.1 0.5
486 2179 20 100 100 0.1 0.5
97 431 20 100 100 0.1 0.5
0 1 20 100 100 0.1 0.55
2 6 20 100 100 0.1 0.55
189 211 20 100 100 0.1 0.55
1 1 20 100 100 0.1 0.55
232 399 20 100 100 0.1 0.55
1 1 20 100 100 0.1 0.55
5 1 20 100 100 0.1 0.6
7 2 20 100 100 0.1 0.6
5 1 20 100 100 0.1 0.6
13 8 20 100 100 0.1 0.6
26 48 20 100 100 0.1 0.6
0 1 20 100 100 0.1 0.6
8 2 20 100 100 0.1 0.65
7 2 20 100 100 0.1 0.65
5 1 20 100 100 0.1 0.65
11 3 20 100 100 0.1 0.65
32 84 20 100 100 0.1 0.65
0 2 20 100 100 0.1 0.65
4 1 20 100 100 0.1 0.7
7 2 20 100 100 0.1 0.7
8 2 20 100 100 0.1 0.7
6 2 20 100 100 0.1 0.7
8 2 20 100 100 0.1 0.7
7 21 20 100 100 0.1 0.7
9 3 20 100 100 0.1 0.75
15 4 20 100 100 0.1 0.75
18 4 20 100 100 0.1 0.75
6 2 20 100 100 0.1 0.75
20 7 20 100 100 0.1 0.75
5 3 20 100 100 0.1 0.75
23 6 20 100 100 0.1 0.8
5 1 20 100 100 0.1 0.8
16 4 20 100 100 0.1 0.8
13 4 20 100 100 0.1 0.8
25 6 20 100 100 0.1 0.8
5 5 20 100 100 0.1 0.8
25 7 20 100 100 0.1 0.85
25 7 20 100 100 0.1 0.85
27 7 20 100 100 0.1 0.85
24 12 20 100 100 0.1 0.85
44 16 20 100 100 0.1 0.85
8 7 20 100 100 0.1 0.85
80 20 20 100 100 0.1 0.9
8 3 20 100 100 0.1 0.9
40 11 20 100 100 0.1 0.9
72 35 20 100 100 0.1 0.9
92 29 20 100 100 0.1 0.9
24 32 20 100 100 0.1 0.9
91 35 20 100 100 0.1 0.95
81 25 20 100 100 0.1 0.95
262 145 20 100 100 0.1 0.95
86 84 20 100 100 0.1 0.95
255 188 20 100 100 0.1 0.95
95 97 20 100 100 0.1 0.95
18 6 20 100 100 0.15 0.5
19 5 20 100 100 0.15 0.5
17 3 20 100 100 0.15 0.5
36 28 20 100 100 0.15 0.5
38 25 20 100 100 0.15 0.5
37 126 20 100 100 0.15 0.5
7 2 20 100 100 0.15 0.55
31 12 20 100 100 0.15 0.55
4 1 20 100 100 0.15 0.55
97 94 20 100 100 0.15 0.55
104 90 20 100 100 0.15 0.55
0 1 20 100 100 0.15 0.55
3 1 20 100 100 0.15 0.6
9 3 20 100 100 0.15 0.6
13 5 20 100 100 0.15 0.6
6 6 20 100 100 0.15 0.6
3 2 20 100 100 0.15 0.6
18 20 20 100 100 0.15 0.6
5 1 20 100 100 0.15 0.65
5 1 20 100 100 0.15 0.65
6 1 20 100 100 0.15 0.65
6 3 20 100 100 0.15 0.65
12 5 20 100 100 0.15 0.65
1 2 20 100 100 0.15 0.65
8 3 20 100 100 0.15 0.7
1 2 20 100 100 0.15 0.7
8 3 20 100 100 0.15 0.7
1 2 20 100 100 0.15 0.7
7 2 20 100 100 0.15 0.7
7 3 20 100 100 0.15 0.7
9 2 20 100 100 0.15 0.75
8 2 20 100 100 0.15 0.75
15 4 20 100 100 0.15 0.75
3 1 20 100 100 0.15 0.75
16 4 20 100 100 0.15 0.75
1 3 20 100 100 0.15 0.75
1 5 20 100 100 0.15 0.8
1 2 20 100 100 0.15 0.8
4 4 20 100 100 0.15 0.8
4 3 20 100 100 0.15 0.8
1 1 20 100 100 0.15 0.8
9 12 20 100 100 0.15 0.8
15 4 20 100 100 0.15 0.85
20 6 20 100 100 0.15 0.85
20 5 20 100 100 0.15 0.85
17 5 20 100 100 0.15 0.85
38 12 20 100 100 0.15 0.85
3 10 20 100 100 0.15 0.85
31 18 20 100 100 0.15 0.9
38 9 20 100 100 0.15 0.9
82 28 20 100 100 0.15 0.9
2 2 20 100 100 0.15 0.9
85 47 20 100 100 0.15 0.9
4 17 20 100 100 0.15 0.9
272 75 20 100 100 0.15 0.95
356 98 20 100 100 0.15 0.95
103 32 20 100 100 0.15 0.95
532 161 20 100 100 0.15 0.95
629 164 20 100 100 0.15 0.95
16 51 20 100 100 0.15 0.95
83 31 20 100 100 0.2 0.5
0 1 20 100 100 0.2 0.5
101 74 20 100 100 0.2 0.5
4 10 20 100 100 0.2 0.5
112 108 20 100 100 0.2 0.5
9 40 20 100 100 0.2 0.5
5 1 20 100 100 0.2 0.55
28 9 20 100 100 0.2 0.55
6 1 20 100 100 0.2 0.55
28 7 20 100 100 0.2 0.55
5 1 20 100 100 0.2 0.55
37 47 20 100 100 0.2 0.55
9 2 20 100 100 0.2 0.6
7 2 20 100 100 0.2 0.6
7 2 20 100 100 0.2 0.6
9 3 20 100 100 0.2 0.6
16 4 20 100 100 0.2 0.6
1 2 20 100 100 0.2 0.6
6 3 20 100 100 0.2 0.65
8 2 20 100 100 0.2 0.65
8 4 20 100 100 0.2 0.65
7 2 20 100 100 0.2 0.65
14 3 20 100 100 0.2 0.65
1 1 20 100 100 0.2 0.65
1 1 20 100 100 0.2 0.7
7 2 20 100 100 0.2 0.7
8 4 20 100 100 0.2 0.7
1 2 20 100 100 0.2 0.7
8 5 20 100 100 0.2 0.7
1 3 20 100 100 0.2 0.7
12 3 20 100 100 0.2 0.75
11 3 20 100 100 0.2 0.75
18 4 20 100 100 0.2 0.75
5 2 20 100 100 0.2 0.75
13 3 20 100 100 0.2 0.75
10 3 20 100 100 0.2 0.75
18 4 20 100 100 0.2 0.8
15 3 20 100 100 0.2 0.8
12 3 20 100 100 0.2 0.8
21 6 20 100 100 0.2 0.8
33 9 20 100 100 0.2 0.8
2 6 20 100 100 0.2 0.8
36 10 20 100 100 0.2 0.85
30 9 20 100 100 0.2 0.85
31 7 20 100 100 0.2 0.85
37 11 20 100 100 0.2 0.85
30 9 20 100 100 0.2 0.85
38 12 20 100 100 0.2 0.85
107 29 20 100 100 0.2 0.9
39 11 20 100 100 0.2 0.9
81 24 20 100 100 0.2 0.9
65 19 20 100 100 0.2 0.9
147 40 20 100 100 0.2 0.9
5 7 20 100 100 0.2 0.9
585 160 20 100 100 0.2 0.95
309 91 20 100 100 0.2 0.95
510 138 20 100 100 0.2 0.95
495 190 20 100 100 0.2 0.95
922 254 20 100 100 0.2 0.95
85 80 20 100 100 0.2 0.95
6 4 20 100 100 0.25 0.5
4 3 20 100 100 0.25 0.5
5 1 20 100 100 0.25 0.5
14 14 20 100 100 0.25 0.5
26 50 20 100 100 0.25 0.5
1 2 20 100 100 0.25 0.5
12 5 20 100 100 0.25 0.55
27 10 20 100 100 0.25 0.55
36 14 20 100 100 0.25 0.55
2 4 20 100 100 0.25 0.55
14 5 20 100 100 0.25 0.55
29 17 20 100 100 0.25 0.55
5 1 20 100 100 0.25 0.6
10 5 20 100 100 0.25 0.6
12 3 20 100 100 0.25 0.6
4 3 20 100 100 0.25 0.6
14 4 20 100 100 0.25 0.6
2 5 20 100 100 0.25 0.6
1 2 20 100 100 0.25 0.65
4 3 20 100 100 0.25 0.65
1 1 20 100 100 0.25 0.65
6 4 20 100 100 0.25 0.65
7 5 20 100 100 0.25 0.65
0 3 20 100 100 0.25 0.65
9 2 20 100 100 0.25 0.7
9 2 20 100 100 0.25 0.7
8 3 20 100 100 0.25 0.7
11 4 20 100 100 0.25 0.7
13 3 20 100 100 0.25 0.7
6 3 20 100 100 0.25 0.7
9 2 20 100 100 0.25 0.75
17 4 20 100 100 0.25 0.75
13 4 20 100 100 0.25 0.75
12 3 20 100 100 0.25 0.75
17 4 20 100 100 0.25 0.75
10 6 20 100 100 0.25 0.75
27 7 20 100 100 0.25 0.8
20 8 20 100 100 0.25 0.8
41 9 20 100 100 0.25 0.8
7 8 20 100 100 0.25 0.8
19 5 20 100 100 0.25 0.8
32 11 20 100 100 0.25 0.8
66 17 20 100 100 0.25 0.85
21 5 20 100 100 0.25 0.85
88 21 20 100 100 0.25 0.85
10 9 20 100 100 0.25 0.85
92 29 20 100 100 0.25 0.85
11 19 20 100 100 0.25 0.85
89 25 20 100 100 0.25 0.9
9 17 20 100 100 0.25 0.9
86 21 20 100 100 0.25 0.9
24 17 20 100 100 0.25 0.9
108 34 20 100 100 0.25 0.9
8 22 20 100 100 0.25 0.9
150 61 20 100 100 0.25 0.95
250 84 20 100 100 0.25 0.95
276 74 20 100 100 0.25 0.95
273 152 20 100 100 0.25 0.95
394 101 20 100 100 0.25 0.95
222 343 20 100 100 0.25 0.95
29 10 20 100 100 0.3 0.5
4 1 20 100 100 0.3 0.5
9 3 20 100 100 0.3 0.5
44 30 20 100 100 0.3 0.5
43 17 20 100 100 0.3 0.5
10 12 20 100 100 0.3 0.5
3 1 20 100 100 0.3 0.55
4 20 20 100 100 0.3 0.55
11 4 20 100 100 0.3 0.55
5 5 20 100 100 0.3 0.55
19 29 20 100 100 0.3 0.55
1 1 20 100 100 0.3 0.55
14 4 20 100 100 0.3 0.6
5 1 20 100 100 0.3 0.6
12 3 20 100 100 0.3 0.6
7 2 20 100 100 0.3 0.6
13 3 20 100 100 0.3 0.6
6 3 20 100 100 0.3 0.6
7 2 20 100 100 0.3 0.65
10 2 20 100 100 0.3 0.65
11 3 20 100 100 0.3 0.65
7 2 20 100 100 0.3 0.65
11 3 20 100 100 0.3 0.65
8 4 20 100 100 0.3 0.65
5 1 20 100 100 0.3 0.7
10 3 20 100 100 0.3 0.7
9 2 20 100 100 0.3 0.7
9 3 20 100 100 0.3 0.7
18 6 20 100 100 0.3 0.7
0 2 20 100 100 0.3 0.7
12 3 20 100 100 0.3 0.75
9 2 20 100 100 0.3 0.75
10 2 20 100 100 0.3 0.75
12 4 20 100 100 0.3 0.75
16 4 20 100 100 0.3 0.75
7 3 20 100 100 0.3 0.75
5 5 20 100 100 0.3 0.8
10 4 20 100 100 0.3 0.8
15 6 20 100 100 0.3 0.8
9 7 20 100 100 0.3 0.8
24 16 20 100 100 0.3 0.8
4 15 20 100 100 0.3 0.8
75 24 20 100 100 0.3 0.85
18 17 20 100 100 0.3 0.85
10 3 20 100 100 0.3 0.85
85 21 20 100 100 0.3 0.85
25 6 20 100 100 0.3 0.85
71 22 20 100 100 0.3 0.85
111 27 20 100 100 0.3 0.9
66 18 20 100 100 0.3 0.9
177 42 20 100 100 0.3 0.9
14 16 20 100 100 0.3 0.9
187 69 20 100 100 0.3 0.9
16 50 20 100 100 0.3 0.9
53 15 20 100 100 0.3 0.95
65 21 20 100 100 0.3 0.95
151 93 20 100 100 0.3 0.95
159 149 20 100 100 0.3 0.95
287 236 20 100 100 0.3 0.95
51 114 20 100 100 0.3 0.95
7 2 20 100 100 0.35 0.5
14 4 20 100 100 0.35 0.5
23 8 20 100 100 0.35 0.5
8 9 20 100 100 0.35 0.5
26 11 20 100 100 0.35 0.5
8 18 20 100 100 0.35 0.5
17 5 20 100 100 0.35 0.55
13 4 20 100 100 0.35 0.55
15 4 20 100 100 0.35 0.55
16 5 20 100 100 0.35 0.55
33 18 20 100 100 0.35 0.55
1 2 20 100 100 0.35 0.55
11 3 20 100 100 0.35 0.6
8 2 20 100 100 0.35 0.6
8 2 20 100 100 0.35 0.6
13 5 20 100 100 0.35 0.6
21 7 20 100 100 0.35 0.6
1 2 20 100 100 0.35 0.6
9 2 20 100 100 0.35 0.65
8 2 20 100 100 0.35 0.65
8 2 20 100 100 0.35 0.65
9 3 20 100 100 0.35 0.65
19 13 20 100 100 0.35 0.65
0 2 20 100 100 0.35 0.65
9 2 20 100 100 0.35 0.7
10 2 20 100 100 0.35 0.7
9 2 20 100 100 0.35 0.7
11 3 20 100 100 0.35 0.7
12 3 20 100 100 0.35 0.7
8 3 20 100 100 0.35 0.7
9 2 20 100 100 0.35 0.75
16 4 20 100 100 0.35 0.75
10 2 20 100 100 0.35 0.75
16 5 20 100 100 0.35 0.75
13 3 20 100 100 0.35 0.75
13 7 20 100 100 0.35 0.75
27 7 20 100 100 0.35 0.8
11 2 20 100 100 0.35 0.8
11 3 20 100 100 0.35 0.8
33 13 20 100 100 0.35 0.8
41 14 20 100 100 0.35 0.8
3 3 20 100 100 0.35 0.8
75 20 20 100 100 0.35 0.85
27 8 20 100 100 0.35 0.85
38 12 20 100 100 0.35 0.85
65 16 20 100 100 0.35 0.85
44 12 20 100 100 0.35 0.85
60 20 20 100 100 0.35 0.85
98 24 20 100 100 0.35 0.9
108 30 20 100 100 0.35 0.9
48 11 20 100 100 0.35 0.9
163 45 20 100 100 0.35 0.9
43 10 20 100 100 0.35 0.9
174 57 20 100 100 0.35 0.9
336 91 20 100 100 0.35 0.95
672 199 20 100 100 0.35 0.95
692 165 20 100 100 0.35 0.95
321 78 20 100 100 0.35 0.95
203 47 20 100 100 0.35 0.95
823 269 20 100 100 0.35 0.95
43 13 20 100 100 0.4 0.5
5 1 20 100 100 0.4 0.5
27 5 20 100 100 0.4 0.5
22 6 20 100 100 0.4 0.5
49 16 20 100 100 0.4 0.5
1 2 20 100 100 0.4 0.5
10 3 20 100 100 0.4 0.55
14 4 20 100 100 0.4 0.55
26 9 20 100 100 0.4 0.55
4 6 20 100 100 0.4 0.55
22 5 20 100 100 0.4 0.55
11 4 20 100 100 0.4 0.55
8 2 20 100 100 0.4 0.6
22 6 20 100 100 0.4 0.6
18 5 20 100 100 0.4 0.6
13 4 20 100 100 0.4 0.6
31 10 20 100 100 0.4 0.6
1 4 20 100 100 0.4 0.6
4 2 20 100 100 0.4 0.65
9 4 20 100 100 0.4 0.65
5 3 20 100 100 0.4 0.65
8 3 20 100 100 0.4 0.65
12 2 20 100 100 0.4 0.65
2 4 20 100 100 0.4 0.65
9 2 20 100 100 0.4 0.7
20 5 20 100 100 0.4 0.7
20 5 20 100 100 0.4 0.7
10 4 20 100 100 0.4 0.7
10 3 20 100 100 0.4 0.7
21 10 20 100 100 0.4 0.7
16 4 20 100 100 0.4 0.75
5 3 20 100 100 0.4 0.75
17 6 20 100 100 0.4 0.75
4 5 20 100 100 0.4 0.75
23 8 20 100 100 0.4 0.75
2 7 20 100 100 0.4 0.75
19 4 20 100 100 0.4 0.8
25 6 20 100 100 0.4 0.8
37 9 20 100 100 0.4 0.8
12 5 20 100 100 0.4 0.8
40 11 20 100 100 0.4 0.8
10 12 20 100 100 0.4 0.8
18 4 20 100 100 0.4 0.85
42 11 20 100 100 0.4 0.85
47 16 20 100 100 0.4 0.85
21 19 20 100 100 0.4 0.85
57 24 20 100 100 0.4 0.85
11 15 20 100 100 0.4 0.85
56 13 20 100 100 0.4 0.9
118 49 20 100 100 0.4 0.9
117 31 20 100 100 0.4 0.9
61 20 20 100 100 0.4 0.9
52 13 20 100 100 0.4 0.9
126 48 20 100 100 0.4 0.9
843 237 20 100 100 0.4 0.95
790 195 20 100 100 0.4 0.95
459 115 20 100 100 0.4 0.95
1283 396 20 100 100 0.4 0.95
756 190 20 100 100 0.4 0.95
1127 853 20 100 100 0.4 0.95
5 7 20 100 100 0.45 0.5
1 6 20 100 100 0.45 0.5
7 3 20 100 100 0.45 0.5
1 3 20 100 100 0.45 0.5
8 2 20 100 100 0.45 0.5
2 9 20 100 100 0.45 0.5
4 1 20 100 100 0.45 0.55
21 6 20 100 100 0.45 0.55
17 5 20 100 100 0.45 0.55
9 3 20 100 100 0.45 0.55
23 5 20 100 100 0.45 0.55
3 4 20 100 100 0.45 0.55
14 4 20 100 100 0.45 0.6
12 3 20 100 100 0.45 0.6
11 2 20 100 100 0.45 0.6
15 4 20 100 100 0.45 0.6
21 6 20 100 100 0.45 0.6
5 4 20 100 100 0.45 0.6
8 2 20 100 100 0.45 0.65
12 3 20 100 100 0.45 0.65
14 4 20 100 100 0.45 0.65
7 2 20 100 100 0.45 0.65
22 10 20 100 100 0.45 0.65
2 7 20 100 100 0.45 0.65
10 2 20 100 100 0.45 0.7
24 11 20 100 100 0.45 0.7
27 7 20 100 100 0.45 0.7
8 3 20 100 100 0.45 0.7
18 7 20 100 100 0.45 0.7
17 5 20 100 100 0.45 0.7
26 6 20 100 100 0.45 0.75
17 4 20 100 100 0.45 0.75
26 6 20 100 100 0.45 0.75
18 5 20 100 100 0.45 0.75
24 5 20 100 100 0.45 0.75
22 11 20 100 100 0.45 0.75
30 6 20 100 100 0.45 0.8
40 12 20 100 100 0.45 0.8
34 13 20 100 100 0.45 0.8
39 17 20 100 100 0.45 0.8
71 17 20 100 100 0.45 0.8
4 9 20 100 100 0.45 0.8
23 6 20 100 100 0.45 0.85
42 11 20 100 100 0.45 0.85
49 10 20 100 100 0.45 0.85
18 7 20 100 100 0.45 0.85
62 19 20 100 100 0.45 0.85
9 14 20 100 100 0.45 0.85
190 62 20 100 100 0.45 0.9
96 25 20 100 100 0.45 0.9
194 45 20 100 100 0.45 0.9
103 38 20 100 100 0.45 0.9
186 49 20 100 100 0.45 0.9
128 110 20 100 100 0.45 0.9
283 86 20 100 100 0.45 0.95
670 171 20 100 100 0.45 0.95
436 110 20 100 100 0.45 0.95
787 339 20 100 100 0.45 0.95
1232 489 20 100 100 0.45 0.95
7 25 20 100 100 0.45 0.95
16 5 20 100 100 0.5 0.5
5 1 20 100 100 0.5 0.5
16 3 20 100 100 0.5 0.5
12 8 20 100 100 0.5 0.5
28 15 20 100 100 0.5 0.5
3 10 20 100 100 0.5 0.5
4 2 20 100 100 0.5 0.55
1 2 20 100 100 0.5 0.55
6 7 20 100 100 0.5 0.55
3 7 20 100 100 0.5 0.55
8 7 20 100 100 0.5 0.55
5 17 20 100 100 0.5 0.55
11 3 20 100 100 0.5 0.6
31 7 20 100 100 0.5 0.6
26 4 20 100 100 0.5 0.6
17 5 20 100 100 0.5 0.6
27 6 20 100 100 0.5 0.6
18 14 20 100 100 0.5 0.6
5 1 20 100 100 0.5 0.65
4 1 20 100 100 0.5 0.65
12 5 20 100 100 0.5 0.65
3 2 20 100 100 0.5 0.65
16 11 20 100 100 0.5 0.65
1 4 20 100 100 0.5 0.65
23 7 20 100 100 0.5 0.7
9 6 20 100 100 0.5 0.7
10 2 20 100 100 0.5 0.7
24 5 20 100 100 0.5 0.7
21 5 20 100 100 0.5 0.7
17 25 20 100 100 0.5 0.7
52 13 20 100 100 0.5 0.75
11 3 20 100 100 0.5 0.75
25 5 20 100 100 0.5 0.75
39 11 20 100 100 0.5 0.75
62 17 20 100 100 0.5 0.75
4 10 20 100 100 0.5 0.75
20 9 20 100 100 0.5 0.8
25 11 20 100 100 0.5 0.8
16 3 20 100 100 0.5 0.8
32 18 20 100 100 0.5 0.8
51 24 20 100 100 0.5 0.8
2 7 20 100 100 0.5 0.8
92 24 20 100 100 0.5 0.85
42 11 20 100 100 0.5 0.85
65 18 20 100 100 0.5 0.85
89 31 20 100 100 0.5 0.85
160 66 20 100 100 0.5 0.85
5 15 20 100 100 0.5 0.85
49 16 20 100 100 0.5 0.9
18 4 20 100 100 0.5 0.9
95 42 20 100 100 0.5 0.9
15 31 20 100 100 0.5 0.9
80 26 20 100 100 0.5 0.9
32 44 20 100 100 0.5 0.9
166 50 20 100 100 0.5 0.95
825 204 20 100 100 0.5 0.95
749 199 20 100 100 0.5 0.95
254 76 20 100 100 0.5 0.95
157 54 20 100 100 0.5 0.95
856 230 20 100 100 0.5 0.95
47 1 20 1000 10 0.1 0.5
20 1 20 1000 10 0.1 0.5
57 1 20 1000 10 0.1 0.5
13 1 20 1000 10 0.1 0.5
48 1 20 1000 10 0.1 0.5
23 1 20 1000 10 0.1 0.5
39 1 20 1000 10 0.1 0.55
47 1 20 1000 10 0.1 0.55
42 1 20 1000 10 0.1 0.55
44 1 20 1000 10 0.1 0.55
44 1 20 1000 10 0.1 0.55
42 1 20 1000 10 0.1 0.55
36 1 20 1000 10 0.1 0.6
42 1 20 1000 10 0.1 0.6
38 1 20 1000 10 0.1 0.6
41 1 20 1000 10 0.1 0.6
45 1 20 1000 10 0.1 0.6
35 1 20 1000 10 0.1 0.6
22 1 20 1000 10 0.1 0.65
14 1 20 1000 10 0.1 0.65
30 1 20 1000 10 0.1 0.65
7 1 20 1000 10 0.1 0.65
38 1 20 1000 10 0.1 0.65
4 1 20 1000 10 0.1 0.65
31 1 20 1000 10 0.1 0.7
51 1 20 1000 10 0.1 0.7
46 1 20 1000 10 0.1 0.7
44 2 20 1000 10 0.1 0.7
81 2 20 1000 10 0.1 0.7
10 1 20 1000 10 0.1 0.7
68 2 20 1000 10 0.1 0.75
30 2 20 1000 10 0.1 0.75
93 3 20 1000 10 0.1 0.75
13 2 20 1000 10 0.1 0.75
84 2 20 1000 10 0.1 0.75
34 7 20 1000 10 0.1 0.75
377 14 20 1000 10 0.1 0.8
248 9 20 1000 10 0.1 0.8
648 21 20 1000 10 0.1 0.8
44 8 20 1000 10 0.1 0.8
632 19 20 1000 10 0.1 0.8
68 15 20 1000 10 0.1 0.8
2596 72 20 1000 10 0.1 0.85
649 16 20 1000 10 0.1 0.85
74 5 20 1000 10 0.1 0.85
3581 121 20 1000 10 0.1 0.85
3663 125 20 1000 10 0.1 0.85
355 148 20 1000 10 0.1 0.85
4507 144 20 1000 10 0.1 0.9
4585 185 20 1000 10 0.1 0.9
456 28 20 1000 10 0.1 0.9
13303 789 20 1000 10 0.1 0.9
11510 516 20 1000 10 0.1 0.9
2938 569 20 1000 10 0.1 0.9
1666 133 20 1000 10 0.1 0.95
2460 200 20 1000 10 0.1 0.95
2032 185 20 1000 10 0.1 0.95
13196 1955 20 1000 10 0.1 0.95
15182 2116 20 1000 10 0.1 0.95
5517 1963 20 1000 10 0.1 0.95
15 1 20 1000 10 0.15 0.5
41 1 20 1000 10 0.15 0.5
18 1 20 1000 10 0.15 0.5
38 1 20 1000 10 0.15 0.5
46 1 20 1000 10 0.15 0.5
13 1 20 1000 10 0.15 0.5
31 1 20 1000 10 0.15 0.55
15 1 20 1000 10 0.15 0.55
22 1 20 1000 10 0.15 0.55
24 1 20 1000 10 0.15 0.55
48 1 20 1000 10 0.15 0.55
4 1 20 1000 10 0.15 0.55
32 1 20 1000 10 0.15 0.6
48 1 20 1000 10 0.15 0.6
41 1 20 1000 10 0.15 0.6
40 1 20 1000 10 0.15 0.6
44 1 20 1000 10 0.15 0.6
37 1 20 1000 10 0.15 0.6
19 1 20 1000 10 0.15 0.65
36 1 20 1000 10 0.15 0.65
29 1 20 1000 10 0.15 0.65
27 1 20 1000 10 0.15 0.65
55 1 20 1000 10 0.15 0.65
5 1 20 1000 10 0.15 0.65
24 1 20 1000 10 0.15 0.7
39 1 20 1000 10 0.15 0.7
47 1 20 1000 10 0.15 0.7
26 1 20 1000 10 0.15 0.7
47 1 20 1000 10 0.15 0.7
28 2 20 1000 10 0.15 0.7
46 1 20 1000 10 0.15 0.75
51 1 20 1000 10 0.15 0.75
50 1 20 1000 10 0.15 0.75
58 4 20 1000 10 0.15 0.75
104 4 20 1000 10 0.15 0.75
23 8 20 1000 10 0.15 0.75
56 1 20 1000 10 0.15 0.8
823 22 20 1000 10 0.15 0.8
468 13 20 1000 10 0.15 0.8
424 11 20 1000 10 0.15 0.8
224 9 20 1000 10 0.15 0.8
733 45 20 1000 10 0.15 0.8
432 14 20 1000 10 0.15 0.85
2207 64 20 1000 10 0.15 0.85
2342 64 20 1000 10 0.15 0.85
3188 251 20 1000 10 0.15 0.85
5612 344 20 1000 10 0.15 0.85
359 142 20 1000 10 0.15 0.85
8653 492 20 1000 10 0.15 0.9
1950 119 20 1000 10 0.15 0.9
8359 302 20 1000 10 0.15 0.9
8840 746 20 1000 10 0.15 0.9
4284 215 20 1000 10 0.15 0.9
16567 2244 20 1000 10 0.15 0.9
1139 103 20 1000 10 0.15 0.95
1388 116 20 1000 10 0.15 0.95
5736 756 20 1000 10 0.15 0.95
3871 630 20 1000 10 0.15 0.95
11274 1960 20 1000 10 0.15 0.95
3564 1278 20 1000 10 0.15 0.95
45 1 20 1000 10 0.2 0.5
37 1 20 1000 10 0.2 0.5
37 1 20 1000 10 0.2 0.5
45 1 20 1000 10 0.2 0.5
37 1 20 1000 10 0.2 0.5
46 1 20 1000 10 0.2 0.5
24 1 20 1000 10 0.2 0.55
34 1 20 1000 10 0.2 0.55
24 1 20 1000 10 0.2 0.55
34 1 20 1000 10 0.2 0.55
28 1 20 1000 10 0.2 0.55
31 1 20 1000 10 0.2 0.55
38 1 20 1000 10 0.2 0.6
31 1 20 1000 10 0.2 0.6
46 1 20 1000 10 0.2 0.6
23 1 20 1000 10 0.2 0.6
46 1 20 1000 10 0.2 0.6
26 1 20 1000 10 0.2 0.6
30 1 20 1000 10 0.2 0.65
41 1 20 1000 10 0.2 0.65
45 1 20 1000 10 0.2 0.65
31 1 20 1000 10 0.2 0.65
46 1 20 1000 10 0.2 0.65
30 1 20 1000 10 0.2 0.65
50 2 20 1000 10 0.2 0.7
40 1 20 1000 10 0.2 0.7
58 1 20 1000 10 0.2 0.7
35 2 20 1000 10 0.2 0.7
51 2 20 1000 10 0.2 0.7
43 2 20 1000 10 0.2 0.7
87 2 20 1000 10 0.2 0.75
117 3 20 1000 10 0.2 0.75
89 2 20 1000 10 0.2 0.75
131 4 20 1000 10 0.2 0.75
138 4 20 1000 10 0.2 0.75
87 5 20 1000 10 0.2 0.75
63 2 20 1000 10 0.2 0.8
242 6 20 1000 10 0.2 0.8
169 5 20 1000 10 0.2 0.8
281 18 20 1000 10 0.2 0.8
481 34 20 1000 10 0.2 0.8
22 8 20 1000 10 0.2 0.8
234 12 20 1000 10 0.2 0.85
8926 218 20 1000 10 0.2 0.85
8828 236 20 1000 10 0.2 0.85
506 28 20 1000 10 0.2 0.85
4499 119 20 1000 10 0.2 0.85
4902 170 20 1000 10 0.2 0.85
144 11 20 1000 10 0.2 0.9
9111 430 20 1000 10 0.2 0.9
11197 547 20 1000 10 0.2 0.9
3835 415 20 1000 10 0.2 0.9
11347 501 20 1000 10 0.2 0.9
4532 727 20 1000 10 0.2 0.9
13405 1132 20 1000 10 0.2 0.95
79 6 20 1000 10 0.2 0.95
4985 435 20 1000 10 0.2 0.95
11538 1296 20 1000 10 0.2 0.95
16284 1561 20 1000 10 0.2 0.95
3297 1134 20 1000 10 0.2 0.95
33 1 20 1000 10 0.25 0.5
32 1 20 1000 10 0.25 0.5
43 1 20 1000 10 0.25 0.5
28 1 20 1000 10 0.25 0.5
43 1 20 1000 10 0.25 0.5
28 1 20 1000 10 0.25 0.5
20 1 20 1000 10 0.25 0.55
30 1 20 1000 10 0.25 0.55
20 1 20 1000 10 0.25 0.55
31 1 20 1000 10 0.25 0.55
30 1 20 1000 10 0.25 0.55
22 1 20 1000 10 0.25 0.55
44 1 20 1000 10 0.25 0.6
22 1 20 1000 10 0.25 0.6
32 1 20 1000 10 0.25 0.6
34 1 20 1000 10 0.25 0.6
46 1 20 1000 10 0.25 0.6
26 1 20 1000 10 0.25 0.6
47 1 20 1000 10 0.25 0.65
30 1 20 1000 10 0.25 0.65
47 1 20 1000 10 0.25 0.65
32 1 20 1000 10 0.25 0.65
62 2 20 1000 10 0.25 0.65
19 1 20 1000 10 0.25 0.65
25 2 20 1000 10 0.25 0.7
48 1 20 1000 10 0.25 0.7
42 2 20 1000 10 0.25 0.7
47 2 20 1000 10 0.25 0.7
90 3 20 1000 10 0.25 0.7
6 2 20 1000 10 0.25 0.7
42 1 20 1000 10 0.25 0.75
110 2 20 1000 10 0.25 0.75
86 2 20 1000 10 0.25 0.75
88 5 20 1000 10 0.25 0.75
157 6 20 1000 10 0.25 0.75
26 5 20 1000 10 0.25 0.75
248 7 20 1000 10 0.25 0.8
1034 26 20 1000 10 0.25 0.8
1300 36 20 1000 10 0.25 0.8
240 21 20 1000 10 0.25 0.8
1508 53 20 1000 10 0.25 0.8
39 6 20 1000 10 0.25 0.8
1952 46 20 1000 10 0.25 0.85
930 23 20 1000 10 0.25 0.85
4131 181 20 1000 10 0.25 0.85
1171 97 20 1000 10 0.25 0.85
5614 397 20 1000 10 0.25 0.85
706 270 20 1000 10 0.25 0.85
20906 615 20 1000 10 0.25 0.9
5377 193 20 1000 10 0.25 0.9
1348 67 20 1000 10 0.25 0.9
26441 895 20 1000 10 0.25 0.9
10122 388 20 1000 10 0.25 0.9
19530 1269 20 1000 10 0.25 0.9
1070 91 20 1000 10 0.25 0.95
1731 160 20 1000 10 0.25 0.95
7324 971 20 1000 10 0.25 0.95
2331 367 20 1000 10 0.25 0.95
9713 1366 20 1000 10 0.25 0.95
5188 1863 20 1000 10 0.25 0.95
44 1 20 1000 10 0.3 0.5
29 1 20 1000 10 0.3 0.5
44 1 20 1000 10 0.3 0.5
29 1 20 1000 10 0.3 0.5
38 1 20 1000 10 0.3 0.5
37 1 20 1000 10 0.3 0.5
31 1 20 1000 10 0.3 0.55
46 1 20 1000 10 0.3 0.55
42 1 20 1000 10 0.3 0.55
36 1 20 1000 10 0.3 0.55
44 1 20 1000 10 0.3 0.55
34 1 20 1000 10 0.3 0.55
8 1 20 1000 10 0.3 0.6
16 1 20 1000 10 0.3 0.6
21 1 20 1000 10 0.3 0.6
13 1 20 1000 10 0.3 0.6
28 1 20 1000 10 0.3 0.6
8 1 20 1000 10 0.3 0.6
49 1 20 1000 10 0.3 0.65
34 1 20 1000 10 0.3 0.65
48 1 20 1000 10 0.3 0.65
35 1 20 1000 10 0.3 0.65
41 1 20 1000 10 0.3 0.65
43 1 20 1000 10 0.3 0.65
52 1 20 1000 10 0.3 0.7
43 1 20 1000 10 0.3 0.7
51 1 20 1000 10 0.3 0.7
45 1 20 1000 10 0.3 0.7
72 2 20 1000 10 0.3 0.7
25 1 20 1000 10 0.3 0.7
43 1 20 1000 10 0.3 0.75
78 2 20 1000 10 0.3 0.75
65 2 20 1000 10 0.3 0.75
62 3 20 1000 10 0.3 0.75
102 2 20 1000 10 0.3 0.75
24 2 20 1000 10 0.3 0.75
75 2 20 1000 10 0.3 0.8
156 4 20 1000 10 0.3 0.8
189 5 20 1000 10 0.3 0.8
230 17 20 1000 10 0.3 0.8
481 45 20 1000 10 0.3 0.8
28 10 20 1000 10 0.3 0.8
2074 54 20 1000 10 0.3 0.85
1384 32 20 1000 10 0.3 0.85
2069 57 20 1000 10 0.3 0.85
1487 44 20 1000 10 0.3 0.85
4678 526 20 1000 10 0.3 0.85
60 23 20 1000 10 0.3 0.85
1444 79 20 1000 10 0.3 0.9
9982 300 20 1000 10 0.3 0.9
5306 158 20 1000 10 0.3 0.9
10553 724 20 1000 10 0.3 0.9
14600 628 20 1000 10 0.3 0.9
1555 232 20 1000 10 0.3 0.9
13882 1187 20 1000 10 0.3 0.95
13308 1130 20 1000 10 0.3 0.95
9915 806 20 1000 10 0.3 0.95
17712 1449 20 1000 10 0.3 0.95
7724 661 20 1000 10 0.3 0.95
22363 2670 20 1000 10 0.3 0.95
40 1 20 1000 10 0.35 0.5
27 1 20 1000 10 0.35 0.5
40 1 20 1000 10 0.35 0.5
27 1 20 1000 10 0.35 0.5
37 1 20 1000 10 0.35 0.5
32 1 20 1000 10 0.35 0.5
41 1 20 1000 10 0.35 0.55
31 1 20 1000 10 0.35 0.55
39 1 20 1000 10 0.35 0.55
34 1 20 1000 10 0.35 0.55
47 1 20 1000 10 0.35 0.55
27 1 20 1000 10 0.35 0.55
42 1 20 1000 10 0.35 0.6
21 1 20 1000 10 0.35 0.6
42 1 20 1000 10 0.35 0.6
23 1 20 1000 10 0.35 0.6
50 1 20 1000 10 0.35 0.6
18 1 20 1000 10 0.35 0.6
31 1 20 1000 10 0.35 0.65
40 1 20 1000 10 0.35 0.65
31 1 20 1000 10 0.35 0.65
42 1 20 1000 10 0.35 0.65
36 1 20 1000 10 0.35 0.65
37 1 20 1000 10 0.35 0.65
41 1 20 1000 10 0.35 0.7
92 2 20 1000 10 0.35 0.7
49 1 20 1000 10 0.35 0.7
84 2 20 1000 10 0.35 0.7
132 3 20 1000 10 0.35 0.7
12 4 20 1000 10 0.35 0.7
45 1 20 1000 10 0.35 0.75
173 5 20 1000 10 0.35 0.75
104 3 20 1000 10 0.35 0.75
119 3 20 1000 10 0.35 0.75
212 6 20 1000 10 0.35 0.75
13 2 20 1000 10 0.35 0.75
259 7 20 1000 10 0.35 0.8
196 5 20 1000 10 0.35 0.8
473 14 20 1000 10 0.35 0.8
356 29 20 1000 10 0.35 0.8
495 16 20 1000 10 0.35 0.8
356 36 20 1000 10 0.35 0.8
4680 125 20 1000 10 0.35 0.85
4777 127 20 1000 10 0.35 0.85
3809 101 20 1000 10 0.35 0.85
5659 139 20 1000 10 0.35 0.85
5445 145 20 1000 10 0.35 0.85
4153 144 20 1000 10 0.35 0.85
10434 335 20 1000 10 0.35 0.9
8755 234 20 1000 10 0.35 0.9
18029 514 20 1000 10 0.35 0.9
6386 489 20 1000 10 0.35 0.9
23266 834 20 1000 10 0.35 0.9
1654 333 20 1000 10 0.35 0.9
4768 387 20 1000 10 0.35 0.95
4285 354 20 1000 10 0.35 0.95
7922 666 20 1000 10 0.35 0.95
2020 242 20 1000 10 0.35 0.95
13981 2372 20 1000 10 0.35 0.95
108 38 20 1000 10 0.35 0.95
17 1 20 1000 10 0.4 0.5
17 1 20 1000 10 0.4 0.5
36 1 20 1000 10 0.4 0.5
7 1 20 1000 10 0.4 0.5
36 1 20 1000 10 0.4 0.5
7 1 20 1000 10 0.4 0.5
42 1 20 1000 10 0.4 0.55
32 1 20 1000 10 0.4 0.55
49 1 20 1000 10 0.4 0.55
31 1 20 1000 10 0.4 0.55
49 1 20 1000 10 0.4 0.55
31 1 20 1000 10 0.4 0.55
41 1 20 1000 10 0.4 0.6
37 1 20 1000 10 0.4 0.6
30 1 20 1000 10 0.4 0.6
49 1 20 1000 10 0.4 0.6
47 1 20 1000 10 0.4 0.6
33 1 20 1000 10 0.4 0.6
16 1 20 1000 10 0.4 0.65
39 1 20 1000 10 0.4 0.65
24 1 20 1000 10 0.4 0.65
35 1 20 1000 10 0.4 0.65
54 1 20 1000 10 0.4 0.65
8 1 20 1000 10 0.4 0.65
81 2 20 1000 10 0.4 0.7
71 2 20 1000 10 0.4 0.7
85 2 20 1000 10 0.4 0.7
70 2 20 1000 10 0.4 0.7
130 3 20 1000 10 0.4 0.7
26 1 20 1000 10 0.4 0.7
129 5 20 1000 10 0.4 0.75
69 2 20 1000 10 0.4 0.75
186 4 20 1000 10 0.4 0.75
17 1 20 1000 10 0.4 0.75
200 6 20 1000 10 0.4 0.75
13 4 20 1000 10 0.4 0.75
232 6 20 1000 10 0.4 0.8
1782 43 20 1000 10 0.4 0.8
2100 57 20 1000 10 0.4 0.8
437 36 20 1000 10 0.4 0.8
2596 120 20 1000 10 0.4 0.8
86 31 20 1000 10 0.4 0.8
791 29 20 1000 10 0.4 0.85
5928 156 20 1000 10 0.4 0.85
6854 183 20 1000 10 0.4 0.85
617 50 20 1000 10 0.4 0.85
3149 100 20 1000 10 0.4 0.85
5083 431 20 1000 10 0.4 0.85
297 26 20 1000 10 0.4 0.9
3782 123 20 1000 10 0.4 0.9
6674 355 20 1000 10 0.4 0.9
2994 281 20 1000 10 0.4 0.9
11690 1373 20 1000 10 0.4 0.9
2322 862 20 1000 10 0.4 0.9
4213 353 20 1000 10 0.4 0.95
15172 1298 20 1000 10 0.4 0.95
10950 927 20 1000 10 0.4 0.95
16024 1906 20 1000 10 0.4 0.95
24422 2425 20 1000 10 0.4 0.95
6819 1941 20 1000 10 0.4 0.95
45 1 20 1000 10 0.45 0.5
40 1 20 1000 10 0.45 0.5
39 1 20 1000 10 0.45 0.5
46 1 20 1000 10 0.45 0.5
45 1 20 1000 10 0.45 0.5
40 1 20 1000 10 0.45 0.5
19 1 20 1000 10 0.45 0.55
34 1 20 1000 10 0.45 0.55
14 1 20 1000 10 0.45 0.55
36 1 20 1000 10 0.45 0.55
34 1 20 1000 10 0.45 0.55
18 1 20 1000 10 0.45 0.55
38 1 20 1000 10 0.45 0.6
25 1 20 1000 10 0.45 0.6
43 1 20 1000 10 0.45 0.6
24 1 20 1000 10 0.45 0.6
61 1 20 1000 10 0.45 0.6
9 1 20 1000 10 0.45 0.6
48 1 20 1000 10 0.45 0.65
32 1 20 1000 10 0.45 0.65
38 1 20 1000 10 0.45 0.65
43 1 20 1000 10 0.45 0.65
52 1 20 1000 10 0.45 0.65
30 1 20 1000 10 0.45 0.65
46 1 20 1000 10 0.45 0.7
64 2 20 1000 10 0.45 0.7
50 1 20 1000 10 0.45 0.7
62 2 20 1000 10 0.45 0.7
106 2 20 1000 10 0.45 0.7
12 2 20 1000 10 0.45 0.7
80 2 20 1000 10 0.45 0.75
371 9 20 1000 10 0.45 0.75
258 7 20 1000 10 0.45 0.75
211 6 20 1000 10 0.45 0.75
228 6 20 1000 10 0.45 0.75
242 8 20 1000 10 0.45 0.75
621 16 20 1000 10 0.45 0.8
706 18 20 1000 10 0.45 0.8
98 3 20 1000 10 0.45 0.8
1277 39 20 1000 10 0.45 0.8
611 16 20 1000 10 0.45 0.8
776 27 20 1000 10 0.45 0.8
3127 83 20 1000 10 0.45 0.85
4612 119 20 1000 10 0.45 0.85
1822 49 20 1000 10 0.45 0.85
8077 315 20 1000 10 0.45 0.85
3801 95 20 1000 10 0.45 0.85
6435 379 20 1000 10 0.45 0.85
1895 54 20 1000 10 0.45 0.9
29683 743 20 1000 10 0.45 0.9
32905 877 20 1000 10 0.45 0.9
3460 275 20 1000 10 0.45 0.9
25909 609 20 1000 10 0.45 0.9
11405 901 20 1000 10 0.45 0.9
4436 371 20 1000 10 0.45 0.95
955 88 20 1000 10 0.45 0.95
840 71 20 1000 10 0.45 0.95
9683 1181 20 1000 10 0.45 0.95
16054 3275 20 1000 10 0.45 0.95
8023 2887 20 1000 10 0.45 0.95
44 1 20 1000 10 0.5 0.5
20 1 20 1000 10 0.5 0.5
47 1 20 1000 10 0.5 0.5
17 1 20 1000 10 0.5 0.5
46 1 20 1000 10 0.5 0.5
19 1 20 1000 10 0.5 0.5
22 1 20 1000 10 0.5 0.55
52 1 20 1000 10 0.5 0.55
41 1 20 1000 10 0.5 0.55
34 1 20 1000 10 0.5 0.55
70 2 20 1000 10 0.5 0.55
9 2 20 1000 10 0.5 0.55
16 1 20 1000 10 0.5 0.6
6 1 20 1000 10 0.5 0.6
29 1 20 1000 10 0.5 0.6
13 1 20 1000 10 0.5 0.6
19 1 20 1000 10 0.5 0.6
25 3 20 1000 10 0.5 0.6
72 2 20 1000 10 0.5 0.65
41 1 20 1000 10 0.5 0.65
68 2 20 1000 10 0.5 0.65
46 2 20 1000 10 0.5 0.65
55 1 20 1000 10 0.5 0.65
61 2 20 1000 10 0.5 0.65
55 3 20 1000 10 0.5 0.7
98 3 20 1000 10 0.5 0.7
81 2 20 1000 10 0.5 0.7
78 3 20 1000 10 0.5 0.7
155 4 20 1000 10 0.5 0.7
10 3 20 1000 10 0.5 0.7
118 3 20 1000 10 0.5 0.75
36 1 20 1000 10 0.5 0.75
206 9 20 1000 10 0.5 0.75
49 4 20 1000 10 0.5 0.75
214 10 20 1000 10 0.5 0.75
46 6 20 1000 10 0.5 0.75
1990 46 20 1000 10 0.5 0.8
149 3 20 1000 10 0.5 0.8
1516 37 20 1000 10 0.5 0.8
659 19 20 1000 10 0.5 0.8
539 14 20 1000 10 0.5 0.8
1693 65 20 1000 10 0.5 0.8
1752 45 20 1000 10 0.5 0.85
1020 44 20 1000 10 0.5 0.85
5550 302 20 1000 10 0.5 0.85
1259 94 20 1000 10 0.5 0.85
6038 339 20 1000 10 0.5 0.85
903 106 20 1000 10 0.5 0.85
5129 148 20 1000 10 0.5 0.9
26319 627 20 1000 10 0.5 0.9
30716 696 20 1000 10 0.5 0.9
2563 222 20 1000 10 0.5 0.9
35001 1571 20 1000 10 0.5 0.9
1824 666 20 1000 10 0.5 0.9
1211 104 20 1000 10 0.5 0.95
6196 549 20 1000 10 0.5 0.95
6726 536 20 1000 10 0.5 0.95
1835 249 20 1000 10 0.5 0.95
8702 850 20 1000 10 0.5 0.95
5356 1912 20 1000 10 0.5 0.95
3 1 20 1000 100 0.1 0.5
57 2 20 1000 100 0.1 0.5
39 1 20 1000 100 0.1 0.5
21 1 20 1000 100 0.1 0.5
41 1 20 1000 100 0.1 0.5
19 1 20 1000 100 0.1 0.5
28 1 20 1000 100 0.1 0.55
42 1 20 1000 100 0.1 0.55
30 1 20 1000 100 0.1 0.55
41 1 20 1000 100 0.1 0.55
41 1 20 1000 100 0.1 0.55
30 1 20 1000 100 0.1 0.55
14 1 20 1000 100 0.1 0.6
37 1 20 1000 100 0.1 0.6
35 1 20 1000 100 0.1 0.6
22 1 20 1000 100 0.1 0.6
47 1 20 1000 100 0.1 0.6
10 1 20 1000 100 0.1 0.6
5 1 20 1000 100 0.1 0.65
50 1 20 1000 100 0.1 0.65
42 1 20 1000 100 0.1 0.65
15 1 20 1000 100 0.1 0.65
41 1 20 1000 100 0.1 0.65
18 1 20 1000 100 0.1 0.65
46 1 20 1000 100 0.1 0.7
27 1 20 1000 100 0.1 0.7
26 1 20 1000 100 0.1 0.7
52 2 20 1000 100 0.1 0.7
46 1 20 1000 100 0.1 0.7
32 1 20 1000 100 0.1 0.7
74 2 20 1000 100 0.1 0.75
47 1 20 1000 100 0.1 0.75
95 3 20 1000 100 0.1 0.75
34 1 20 1000 100 0.1 0.75
51 2 20 1000 100 0.1 0.75
74 3 20 1000 100 0.1 0.75
303 9 20 1000 100 0.1 0.8
273 7 20 1000 100 0.1 0.8
422 11 20 1000 100 0.1 0.8
203 10 20 1000 100 0.1 0.8
421 11 20 1000 100 0.1 0.8
217 14 20 1000 100 0.1 0.8
981 30 20 1000 100 0.1 0.85
172 10 20 1000 100 0.1 0.85
1083 37 20 1000 100 0.1 0.85
82 7 20 1000 100 0.1 0.85
1099 29 20 1000 100 0.1 0.85
209 62 20 1000 100 0.1 0.85
6863 221 20 1000 100 0.1 0.9
5014 156 20 1000 100 0.1 0.9
10734 355 20 1000 100 0.1 0.9
8348 768 20 1000 100 0.1 0.9
21423 1997 20 1000 100 0.1 0.9
903 355 20 1000 100 0.1 0.9
2079 182 20 1000 100 0.1 0.95
1620 146 20 1000 100 0.1 0.95
2730 207 20 1000 100 0.1 0.95
2582 368 20 1000 100 0.1 0.95
6946 1173 20 1000 100 0.1 0.95
672 241 20 1000 100 0.1 0.95
41 1 20 1000 100 0.15 0.5
22 1 20 1000 100 0.15 0.5
41 1 20 1000 100 0.15 0.5
28 1 20 1000 100 0.15 0.5
42 1 20 1000 100 0.15 0.5
27 1 20 1000 100 0.15 0.5
33 1 20 1000 100 0.15 0.55
38 1 20 1000 100 0.15 0.55
31 1 20 1000 100 0.15 0.55
39 1 20 1000 100 0.15 0.55
41 1 20 1000 100 0.15 0.55
29 1 20 1000 100 0.15 0.55
14 1 20 1000 100 0.15 0.6
15 1 20 1000 100 0.15 0.6
20 1 20 1000 100 0.15 0.6
13 1 20 1000 100 0.15 0.6
32 1 20 1000 100 0.15 0.6
5 1 20 1000 100 0.15 0.6
29 1 20 1000 100 0.15 0.65
38 1 20 1000 100 0.15 0.65
44 1 20 1000 100 0.15 0.65
25 1 20 1000 100 0.15 0.65
48 1 20 1000 100 0.15 0.65
22 1 20 1000 100 0.15 0.65
24 1 20 1000 100 0.15 0.7
34 1 20 1000 100 0.15 0.7
49 1 20 1000 100 0.15 0.7
17 1 20 1000 100 0.15 0.7
47 1 20 1000 100 0.15 0.7
20 1 20 1000 100 0.15 0.7
89 3 20 1000 100 0.15 0.75
39 1 20 1000 100 0.15 0.75
59 1 20 1000 100 0.15 0.75
74 3 20 1000 100 0.15 0.75
112 4 20 1000 100 0.15 0.75
23 2 20 1000 100 0.15 0.75
178 5 20 1000 100 0.15 0.8
265 7 20 1000 100 0.15 0.8
412 11 20 1000 100 0.15 0.8
190 14 20 1000 100 0.15 0.8
225 6 20 1000 100 0.15 0.8
390 25 20 1000 100 0.15 0.8
1039 32 20 1000 100 0.15 0.85
176 6 20 1000 100 0.15 0.85
107 5 20 1000 100 0.15 0.85
1531 81 20 1000 100 0.15 0.85
1427 59 20 1000 100 0.15 0.85
564 153 20 1000 100 0.15 0.85
5795 219 20 1000 100 0.15 0.9
5045 254 20 1000 100 0.15 0.9
5031 184 20 1000 100 0.15 0.9
14380 963 20 1000 100 0.15 0.9
5859 166 20 1000 100 0.15 0.9
15780 1793 20 1000 100 0.15 0.9
2938 254 20 1000 100 0.15 0.95
1646 144 20 1000 100 0.15 0.95
3190 265 20 1000 100 0.15 0.95
2172 256 20 1000 100 0.15 0.95
7968 1437 20 1000 100 0.15 0.95
2291 823 20 1000 100 0.15 0.95
35 1 20 1000 100 0.2 0.5
31 1 20 1000 100 0.2 0.5
33 1 20 1000 100 0.2 0.5
35 1 20 1000 100 0.2 0.5
33 1 20 1000 100 0.2 0.5
35 1 20 1000 100 0.2 0.5
28 1 20 1000 100 0.2 0.55
23 1 20 1000 100 0.2 0.55
38 1 20 1000 100 0.2 0.55
16 1 20 1000 100 0.2 0.55
43 1 20 1000 100 0.2 0.55
13 1 20 1000 100 0.2 0.55
33 1 20 1000 100 0.2 0.6
44 1 20 1000 100 0.2 0.6
42 1 20 1000 100 0.2 0.6
35 1 20 1000 100 0.2 0.6
42 1 20 1000 100 0.2 0.6
35 1 20 1000 100 0.2 0.6
17 1 20 1000 100 0.2 0.65
36 1 20 1000 100 0.2 0.65
27 1 20 1000 100 0.2 0.65
30 1 20 1000 100 0.2 0.65
39 1 20 1000 100 0.2 0.65
18 1 20 1000 100 0.2 0.65
39 1 20 1000 100 0.2 0.7
38 1 20 1000 100 0.2 0.7
52 1 20 1000 100 0.2 0.7
43 2 20 1000 100 0.2 0.7
52 1 20 1000 100 0.2 0.7
43 2 20 1000 100 0.2 0.7
24 1 20 1000 100 0.2 0.75
34 1 20 1000 100 0.2 0.75
61 2 20 1000 100 0.2 0.75
9 1 20 1000 100 0.2 0.75
62 2 20 1000 100 0.2 0.75
11 2 20 1000 100 0.2 0.75
320 8 20 1000 100 0.2 0.8
265 10 20 1000 100 0.2 0.8
598 17 20 1000 100 0.2 0.8
76 8 20 1000 100 0.2 0.8
607 16 20 1000 100 0.2 0.8
96 18 20 1000 100 0.2 0.8
2949 87 20 1000 100 0.2 0.85
232 6 20 1000 100 0.2 0.85
1903 56 20 1000 100 0.2 0.85
1491 53 20 1000 100 0.2 0.85
1584 42 20 1000 100 0.2 0.85
1846 87 20 1000 100 0.2 0.85
3002 104 20 1000 100 0.2 0.9
3655 113 20 1000 100 0.2 0.9
5900 227 20 1000 100 0.2 0.9
9186 823 20 1000 100 0.2 0.9
9910 552 20 1000 100 0.2 0.9
5843 689 20 1000 100 0.2 0.9
7786 664 20 1000 100 0.2 0.95
11411 1002 20 1000 100 0.2 0.95
10388 835 20 1000 100 0.2 0.95
15240 1780 20 1000 100 0.2 0.95
9029 788 20 1000 100 0.2 0.95
19710 2956 20 1000 100 0.2 0.95
33 1 20 1000 100 0.25 0.5
31 1 20 1000 100 0.25 0.5
31 1 20 1000 100 0.25 0.5
34 1 20 1000 100 0.25 0.5
31 1 20 1000 100 0.25 0.5
34 1 20 1000 100 0.25 0.5
36 1 20 1000 100 0.25 0.55
39 1 20 1000 100 0.25 0.55
36 1 20 1000 100 0.25 0.55
39 1 20 1000 100 0.25 0.55
39 1 20 1000 100 0.25 0.55
37 1 20 1000 100 0.25 0.55
48 1 20 1000 100 0.25 0.6
34 1 20 1000 100 0.25 0.6
33 1 20 1000 100 0.25 0.6
49 1 20 1000 100 0.25 0.6
50 1 20 1000 100 0.25 0.6
33 1 20 1000 100 0.25 0.6
14 1 20 1000 100 0.25 0.65
37 1 20 1000 100 0.25 0.65
31 1 20 1000 100 0.25 0.65
26 1 20 1000 100 0.25 0.65
51 1 20 1000 100 0.25 0.65
8 1 20 1000 100 0.25 0.65
34 1 20 1000 100 0.25 0.7
33 1 20 1000 100 0.25 0.7
25 1 20 1000 100 0.25 0.7
45 1 20 1000 100 0.25 0.7
43 1 20 1000 100 0.25 0.7
27 1 20 1000 100 0.25 0.7
92 2 20 1000 100 0.25 0.75
43 1 20 1000 100 0.25 0.75
108 3 20 1000 100 0.25 0.75
40 3 20 1000 100 0.25 0.75
126 3 20 1000 100 0.25 0.75
24 3 20 1000 100 0.25 0.75
150 5 20 1000 100 0.25 0.8
175 4 20 1000 100 0.25 0.8
138 4 20 1000 100 0.25 0.8
205 6 20 1000 100 0.25 0.8
37 2 20 1000 100 0.25 0.8
325 16 20 1000 100 0.25 0.8
356 11 20 1000 100 0.25 0.85
2367 67 20 1000 100 0.25 0.85
623 17 20 1000 100 0.25 0.85
2862 115 20 1000 100 0.25 0.85
3629 194 20 1000 100 0.25 0.85
146 52 20 1000 100 0.25 0.85
4652 232 20 1000 100 0.25 0.9
1690 110 20 1000 100 0.25 0.9
7938 503 20 1000 100 0.25 0.9
1096 235 20 1000 100 0.25 0.9
5914 236 20 1000 100 0.25 0.9
3846 640 20 1000 100 0.25 0.9
9360 815 20 1000 100 0.25 0.95
7171 612 20 1000 100 0.25 0.95
6134 483 20 1000 100 0.25 0.95
12589 1180 20 1000 100 0.25 0.95
20706 2474 20 1000 100 0.25 0.95
1492 534 20 1000 100 0.25 0.95
33 1 20 1000 100 0.3 0.5
43 1 20 1000 100 0.3 0.5
32 1 20 1000 100 0.3 0.5
44 1 20 1000 100 0.3 0.5
32 1 20 1000 100 0.3 0.5
44 1 20 1000 100 0.3 0.5
39 1 20 1000 100 0.3 0.55
42 1 20 1000 100 0.3 0.55
40 1 20 1000 100 0.3 0.55
41 1 20 1000 100 0.3 0.55
31 1 20 1000 100 0.3 0.55
51 1 20 1000 100 0.3 0.55
46 1 20 1000 100 0.3 0.6
43 1 20 1000 100 0.3 0.6
43 1 20 1000 100 0.3 0.6
47 1 20 1000 100 0.3 0.6
45 1 20 1000 100 0.3 0.6
44 1 20 1000 100 0.3 0.6
4 1 20 1000 100 0.3 0.65
5 1 20 1000 100 0.3 0.65
10 1 20 1000 100 0.3 0.65
11 1 20 1000 100 0.3 0.65
15 1 20 1000 100 0.3 0.65
8 1 20 1000 100 0.3 0.65
30 1 20 1000 100 0.3 0.7
57 1 20 1000 100 0.3 0.7
79 2 20 1000 100 0.3 0.7
15 1 20 1000 100 0.3 0.7
81 2 20 1000 100 0.3 0.7
15 2 20 1000 100 0.3 0.7
78 2 20 1000 100 0.3 0.75
43 1 20 1000 100 0.3 0.75
89 2 20 1000 100 0.3 0.75
35 1 20 1000 100 0.3 0.75
115 3 20 1000 100 0.3 0.75
11 1 20 1000 100 0.3 0.75
414 11 20 1000 100 0.3 0.8
245 7 20 1000 100 0.3 0.8
511 13 20 1000 100 0.3 0.8
154 4 20 1000 100 0.3 0.8
239 6 20 1000 100 0.3 0.8
456 23 20 1000 100 0.3 0.8
230 14 20 1000 100 0.3 0.85
696 23 20 1000 100 0.3 0.85
1073 36 20 1000 100 0.3 0.85
168 16 20 1000 100 0.3 0.85
1461 136 20 1000 100 0.3 0.85
163 59 20 1000 100 0.3 0.85
6254 236 20 1000 100 0.3 0.9
7465 192 20 1000 100 0.3 0.9
852 48 20 1000 100 0.3 0.9
16624 673 20 1000 100 0.3 0.9
4287 133 20 1000 100 0.3 0.9
13955 895 20 1000 100 0.3 0.9
16118 1339 20 1000 100 0.3 0.95
15081 1276 20 1000 100 0.3 0.95
20861 1714 20 1000 100 0.3 0.95
10819 986 20 1000 100 0.3 0.95
5505 433 20 1000 100 0.3 0.95
37019 6175 20 1000 100 0.3 0.95
34 1 20 1000 100 0.35 0.5
28 1 20 1000 100 0.35 0.5
19 1 20 1000 100 0.35 0.5
44 1 20 1000 100 0.35 0.5
53 1 20 1000 100 0.35 0.5
11 1 20 1000 100 0.35 0.5
14 1 20 1000 100 0.35 0.55
44 1 20 1000 100 0.35 0.55
46 1 20 1000 100 0.35 0.55
19 1 20 1000 100 0.35 0.55
52 1 20 1000 100 0.35 0.55
13 1 20 1000 100 0.35 0.55
26 1 20 1000 100 0.35 0.6
18 1 20 1000 100 0.35 0.6
33 1 20 1000 100 0.35 0.6
20 1 20 1000 100 0.35 0.6
44 1 20 1000 100 0.35 0.6
9 1 20 1000 100 0.35 0.6
19 1 20 1000 100 0.35 0.65
37 1 20 1000 100 0.35 0.65
35 1 20 1000 100 0.35 0.65
25 1 20 1000 100 0.35 0.65
52 1 20 1000 100 0.35 0.65
10 1 20 1000 100 0.35 0.65
23 1 20 1000 100 0.35 0.7
41 1 20 1000 100 0.35 0.7
42 1 20 1000 100 0.35 0.7
28 1 20 1000 100 0.35 0.7
48 1 20 1000 100 0.35 0.7
25 2 20 1000 100 0.35 0.7
39 2 20 1000 100 0.35 0.75
45 1 20 1000 100 0.35 0.75
84 2 20 1000 100 0.35 0.75
21 4 20 1000 100 0.35 0.75
77 2 20 1000 100 0.35 0.75
31 5 20 1000 100 0.35 0.75
317 7 20 1000 100 0.35 0.8
544 14 20 1000 100 0.35 0.8
661 17 20 1000 100 0.35 0.8
251 11 20 1000 100 0.35 0.8
842 23 20 1000 100 0.35 0.8
113 21 20 1000 100 0.35 0.8
347 19 20 1000 100 0.35 0.85
1018 31 20 1000 100 0.35 0.85
695 23 20 1000 100 0.35 0.85
705 25 20 1000 100 0.35 0.85
1079 32 20 1000 100 0.35 0.85
340 23 20 1000 100 0.35 0.85
4684 268 20 1000 100 0.35 0.9
2238 115 20 1000 100 0.35 0.9
4435 164 20 1000 100 0.35 0.9
5373 379 20 1000 100 0.35 0.9
10317 687 20 1000 100 0.35 0.9
1305 475 20 1000 100 0.35 0.9
304 26 20 1000 100 0.35 0.95
2122 153 20 1000 100 0.35 0.95
856 66 20 1000 100 0.35 0.95
3666 496 20 1000 100 0.35 0.95
4091 504 20 1000 100 0.35 0.95
7480 2592 20 1000 100 0.35 0.95
4 1 20 1000 100 0.4 0.5
45 1 20 1000 100 0.4 0.5
41 1 20 1000 100 0.4 0.5
10 1 20 1000 100 0.4 0.5
45 1 20 1000 100 0.4 0.5
7 1 20 1000 100 0.4 0.5
22 1 20 1000 100 0.4 0.55
13 1 20 1000 100 0.4 0.55
37 1 20 1000 100 0.4 0.55
7 1 20 1000 100 0.4 0.55
37 1 20 1000 100 0.4 0.55
7 1 20 1000 100 0.4 0.55
48 1 20 1000 100 0.4 0.6
29 1 20 1000 100 0.4 0.6
43 1 20 1000 100 0.4 0.6
39 1 20 1000 100 0.4 0.6
48 1 20 1000 100 0.4 0.6
34 1 20 1000 100 0.4 0.6
32 1 20 1000 100 0.4 0.65
44 1 20 1000 100 0.4 0.65
44 1 20 1000 100 0.4 0.65
34 1 20 1000 100 0.4 0.65
46 1 20 1000 100 0.4 0.65
35 2 20 1000 100 0.4 0.65
76 2 20 1000 100 0.4 0.7
40 1 20 1000 100 0.4 0.7
90 2 20 1000 100 0.4 0.7
33 2 20 1000 100 0.4 0.7
89 2 20 1000 100 0.4 0.7
34 2 20 1000 100 0.4 0.7
167 4 20 1000 100 0.4 0.75
164 5 20 1000 100 0.4 0.75
204 5 20 1000 100 0.4 0.75
141 4 20 1000 100 0.4 0.75
291 8 20 1000 100 0.4 0.75
56 3 20 1000 100 0.4 0.75
410 10 20 1000 100 0.4 0.8
311 8 20 1000 100 0.4 0.8
721 23 20 1000 100 0.4 0.8
15 1 20 1000 100 0.4 0.8
650 17 20 1000 100 0.4 0.8
113 13 20 1000 100 0.4 0.8
577 14 20 1000 100 0.4 0.85
2288 55 20 1000 100 0.4 0.85
2564 64 20 1000 100 0.4 0.85
1011 65 20 1000 100 0.4 0.85
2492 62 20 1000 100 0.4 0.85
1096 71 20 1000 100 0.4 0.85
1433 103 20 1000 100 0.4 0.9
2319 89 20 1000 100 0.4 0.9
5474 271 20 1000 100 0.4 0.9
142 16 20 1000 100 0.4 0.9
5715 287 20 1000 100 0.4 0.9
1514 548 20 1000 100 0.4 0.9
18653 1528 20 1000 100 0.4 0.95
7079 603 20 1000 100 0.4 0.95
27641 2530 20 1000 100 0.4 0.95
5407 901 20 1000 100 0.4 0.95
11844 983 20 1000 100 0.4 0.95
24009 3337 20 1000 100 0.4 0.95
46 1 20 1000 100 0.45 0.5
31 1 20 1000 100 0.45 0.5
43 1 20 1000 100 0.45 0.5
36 1 20 1000 100 0.45 0.5
47 1 20 1000 100 0.45 0.5
34 1 20 1000 100 0.45 0.5
31 1 20 1000 100 0.45 0.55
31 1 20 1000 100 0.45 0.55
47 1 20 1000 100 0.45 0.55
25 1 20 1000 100 0.45 0.55
46 1 20 1000 100 0.45 0.55
26 1 20 1000 100 0.45 0.55
22 1 20 1000 100 0.45 0.6
5 1 20 1000 100 0.45 0.6
29 1 20 1000 100 0.45 0.6
13 1 20 1000 100 0.45 0.6
30 1 20 1000 100 0.45 0.6
13 1 20 1000 100 0.45 0.6
47 1 20 1000 100 0.45 0.65
24 1 20 1000 100 0.45 0.65
61 2 20 1000 100 0.45 0.65
16 1 20 1000 100 0.45 0.65
48 1 20 1000 100 0.45 0.65
29 1 20 1000 100 0.45 0.65
51 1 20 1000 100 0.45 0.7
29 1 20 1000 100 0.45 0.7
45 1 20 1000 100 0.45 0.7
41 1 20 1000 100 0.45 0.7
54 1 20 1000 100 0.45 0.7
34 2 20 1000 100 0.45 0.7
172 4 20 1000 100 0.45 0.75
156 4 20 1000 100 0.45 0.75
152 4 20 1000 100 0.45 0.75
180 5 20 1000 100 0.45 0.75
150 4 20 1000 100 0.45 0.75
188 7 20 1000 100 0.45 0.75
305 10 20 1000 100 0.45 0.8
57 2 20 1000 100 0.45 0.8
150 4 20 1000 100 0.45 0.8
248 12 20 1000 100 0.45 0.8
280 7 20 1000 100 0.45 0.8
128 12 20 1000 100 0.45 0.8
3208 72 20 1000 100 0.45 0.85
2228 51 20 1000 100 0.45 0.85
4130 108 20 1000 100 0.45 0.85
1454 47 20 1000 100 0.45 0.85
5624 166 20 1000 100 0.45 0.85
180 63 20 1000 100 0.45 0.85
1873 75 20 1000 100 0.45 0.9
6519 246 20 1000 100 0.45 0.9
17303 1011 20 1000 100 0.45 0.9
1570 196 20 1000 100 0.45 0.9
17932 1002 20 1000 100 0.45 0.9
1174 223 20 1000 100 0.45 0.9
8712 716 20 1000 100 0.45 0.95
1694 134 20 1000 100 0.45 0.95
183 15 20 1000 100 0.45 0.95
19473 2351 20 1000 100 0.45 0.95
8159 690 20 1000 100 0.45 0.95
11637 1728 20 1000 100 0.45 0.95
37 1 20 1000 100 0.5 0.5
28 1 20 1000 100 0.5 0.5
44 1 20 1000 100 0.5 0.5
28 1 20 1000 100 0.5 0.5
45 1 20 1000 100 0.5 0.5
27 1 20 1000 100 0.5 0.5
32 1 20 1000 100 0.5 0.55
39 1 20 1000 100 0.5 0.55
46 1 20 1000 100 0.5 0.55
28 1 20 1000 100 0.5 0.55
49 1 20 1000 100 0.5 0.55
26 1 20 1000 100 0.5 0.55
17 1 20 1000 100 0.5 0.6
39 1 20 1000 100 0.5 0.6
49 1 20 1000 100 0.5 0.6
19 1 20 1000 100 0.5 0.6
50 1 20 1000 100 0.5 0.6
19 1 20 1000 100 0.5 0.6
39 1 20 1000 100 0.5 0.65
42 1 20 1000 100 0.5 0.65
36 1 20 1000 100 0.5 0.65
46 1 20 1000 100 0.5 0.65
39 1 20 1000 100 0.5 0.65
47 2 20 1000 100 0.5 0.65
37 1 20 1000 100 0.5 0.7
42 1 20 1000 100 0.5 0.7
62 2 20 1000 100 0.5 0.7
28 1 20 1000 100 0.5 0.7
87 2 20 1000 100 0.5 0.7
9 2 20 1000 100 0.5 0.7
97 2 20 1000 100 0.5 0.75
40 1 20 1000 100 0.5 0.75
160 5 20 1000 100 0.5 0.75
63 6 20 1000 100 0.5 0.75
184 8 20 1000 100 0.5 0.75
39 3 20 1000 100 0.5 0.75
456 11 20 1000 100 0.5 0.8
303 7 20 1000 100 0.5 0.8
197 6 20 1000 100 0.5 0.8
627 21 20 1000 100 0.5 0.8
785 21 20 1000 100 0.5 0.8
81 20 20 1000 100 0.5 0.8
326 21 20 1000 100 0.5 0.85
269 11 20 1000 100 0.5 0.85
431 19 20 1000 100 0.5 0.85
1377 95 20 1000 100 0.5 0.85
1862 130 20 1000 100 0.5 0.85
355 123 20 1000 100 0.5 0.85
2346 69 20 1000 100 0.5 0.9
30940 773 20 1000 100 0.5 0.9
25785 610 20 1000 100 0.5 0.9
10218 547 20 1000 100 0.5 0.9
36517 1210 20 1000 100 0.5 0.9
1097 396 20 1000 100 0.5 0.9
8944 741 20 1000 100 0.5 0.95
2316 191 20 1000 100 0.5 0.95
270 25 20 1000 100 0.5 0.95
15242 1646 20 1000 100 0.5 0.95
15376 1638 20 1000 100 0.5 0.95
675 211 20 1000 100 0.5 0.95
41 1 20 1000 1000 0.1 0.5
40 1 20 1000 1000 0.1 0.5
42 1 20 1000 1000 0.1 0.5
39 1 20 1000 1000 0.1 0.5
41 1 20 1000 1000 0.1 0.5
40 1 20 1000 1000 0.1 0.5
13 1 20 1000 1000 0.1 0.55
43 1 20 1000 1000 0.1 0.55
29 1 20 1000 1000 0.1 0.55
29 1 20 1000 1000 0.1 0.55
45 1 20 1000 1000 0.1 0.55
15 1 20 1000 1000 0.1 0.55
31 1 20 1000 1000 0.1 0.6
22 1 20 1000 1000 0.1 0.6
46 1 20 1000 1000 0.1 0.6
13 1 20 1000 1000 0.1 0.6
44 1 20 1000 1000 0.1 0.6
16 1 20 1000 1000 0.1 0.6
44 1 20 1000 1000 0.1 0.65
20 1 20 1000 1000 0.1 0.65
42 1 20 1000 1000 0.1 0.65
25 1 20 1000 1000 0.1 0.65
42 1 20 1000 1000 0.1 0.65
25 1 20 1000 1000 0.1 0.65
23 1 20 1000 1000 0.1 0.7
49 1 20 1000 1000 0.1 0.7
42 1 20 1000 1000 0.1 0.7
46 2 20 1000 1000 0.1 0.7
72 2 20 1000 1000 0.1 0.7
17 1 20 1000 1000 0.1 0.7
75 2 20 1000 1000 0.1 0.75
86 2 20 1000 1000 0.1 0.75
63 2 20 1000 1000 0.1 0.75
116 4 20 1000 1000 0.1 0.75
162 4 20 1000 1000 0.1 0.75
19 2 20 1000 1000 0.1 0.75
44 1 20 1000 1000 0.1 0.8
95 2 20 1000 1000 0.1 0.8
147 7 20 1000 1000 0.1 0.8
47 7 20 1000 1000 0.1 0.8
171 8 20 1000 1000 0.1 0.8
26 4 20 1000 1000 0.1 0.8
459 18 20 1000 1000 0.1 0.85
226 7 20 1000 1000 0.1 0.85
713 27 20 1000 1000 0.1 0.85
378 48 20 1000 1000 0.1 0.85
1171 87 20 1000 1000 0.1 0.85
452 129 20 1000 1000 0.1 0.85
295 23 20 1000 1000 0.1 0.9
1227 43 20 1000 1000 0.1 0.9
1842 139 20 1000 1000 0.1 0.9
118 20 20 1000 1000 0.1 0.9
3847 650 20 1000 1000 0.1 0.9
1394 449 20 1000 1000 0.1 0.9
3198 261 20 1000 1000 0.1 0.95
3659 302 20 1000 1000 0.1 0.95
2744 231 20 1000 1000 0.1 0.95
5212 552 20 1000 1000 0.1 0.95
3056 252 20 1000 1000 0.1 0.95
5575 772 20 1000 1000 0.1 0.95
16 1 20 1000 1000 0.15 0.5
41 1 20 1000 1000 0.15 0.5
28 1 20 1000 1000 0.15 0.5
30 1 20 1000 1000 0.15 0.5
43 1 20 1000 1000 0.15 0.5
17 1 20 1000 1000 0.15 0.5
40 1 20 1000 1000 0.15 0.55
44 1 20 1000 1000 0.15 0.55
44 1 20 1000 1000 0.15 0.55
41 1 20 1000 1000 0.15 0.55
41 1 20 1000 1000 0.15 0.55
44 1 20 1000 1000 0.15 0.55
29 1 20 1000 1000 0.15 0.6
41 1 20 1000 1000 0.15 0.6
45 1 20 1000 1000 0.15 0.6
29 1 20 1000 1000 0.15 0.6
46 1 20 1000 1000 0.15 0.6
28 1 20 1000 1000 0.15 0.6
40 1 20 1000 1000 0.15 0.65
37 1 20 1000 1000 0.15 0.65
45 1 20 1000 1000 0.15 0.65
32 1 20 1000 1000 0.15 0.65
46 1 20 1000 1000 0.15 0.65
32 1 20 1000 1000 0.15 0.65
20 1 20 1000 1000 0.15 0.7
41 1 20 1000 1000 0.15 0.7
21 1 20 1000 1000 0.15 0.7
42 1 20 1000 1000 0.15 0.7
61 1 20 1000 1000 0.15 0.7
4 1 20 1000 1000 0.15 0.7
51 1 20 1000 1000 0.15 0.75
118 3 20 1000 1000 0.15 0.75
111 3 20 1000 1000 0.15 0.75
73 3 20 1000 1000 0.15 0.75
130 3 20 1000 1000 0.15 0.75
54 2 20 1000 1000 0.15 0.75
119 4 20 1000 1000 0.15 0.8
308 9 20 1000 1000 0.15 0.8
429 15 20 1000 1000 0.15 0.8
73 15 20 1000 1000 0.15 0.8
474 22 20 1000 1000 0.15 0.8
38 8 20 1000 1000 0.15 0.8
1210 31 20 1000 1000 0.15 0.85
190 10 20 1000 1000 0.15 0.85
929 24 20 1000 1000 0.15 0.85
742 55 20 1000 1000 0.15 0.85
1708 78 20 1000 1000 0.15 0.85
40 14 20 1000 1000 0.15 0.85
9140 289 20 1000 1000 0.15 0.9
5994 185 20 1000 1000 0.15 0.9
10198 278 20 1000 1000 0.15 0.9
6040 263 20 1000 1000 0.15 0.9
14486 424 20 1000 1000 0.15 0.9
2992 524 20 1000 1000 0.15 0.9
202 19 20 1000 1000 0.15 0.95
2040 183 20 1000 1000 0.15 0.95
2338 181 20 1000 1000 0.15 0.95
8622 1391 20 1000 1000 0.15 0.95
14040 2677 20 1000 1000 0.15 0.95
453 164 20 1000 1000 0.15 0.95
10 1 20 1000 1000 0.2 0.5
40 1 20 1000 1000 0.2 0.5
10 1 20 1000 1000 0.2 0.5
40 1 20 1000 1000 0.2 0.5
50 1 20 1000 1000 0.2 0.5
4 1 20 1000 1000 0.2 0.5
43 1 20 1000 1000 0.2 0.55
39 1 20 1000 1000 0.2 0.55
40 1 20 1000 1000 0.2 0.55
43 1 20 1000 1000 0.2 0.55
44 1 20 1000 1000 0.2 0.55
39 1 20 1000 1000 0.2 0.55
43 1 20 1000 1000 0.2 0.6
28 1 20 1000 1000 0.2 0.6
44 1 20 1000 1000 0.2 0.6
28 1 20 1000 1000 0.2 0.6
32 1 20 1000 1000 0.2 0.6
40 1 20 1000 1000 0.2 0.6
38 1 20 1000 1000 0.2 0.65
45 1 20 1000 1000 0.2 0.65
44 1 20 1000 1000 0.2 0.65
39 1 20 1000 1000 0.2 0.65
47 1 20 1000 1000 0.2 0.65
37 1 20 1000 1000 0.2 0.65
37 1 20 1000 1000 0.2 0.7
45 1 20 1000 1000 0.2 0.7
63 2 20 1000 1000 0.2 0.7
25 1 20 1000 1000 0.2 0.7
48 1 20 1000 1000 0.2 0.7
42 2 20 1000 1000 0.2 0.7
127 4 20 1000 1000 0.2 0.75
83 2 20 1000 1000 0.2 0.75
140 3 20 1000 1000 0.2 0.75
77 2 20 1000 1000 0.2 0.75
81 2 20 1000 1000 0.2 0.75
136 4 20 1000 1000 0.2 0.75
170 6 20 1000 1000 0.2 0.8
125 3 20 1000 1000 0.2 0.8
295 8 20 1000 1000 0.2 0.8
119 13 20 1000 1000 0.2 0.8
426 20 20 1000 1000 0.2 0.8
38 13 20 1000 1000 0.2 0.8
1602 43 20 1000 1000 0.2 0.85
1174 38 20 1000 1000 0.2 0.85
3494 133 20 1000 1000 0.2 0.85
144 20 20 1000 1000 0.2 0.85
3669 150 20 1000 1000 0.2 0.85
18 6 20 1000 1000 0.2 0.85
5250 301 20 1000 1000 0.2 0.9
1107 30 20 1000 1000 0.2 0.9
11001 734 20 1000 1000 0.2 0.9
777 98 20 1000 1000 0.2 0.9
9804 529 20 1000 1000 0.2 0.9
2392 362 20 1000 1000 0.2 0.9
27870 2247 20 1000 1000 0.2 0.95
1427 100 20 1000 1000 0.2 0.95
9778 859 20 1000 1000 0.2 0.95
25567 2716 20 1000 1000 0.2 0.95
339 28 20 1000 1000 0.2 0.95
37021 4195 20 1000 1000 0.2 0.95
35 1 20 1000 1000 0.25 0.5
4 1 20 1000 1000 0.25 0.5
40 1 20 1000 1000 0.25 0.5
15 1 20 1000 1000 0.25 0.5
41 1 20 1000 1000 0.25 0.5
15 1 20 1000 1000 0.25 0.5
44 1 20 1000 1000 0.25 0.55
35 1 20 1000 1000 0.25 0.55
37 1 20 1000 1000 0.25 0.55
41 1 20 1000 1000 0.25 0.55
44 1 20 1000 1000 0.25 0.55
35 1 20 1000 1000 0.25 0.55
39 1 20 1000 1000 0.25 0.6
37 1 20 1000 1000 0.25 0.6
35 1 20 1000 1000 0.25 0.6
43 1 20 1000 1000 0.25 0.6
46 1 20 1000 1000 0.25 0.6
32 1 20 1000 1000 0.25 0.6
20 1 20 1000 1000 0.25 0.65
37 1 20 1000 1000 0.25 0.65
23 1 20 1000 1000 0.25 0.65
35 1 20 1000 1000 0.25 0.65
42 1 20 1000 1000 0.25 0.65
18 1 20 1000 1000 0.25 0.65
39 1 20 1000 1000 0.25 0.7
22 1 20 1000 1000 0.25 0.7
46 1 20 1000 1000 0.25 0.7
18 1 20 1000 1000 0.25 0.7
60 2 20 1000 1000 0.25 0.7
6 1 20 1000 1000 0.25 0.7
72 2 20 1000 1000 0.25 0.75
111 3 20 1000 1000 0.25 0.75
94 2 20 1000 1000 0.25 0.75
100 3 20 1000 1000 0.25 0.75
127 3 20 1000 1000 0.25 0.75
76 6 20 1000 1000 0.25 0.75
205 5 20 1000 1000 0.25 0.8
64 2 20 1000 1000 0.25 0.8
310 15 20 1000 1000 0.25 0.8
15 1 20 1000 1000 0.25 0.8
347 19 20 1000 1000 0.25 0.8
9 3 20 1000 1000 0.25 0.8
28 1 20 1000 1000 0.25 0.85
1991 55 20 1000 1000 0.25 0.85
383 14 20 1000 1000 0.25 0.85
1640 47 20 1000 1000 0.25 0.85
1117 31 20 1000 1000 0.25 0.85
1359 142 20 1000 1000 0.25 0.85
1647 66 20 1000 1000 0.25 0.9
2755 140 20 1000 1000 0.25 0.9
5271 324 20 1000 1000 0.25 0.9
2320 256 20 1000 1000 0.25 0.9
8065 596 20 1000 1000 0.25 0.9
985 294 20 1000 1000 0.25 0.9
10157 857 20 1000 1000 0.25 0.95
5237 445 20 1000 1000 0.25 0.95
20617 2191 20 1000 1000 0.25 0.95
622 107 20 1000 1000 0.25 0.95
5653 481 20 1000 1000 0.25 0.95
16298 1878 20 1000 1000 0.25 0.95
48 1 20 1000 1000 0.3 0.5
18 1 20 1000 1000 0.3 0.5
42 1 20 1000 1000 0.3 0.5
26 1 20 1000 1000 0.3 0.5
42 1 20 1000 1000 0.3 0.5
27 1 20 1000 1000 0.3 0.5
31 1 20 1000 1000 0.3 0.55
37 1 20 1000 1000 0.3 0.55
30 1 20 1000 1000 0.3 0.55
41 1 20 1000 1000 0.3 0.55
38 1 20 1000 1000 0.3 0.55
30 1 20 1000 1000 0.3 0.55
26 1 20 1000 1000 0.3 0.6
30 1 20 1000 1000 0.3 0.6
29 1 20 1000 1000 0.3 0.6
28 1 20 1000 1000 0.3 0.6
41 1 20 1000 1000 0.3 0.6
18 1 20 1000 1000 0.3 0.6
36 1 20 1000 1000 0.3 0.65
43 1 20 1000 1000 0.3 0.65
52 1 20 1000 1000 0.3 0.65
30 1 20 1000 1000 0.3 0.65
47 1 20 1000 1000 0.3 0.65
34 1 20 1000 1000 0.3 0.65
82 2 20 1000 1000 0.3 0.7
14 1 20 1000 1000 0.3 0.7
93 2 20 1000 1000 0.3 0.7
9 1 20 1000 1000 0.3 0.7
75 2 20 1000 1000 0.3 0.7
28 2 20 1000 1000 0.3 0.7
90 2 20 1000 1000 0.3 0.75
130 3 20 1000 1000 0.3 0.75
85 2 20 1000 1000 0.3 0.75
136 3 20 1000 1000 0.3 0.75
145 3 20 1000 1000 0.3 0.75
84 5 20 1000 1000 0.3 0.75
59 2 20 1000 1000 0.3 0.8
458 12 20 1000 1000 0.3 0.8
335 8 20 1000 1000 0.3 0.8
188 5 20 1000 1000 0.3 0.8
524 14 20 1000 1000 0.3 0.8
63 20 20 1000 1000 0.3 0.8
1623 47 20 1000 1000 0.3 0.85
925 29 20 1000 1000 0.3 0.85
780 20 20 1000 1000 0.3 0.85
1775 52 20 1000 1000 0.3 0.85
2598 78 20 1000 1000 0.3 0.85
9 3 20 1000 1000 0.3 0.85
752 46 20 1000 1000 0.3 0.9
565 24 20 1000 1000 0.3 0.9
2510 181 20 1000 1000 0.3 0.9
102 17 20 1000 1000 0.3 0.9
3284 442 20 1000 1000 0.3 0.9
21 7 20 1000 1000 0.3 0.9
2784 223 20 1000 1000 0.3 0.95
8793 759 20 1000 1000 0.3 0.95
6232 499 20 1000 1000 0.3 0.95
6200 554 20 1000 1000 0.3 0.95
14034 1744 20 1000 1000 0.3 0.95
1844 671 20 1000 1000 0.3 0.95
37 1 20 1000 1000 0.35 0.5
49 1 20 1000 1000 0.35 0.5
46 1 20 1000 1000 0.35 0.5
41 1 20 1000 1000 0.35 0.5
45 1 20 1000 1000 0.35 0.5
43 1 20 1000 1000 0.35 0.5
45 1 20 1000 1000 0.35 0.55
41 1 20 1000 1000 0.35 0.55
45 1 20 1000 1000 0.35 0.55
43 1 20 1000 1000 0.35 0.55
48 1 20 1000 1000 0.35 0.55
40 1 20 1000 1000 0.35 0.55
18 1 20 1000 1000 0.35 0.6
36 1 20 1000 1000 0.35 0.6
36 1 20 1000 1000 0.35 0.6
26 1 20 1000 1000 0.35 0.6
39 1 20 1000 1000 0.35 0.6
25 1 20 1000 1000 0.35 0.6
38 1 20 1000 1000 0.35 0.65
17 1 20 1000 1000 0.35 0.65
42 1 20 1000 1000 0.35 0.65
15 1 20 1000 1000 0.35 0.65
38 1 20 1000 1000 0.35 0.65
20 1 20 1000 1000 0.35 0.65
34 1 20 1000 1000 0.35 0.7
74 2 20 1000 1000 0.35 0.7
50 1 20 1000 1000 0.35 0.7
59 2 20 1000 1000 0.35 0.7
92 2 20 1000 1000 0.35 0.7
19 1 20 1000 1000 0.35 0.7
148 3 20 1000 1000 0.35 0.75
170 4 20 1000 1000 0.35 0.75
312 8 20 1000 1000 0.35 0.75
18 1 20 1000 1000 0.35 0.75
187 4 20 1000 1000 0.35 0.75
147 6 20 1000 1000 0.35 0.75
474 16 20 1000 1000 0.35 0.8
106 3 20 1000 1000 0.35 0.8
350 10 20 1000 1000 0.35 0.8
260 9 20 1000 1000 0.35 0.8
513 14 20 1000 1000 0.35 0.8
134 17 20 1000 1000 0.35 0.8
2263 61 20 1000 1000 0.35 0.85
1135 39 20 1000 1000 0.35 0.85
3541 115 20 1000 1000 0.35 0.85
499 42 20 1000 1000 0.35 0.85
3232 86 20 1000 1000 0.35 0.85
951 99 20 1000 1000 0.35 0.85
2985 222 20 1000 1000 0.35 0.9
1377 54 20 1000 1000 0.35 0.9
2378 87 20 1000 1000 0.35 0.9
2412 206 20 1000 1000 0.35 0.9
6553 735 20 1000 1000 0.35 0.9
227 80 20 1000 1000 0.35 0.9
15248 1266 20 1000 1000 0.35 0.95
2773 242 20 1000 1000 0.35 0.95
30825 3570 20 1000 1000 0.35 0.95
319 60 20 1000 1000 0.35 0.95
8873 743 20 1000 1000 0.35 0.95
22626 3103 20 1000 1000 0.35 0.95
37 1 20 1000 1000 0.4 0.5
28 1 20 1000 1000 0.4 0.5
37 1 20 1000 1000 0.4 0.5
29 1 20 1000 1000 0.4 0.5
42 1 20 1000 1000 0.4 0.5
25 1 20 1000 1000 0.4 0.5
38 1 20 1000 1000 0.4 0.55
31 1 20 1000 1000 0.4 0.55
45 1 20 1000 1000 0.4 0.55
26 1 20 1000 1000 0.4 0.55
31 1 20 1000 1000 0.4 0.55
41 1 20 1000 1000 0.4 0.55
45 1 20 1000 1000 0.4 0.6
18 1 20 1000 1000 0.4 0.6
50 1 20 1000 1000 0.4 0.6
21 1 20 1000 1000 0.4 0.6
52 1 20 1000 1000 0.4 0.6
20 1 20 1000 1000 0.4 0.6
37 1 20 1000 1000 0.4 0.65
36 1 20 1000 1000 0.4 0.65
54 1 20 1000 1000 0.4 0.65
23 1 20 1000 1000 0.4 0.65
67 2 20 1000 1000 0.4 0.65
11 1 20 1000 1000 0.4 0.65
41 1 20 1000 1000 0.4 0.7
42 1 20 1000 1000 0.4 0.7
46 1 20 1000 1000 0.4 0.7
49 2 20 1000 1000 0.4 0.7
86 2 20 1000 1000 0.4 0.7
13 2 20 1000 1000 0.4 0.7
83 2 20 1000 1000 0.4 0.75
23 1 20 1000 1000 0.4 0.75
83 2 20 1000 1000 0.4 0.75
50 2 20 1000 1000 0.4 0.75
91 2 20 1000 1000 0.4 0.75
59 8 20 1000 1000 0.4 0.75
124 3 20 1000 1000 0.4 0.8
634 15 20 1000 1000 0.4 0.8
371 10 20 1000 1000 0.4 0.8
388 10 20 1000 1000 0.4 0.8
517 16 20 1000 1000 0.4 0.8
297 24 20 1000 1000 0.4 0.8
1168 27 20 1000 1000 0.4 0.85
312 12 20 1000 1000 0.4 0.85
1691 63 20 1000 1000 0.4 0.85
149 16 20 1000 1000 0.4 0.85
93 2 20 1000 1000 0.4 0.85
1759 71 20 1000 1000 0.4 0.85
9605 286 20 1000 1000 0.4 0.9
2908 191 20 1000 1000 0.4 0.9
20989 1049 20 1000 1000 0.4 0.9
117 19 20 1000 1000 0.4 0.9
23447 1799 20 1000 1000 0.4 0.9
1098 326 20 1000 1000 0.4 0.9
4184 354 20 1000 1000 0.4 0.95
505 42 20 1000 1000 0.4 0.95
3881 300 20 1000 1000 0.4 0.95
4647 704 20 1000 1000 0.4 0.95
15461 3556 20 1000 1000 0.4 0.95
3379 1216 20 1000 1000 0.4 0.95
17 1 20 1000 1000 0.45 0.5
30 1 20 1000 1000 0.45 0.5
47 1 20 1000 1000 0.45 0.5
17 1 20 1000 1000 0.45 0.5
45 1 20 1000 1000 0.45 0.5
19 1 20 1000 1000 0.45 0.5
36 1 20 1000 1000 0.45 0.55
17 1 20 1000 1000 0.45 0.55
47 1 20 1000 1000 0.45 0.55
10 1 20 1000 1000 0.45 0.55
44 1 20 1000 1000 0.45 0.55
15 1 20 1000 1000 0.45 0.55
35 1 20 1000 1000 0.45 0.6
54 1 20 1000 1000 0.45 0.6
46 1 20 1000 1000 0.45 0.6
44 1 20 1000 1000 0.45 0.6
50 1 20 1000 1000 0.45 0.6
40 1 20 1000 1000 0.45 0.6
49 1 20 1000 1000 0.45 0.65
31 1 20 1000 1000 0.45 0.65
41 1 20 1000 1000 0.45 0.65
40 1 20 1000 1000 0.45 0.65
63 2 20 1000 1000 0.45 0.65
19 1 20 1000 1000 0.45 0.65
25 2 20 1000 1000 0.45 0.7
38 1 20 1000 1000 0.45 0.7
70 2 20 1000 1000 0.45 0.7
16 1 20 1000 1000 0.45 0.7
69 2 20 1000 1000 0.45 0.7
19 2 20 1000 1000 0.45 0.7
118 3 20 1000 1000 0.45 0.75
115 2 20 1000 1000 0.45 0.75
47 1 20 1000 1000 0.45 0.75
194 6 20 1000 1000 0.45 0.75
131 3 20 1000 1000 0.45 0.75
116 6 20 1000 1000 0.45 0.75
682 17 20 1000 1000 0.45 0.8
239 6 20 1000 1000 0.45 0.8
352 8 20 1000 1000 0.45 0.8
593 18 20 1000 1000 0.45 0.8
973 33 20 1000 1000 0.45 0.8
13 4 20 1000 1000 0.45 0.8
3531 88 20 1000 1000 0.45 0.85
1192 35 20 1000 1000 0.45 0.85
2697 71 20 1000 1000 0.45 0.85
2407 82 20 1000 1000 0.45 0.85
3781 100 20 1000 1000 0.45 0.85
1355 59 20 1000 1000 0.45 0.85
2590 174 20 1000 1000 0.45 0.9
10547 283 20 1000 1000 0.45 0.9
14653 502 20 1000 1000 0.45 0.9
5748 623 20 1000 1000 0.45 0.9
14752 573 20 1000 1000 0.45 0.9
7671 1158 20 1000 1000 0.45 0.9
4602 380 20 1000 1000 0.45 0.95
580 50 20 1000 1000 0.45 0.95
6646 687 20 1000 1000 0.45 0.95
6272 1026 20 1000 1000 0.45 0.95
14847 2389 20 1000 1000 0.45 0.95
2781 992 20 1000 1000 0.45 0.95
48 1 20 1000 1000 0.5 0.5
39 1 20 1000 1000 0.5 0.5
42 1 20 1000 1000 0.5 0.5
50 1 20 1000 1000 0.5 0.5
46 1 20 1000 1000 0.5 0.5
47 1 20 1000 1000 0.5 0.5
26 1 20 1000 1000 0.5 0.55
36 1 20 1000 1000 0.5 0.55
45 1 20 1000 1000 0.5 0.55
18 1 20 1000 1000 0.5 0.55
49 1 20 1000 1000 0.5 0.55
16 1 20 1000 1000 0.5 0.55
30 1 20 1000 1000 0.5 0.6
26 1 20 1000 1000 0.5 0.6
45 1 20 1000 1000 0.5 0.6
23 1 20 1000 1000 0.5 0.6
54 1 20 1000 1000 0.5 0.6
14 1 20 1000 1000 0.5 0.6
7 2 20 1000 1000 0.5 0.65
52 1 20 1000 1000 0.5 0.65
35 1 20 1000 1000 0.5 0.65
31 1 20 1000 1000 0.5 0.65
52 1 20 1000 1000 0.5 0.65
17 2 20 1000 1000 0.5 0.65
74 2 20 1000 1000 0.5 0.7
13 1 20 1000 1000 0.5 0.7
63 2 20 1000 1000 0.5 0.7
26 1 20 1000 1000 0.5 0.7
84 2 20 1000 1000 0.5 0.7
14 3 20 1000 1000 0.5 0.7
86 2 20 1000 1000 0.5 0.75
269 7 20 1000 1000 0.5 0.75
266 6 20 1000 1000 0.5 0.75
97 3 20 1000 1000 0.5 0.75
351 8 20 1000 1000 0.5 0.75
22 4 20 1000 1000 0.5 0.75
559 13 20 1000 1000 0.5 0.8
328 7 20 1000 1000 0.5 0.8
973 29 20 1000 1000 0.5 0.8
33 3 20 1000 1000 0.5 0.8
490 13 20 1000 1000 0.5 0.8
533 26 20 1000 1000 0.5 0.8
1381 43 20 1000 1000 0.5 0.85
1090 37 20 1000 1000 0.5 0.85
1063 27 20 1000 1000 0.5 0.85
1531 52 20 1000 1000 0.5 0.85
2595 71 20 1000 1000 0.5 0.85
36 11 20 1000 1000 0.5 0.85
774 57 20 1000 1000 0.5 0.9
2812 68 20 1000 1000 0.5 0.9
5426 262 20 1000 1000 0.5 0.9
1826 228 20 1000 1000 0.5 0.9
7356 473 20 1000 1000 0.5 0.9
2237 714 20 1000 1000 0.5 0.9
4508 349 20 1000 1000 0.5 0.95
1449 132 20 1000 1000 0.5 0.95
2932 259 20 1000 1000 0.5 0.95
5886 754 20 1000 1000 0.5 0.95
17540 4151 20 1000 1000 0.5 0.95
772 274 20 1000 1000 0.5 0.95
