35 99 30 10 10 0.1 0.5
15 45 30 10 10 0.1 0.5
49 63 30 10 10 0.1 0.5
10 76 30 10 10 0.1 0.5
43 123 30 10 10 0.1 0.5
18 152 30 10 10 0.1 0.5
17 33 30 10 10 0.1 0.55
1 35 30 10 10 0.1 0.55
9 25 30 10 10 0.1 0.55
10 41 30 10 10 0.1 0.55
8 20 30 10 10 0.1 0.55
11 45 30 10 10 0.1 0.55
4 25 30 10 10 0.1 0.6
16 46 30 10 10 0.1 0.6
22 76 30 10 10 0.1 0.6
4 30 30 10 10 0.1 0.6
20 41 30 10 10 0.1 0.6
6 62 30 10 10 0.1 0.6
14 38 30 10 10 0.1 0.65
6 16 30 10 10 0.1 0.65
19 52 30 10 10 0.1 0.65
7 42 30 10 10 0.1 0.65
26 72 30 10 10 0.1 0.65
1 24 30 10 10 0.1 0.65
32 79 30 10 10 0.1 0.7
13 37 30 10 10 0.1 0.7
11 25 30 10 10 0.1 0.7
39 104 30 10 10 0.1 0.7
18 27 30 10 10 0.1 0.7
712 16932 30 10 10 0.1 0.7
10 33 30 10 10 0.1 0.75
11 37 30 10 10 0.1 0.75
10 38 30 10 10 0.1 0.75
14 50 30 10 10 0.1 0.75
18 26 30 10 10 0.1 0.75
50 1203 30 10 10 0.1 0.75
33 74 30 10 10 0.1 0.8
9 56 30 10 10 0.1 0.8
43 78 30 10 10 0.1 0.8
32 428 30 10 10 0.1 0.8
558 12677 30 10 10 0.1 0.8
0 14 30 10 10 0.1 0.8
42 72 30 10 10 0.1 0.85
1557 2653 30 10 10 0.1 0.85
1942 5115 30 10 10 0.1 0.85
37 212 30 10 10 0.1 0.85
31803 753387 30 10 10 0.1 0.85
208 5135 30 10 10 0.1 0.85
26 47 30 10 10 0.1 0.9
70 169 30 10 10 0.1 0.9
9218 52747 30 10 10 0.1 0.9
697 3966 30 10 10 0.1 0.9
10800 79608 30 10 10 0.1 0.9
2 36 30 10 10 0.1 0.9
83 205 30 10 10 0.1 0.95
9976 19005 30 10 10 0.1 0.95
36035 183185 30 10 10 0.1 0.95
14 81 30 10 10 0.1 0.95
36969 204753 30 10 10 0.1 0.95
594 15113 30 10 10 0.1 0.95
21 54 30 10 10 0.15 0.5
14 38 30 10 10 0.15 0.5
24 66 30 10 10 0.15 0.5
13 46 30 10 10 0.15 0.5
39 93 30 10 10 0.15 0.5
2 51 30 10 10 0.15 0.5
6 38 30 10 10 0.15 0.55
16 40 30 10 10 0.15 0.55
14 58 30 10 10 0.15 0.55
11 43 30 10 10 0.15 0.55
23 40 30 10 10 0.15 0.55
2 30 30 10 10 0.15 0.55
11 26 30 10 10 0.15 0.6
16 40 30 10 10 0.15 0.6
13 33 30 10 10 0.15 0.6
20 72 30 10 10 0.15 0.6
33 83 30 10 10 0.15 0.6
9 254 30 10 10 0.15 0.6
16 38 30 10 10 0.15 0.65
8 19 30 10 10 0.15 0.65
28 85 30 10 10 0.15 0.65
3 24 30 10 10 0.15 0.65
26 52 30 10 10 0.15 0.65
11 144 30 10 10 0.15 0.65
3 40 30 10 10 0.15 0.7
33 90 30 10 10 0.15 0.7
2 21 30 10 10 0.15 0.7
399 3353 30 10 10 0.15 0.7
698 10615 30 10 10 0.15 0.7
25 644 30 10 10 0.15 0.7
1 37 30 10 10 0.15 0.75
15 46 30 10 10 0.15 0.75
37 181 30 10 10 0.15 0.75
4 31 30 10 10 0.15 0.75
3044 73335 30 10 10 0.15 0.75
2 47 30 10 10 0.15 0.75
10 22 30 10 10 0.15 0.8
15 41 30 10 10 0.15 0.8
36 117 30 10 10 0.15 0.8
33 199 30 10 10 0.15 0.8
439 9432 30 10 10 0.15 0.8
43 1033 30 10 10 0.15 0.8
27 57 30 10 10 0.15 0.85
313 564 30 10 10 0.15 0.85
3901 20958 30 10 10 0.15 0.85
125 695 30 10 10 0.15 0.85
6761 88291 30 10 10 0.15 0.85
98 2464 30 10 10 0.15 0.85
52913 93914 30 10 10 0.15 0.9
56038 100760 30 10 10 0.15 0.9
87873 160254 30 10 10 0.15 0.9
82919 409007 30 10 10 0.15 0.9
54859 97671 30 10 10 0.15 0.9
138299 1027839 30 10 10 0.15 0.9
190806 343286 30 10 10 0.15 0.95
138 250 30 10 10 0.15 0.95
46858 84818 30 10 10 0.15 0.95
152250 309728 30 10 10 0.15 0.95
8932 15236 30 10 10 0.15 0.95
192821 448453 30 10 10 0.15 0.95
18 58 30 10 10 0.2 0.5
4 11 30 10 10 0.2 0.5
19 48 30 10 10 0.2 0.5
7 35 30 10 10 0.2 0.5
25 80 30 10 10 0.2 0.5
6 148 30 10 10 0.2 0.5
15 59 30 10 10 0.2 0.55
5 13 30 10 10 0.2 0.55
10 95 30 10 10 0.2 0.55
13 59 30 10 10 0.2 0.55
22 54 30 10 10 0.2 0.55
2 26 30 10 10 0.2 0.55
31 75 30 10 10 0.2 0.6
14 32 30 10 10 0.2 0.6
510 2963 30 10 10 0.2 0.6
3 27 30 10 10 0.2 0.6
697 7298 30 10 10 0.2 0.6
2 63 30 10 10 0.2 0.6
26 55 30 10 10 0.2 0.65
15 34 30 10 10 0.2 0.65
44 106 30 10 10 0.2 0.65
14 91 30 10 10 0.2 0.65
58 182 30 10 10 0.2 0.65
3 74 30 10 10 0.2 0.65
18 29 30 10 10 0.2 0.7
42 98 30 10 10 0.2 0.7
14 27 30 10 10 0.2 0.7
53 139 30 10 10 0.2 0.7
70 260 30 10 10 0.2 0.7
5 132 30 10 10 0.2 0.7
15 22 30 10 10 0.2 0.75
29 49 30 10 10 0.2 0.75
57 241 30 10 10 0.2 0.75
5 76 30 10 10 0.2 0.75
39 88 30 10 10 0.2 0.75
1397 33385 30 10 10 0.2 0.75
450 921 30 10 10 0.2 0.8
4919 8453 30 10 10 0.2 0.8
8372 26221 30 10 10 0.2 0.8
13 80 30 10 10 0.2 0.8
51 116 30 10 10 0.2 0.8
12969 138850 30 10 10 0.2 0.8
12289 22636 30 10 10 0.2 0.85
265 450 30 10 10 0.2 0.85
6801 12388 30 10 10 0.2 0.85
38075 201484 30 10 10 0.2 0.85
46906 260875 30 10 10 0.2 0.85
1127 27392 30 10 10 0.2 0.85
14506 26099 30 10 10 0.2 0.9
9145 16579 30 10 10 0.2 0.9
2080 3824 30 10 10 0.2 0.9
54930 244521 30 10 10 0.2 0.9
14831 27440 30 10 10 0.2 0.9
56793 580265 30 10 10 0.2 0.9
3026 5595 30 10 10 0.2 0.95
61597 112350 30 10 10 0.2 0.95
14442 28263 30 10 10 0.2 0.95
126970 547273 30 10 10 0.2 0.95
113113 410078 30 10 10 0.2 0.95
37921 397672 30 10 10 0.2 0.95
6 15 30 10 10 0.25 0.5
11 25 30 10 10 0.25 0.5
19 45 30 10 10 0.25 0.5
12 89 30 10 10 0.25 0.5
28 131 30 10 10 0.25 0.5
5 69 30 10 10 0.25 0.5
57 93 30 10 10 0.25 0.55
11 29 30 10 10 0.25 0.55
15 48 30 10 10 0.25 0.55
67 230 30 10 10 0.25 0.55
128 1492 30 10 10 0.25 0.55
4 98 30 10 10 0.25 0.55
84 171 30 10 10 0.25 0.6
10 22 30 10 10 0.25 0.6
48 83 30 10 10 0.25 0.6
46 114 30 10 10 0.25 0.6
1138 25538 30 10 10 0.25 0.6
2 49 30 10 10 0.25 0.6
26 62 30 10 10 0.25 0.65
52 108 30 10 10 0.25 0.65
31 74 30 10 10 0.25 0.65
221 1347 30 10 10 0.25 0.65
36 61 30 10 10 0.25 0.65
4181 96147 30 10 10 0.25 0.65
94 164 30 10 10 0.25 0.7
5654 10272 30 10 10 0.25 0.7
130 284 30 10 10 0.25 0.7
6099 11963 30 10 10 0.25 0.7
2356 4001 30 10 10 0.25 0.7
6743 75792 30 10 10 0.25 0.7
69 153 30 10 10 0.25 0.75
316 550 30 10 10 0.25 0.75
285 606 30 10 10 0.25 0.75
195 1138 30 10 10 0.25 0.75
804 9750 30 10 10 0.25 0.75
97 2331 30 10 10 0.25 0.75
79 192 30 10 10 0.25 0.8
321 832 30 10 10 0.25 0.8
87 195 30 10 10 0.25 0.8
658 2995 30 10 10 0.25 0.8
768 3780 30 10 10 0.25 0.8
25 626 30 10 10 0.25 0.8
237 488 30 10 10 0.25 0.85
500 859 30 10 10 0.25 0.85
5832 29230 30 10 10 0.25 0.85
2736 14578 30 10 10 0.25 0.85
10451 87460 30 10 10 0.25 0.85
647 15713 30 10 10 0.25 0.85
2925 4839 30 10 10 0.25 0.9
1650 2752 30 10 10 0.25 0.9
71820 400579 30 10 10 0.25 0.9
14080 78206 30 10 10 0.25 0.9
2937 5222 30 10 10 0.25 0.9
84933 520797 30 10 10 0.25 0.9
17488 32222 30 10 10 0.25 0.95
65 120 30 10 10 0.25 0.95
16157 29637 30 10 10 0.25 0.95
10726 56448 30 10 10 0.25 0.95
41471 440489 30 10 10 0.25 0.95
176 4221 30 10 10 0.25 0.95
33 95 30 10 10 0.3 0.5
3 80 30 10 10 0.3 0.5
4 130 30 10 10 0.3 0.5
40 152 30 10 10 0.3 0.5
38 67 30 10 10 0.3 0.5
11 297 30 10 10 0.3 0.5
123 259 30 10 10 0.3 0.55
47 106 30 10 10 0.3 0.55
176 387 30 10 10 0.3 0.55
20 145 30 10 10 0.3 0.55
144 369 30 10 10 0.3 0.55
70 741 30 10 10 0.3 0.55
106 192 30 10 10 0.3 0.6
56 115 30 10 10 0.3 0.6
82 215 30 10 10 0.3 0.6
85 198 30 10 10 0.3 0.6
219 1762 30 10 10 0.3 0.6
5 121 30 10 10 0.3 0.6
77 229 30 10 10 0.3 0.65
51 96 30 10 10 0.3 0.65
45 130 30 10 10 0.3 0.65
93 230 30 10 10 0.3 0.65
101 215 30 10 10 0.3 0.65
46 306 30 10 10 0.3 0.65
118 234 30 10 10 0.3 0.7
26 35 30 10 10 0.3 0.7
122 247 30 10 10 0.3 0.7
1314 6533 30 10 10 0.3 0.7
26608 604111 30 10 10 0.3 0.7
13220 307672 30 10 10 0.3 0.7
24 93 30 10 10 0.3 0.75
65 148 30 10 10 0.3 0.75
109 463 30 10 10 0.3 0.75
256 1985 30 10 10 0.3 0.75
766 12084 30 10 10 0.3 0.75
6 181 30 10 10 0.3 0.75
16902 31498 30 10 10 0.3 0.8
12677 22947 30 10 10 0.3 0.8
32643 68297 30 10 10 0.3 0.8
777 4213 30 10 10 0.3 0.8
792 1472 30 10 10 0.3 0.8
38505 209665 30 10 10 0.3 0.8
3275 5837 30 10 10 0.3 0.85
1868 3271 30 10 10 0.3 0.85
3419 5682 30 10 10 0.3 0.85
1984 4537 30 10 10 0.3 0.85
449 726 30 10 10 0.3 0.85
5336 18398 30 10 10 0.3 0.85
12670 22576 30 10 10 0.3 0.9
101172 175405 30 10 10 0.3 0.9
158291 446916 30 10 10 0.3 0.9
9598 62330 30 10 10 0.3 0.9
172382 615480 30 10 10 0.3 0.9
1625 39325 30 10 10 0.3 0.9
7726 13655 30 10 10 0.3 0.95
329322 587375 30 10 10 0.3 0.95
338573 616457 30 10 10 0.3 0.95
5088 28544 30 10 10 0.3 0.95
102215 187892 30 10 10 0.3 0.95
300768 1896990 30 10 10 0.3 0.95
2 68 30 10 10 0.35 0.5
20 162 30 10 10 0.35 0.5
77 714 30 10 10 0.35 0.5
9 113 30 10 10 0.35 0.5
90 910 30 10 10 0.35 0.5
15 411 30 10 10 0.35 0.5
48 114 30 10 10 0.35 0.55
30 106 30 10 10 0.35 0.55
92 311 30 10 10 0.35 0.55
9 80 30 10 10 0.35 0.55
78 156 30 10 10 0.35 0.55
31 381 30 10 10 0.35 0.55
64 142 30 10 10 0.35 0.6
107 245 30 10 10 0.35 0.6
180 502 30 10 10 0.35 0.6
10 138 30 10 10 0.35 0.6
197 772 30 10 10 0.35 0.6
5 119 30 10 10 0.35 0.6
69 177 30 10 10 0.35 0.65
129 286 30 10 10 0.35 0.65
191 337 30 10 10 0.35 0.65
22 126 30 10 10 0.35 0.65
74 128 30 10 10 0.35 0.65
144 463 30 10 10 0.35 0.65
78 182 30 10 10 0.35 0.7
275 466 30 10 10 0.35 0.7
357 645 30 10 10 0.35 0.7
272 1938 30 10 10 0.35 0.7
874 8432 30 10 10 0.35 0.7
23 625 30 10 10 0.35 0.7
273 495 30 10 10 0.35 0.75
4023 6684 30 10 10 0.35 0.75
4819 10321 30 10 10 0.35 0.75
43 299 30 10 10 0.35 0.75
1424 2608 30 10 10 0.35 0.75
5325 53117 30 10 10 0.35 0.75
66 202 30 10 10 0.35 0.8
289 540 30 10 10 0.35 0.8
382 957 30 10 10 0.35 0.8
129 1145 30 10 10 0.35 0.8
4194 87205 30 10 10 0.35 0.8
7 161 30 10 10 0.35 0.8
3181 5757 30 10 10 0.35 0.85
1729 2883 30 10 10 0.35 0.85
133 235 30 10 10 0.35 0.85
6705 19847 30 10 10 0.35 0.85
7150 27495 30 10 10 0.35 0.85
4809 110776 30 10 10 0.35 0.85
86260 150182 30 10 10 0.35 0.9
43477 73554 30 10 10 0.35 0.9
99908 170442 30 10 10 0.35 0.9
40162 112037 30 10 10 0.35 0.9
147454 458710 30 10 10 0.35 0.9
8 185 30 10 10 0.35 0.9
163518 289301 30 10 10 0.35 0.95
25871 45404 30 10 10 0.35 0.95
12722 24491 30 10 10 0.35 0.95
274043 858855 30 10 10 0.35 0.95
150318 256912 30 10 10 0.35 0.95
163583 1263576 30 10 10 0.35 0.95
271 741 30 10 10 0.4 0.5
63 154 30 10 10 0.4 0.5
311 791 30 10 10 0.4 0.5
82 558 30 10 10 0.4 0.5
379 1162 30 10 10 0.4 0.5
23 353 30 10 10 0.4 0.5
268 733 30 10 10 0.4 0.55
79 187 30 10 10 0.4 0.55
211 469 30 10 10 0.4 0.55
147 448 30 10 10 0.4 0.55
206 493 30 10 10 0.4 0.55
181 1086 30 10 10 0.4 0.55
191 413 30 10 10 0.4 0.6
46 98 30 10 10 0.4 0.6
115 250 30 10 10 0.4 0.6
244 1028 30 10 10 0.4 0.6
241 426 30 10 10 0.4 0.6
126 973 30 10 10 0.4 0.6
152 297 30 10 10 0.4 0.65
108 368 30 10 10 0.4 0.65
105 538 30 10 10 0.4 0.65
263 1036 30 10 10 0.4 0.65
182 523 30 10 10 0.4 0.65
264 2823 30 10 10 0.4 0.65
1595 3036 30 10 10 0.4 0.7
1107 2571 30 10 10 0.4 0.7
223 578 30 10 10 0.4 0.7
13947 67392 30 10 10 0.4 0.7
1941 3872 30 10 10 0.4 0.7
32014 528173 30 10 10 0.4 0.7
4235 7425 30 10 10 0.4 0.75
506 967 30 10 10 0.4 0.75
1445 2574 30 10 10 0.4 0.75
4113 10444 30 10 10 0.4 0.75
11713 156541 30 10 10 0.4 0.75
5 125 30 10 10 0.4 0.75
525 1064 30 10 10 0.4 0.8
3570 6164 30 10 10 0.4 0.8
640 1652 30 10 10 0.4 0.8
7748 34910 30 10 10 0.4 0.8
15918 209272 30 10 10 0.4 0.8
26595 622753 30 10 10 0.4 0.8
11986 20543 30 10 10 0.4 0.85
931 1623 30 10 10 0.4 0.85
13237 23657 30 10 10 0.4 0.85
603 3980 30 10 10 0.4 0.85
16804 95443 30 10 10 0.4 0.85
283 6587 30 10 10 0.4 0.85
54804 91804 30 10 10 0.4 0.9
41277 69391 30 10 10 0.4 0.9
137939 402064 30 10 10 0.4 0.9
7987 43180 30 10 10 0.4 0.9
146083 448321 30 10 10 0.4 0.9
4815 112265 30 10 10 0.4 0.9
33931 57639 30 10 10 0.4 0.95
38566 69552 30 10 10 0.4 0.95
1297 2615 30 10 10 0.4 0.95
81752 180414 30 10 10 0.4 0.95
115116 931938 30 10 10 0.4 0.95
39140 926185 30 10 10 0.4 0.95
182 456 30 10 10 0.45 0.5
224 613 30 10 10 0.45 0.5
284 555 30 10 10 0.45 0.5
171 491 30 10 10 0.45 0.5
348 932 30 10 10 0.45 0.5
165 2037 30 10 10 0.45 0.5
143 389 30 10 10 0.45 0.55
414 946 30 10 10 0.45 0.55
206 472 30 10 10 0.45 0.55
516 2177 30 10 10 0.45 0.55
370 765 30 10 10 0.45 0.55
877 13960 30 10 10 0.45 0.55
123 224 30 10 10 0.45 0.6
391 914 30 10 10 0.45 0.6
623 1839 30 10 10 0.45 0.6
72 690 30 10 10 0.45 0.6
562 1175 30 10 10 0.45 0.6
188 2583 30 10 10 0.45 0.6
311 624 30 10 10 0.45 0.65
294 597 30 10 10 0.45 0.65
400 918 30 10 10 0.45 0.65
232 632 30 10 10 0.45 0.65
334 731 30 10 10 0.45 0.65
329 1509 30 10 10 0.45 0.65
464 938 30 10 10 0.45 0.7
859 1654 30 10 10 0.45 0.7
563 1135 30 10 10 0.45 0.7
1137 3454 30 10 10 0.45 0.7
27589 604054 30 10 10 0.45 0.7
1089 25459 30 10 10 0.45 0.7
210 542 30 10 10 0.45 0.75
171 376 30 10 10 0.45 0.75
361 755 30 10 10 0.45 0.75
46 450 30 10 10 0.45 0.75
394 1332 30 10 10 0.45 0.75
5825 133716 30 10 10 0.45 0.75
25400 44956 30 10 10 0.45 0.8
15602 26149 30 10 10 0.45 0.8
49824 116996 30 10 10 0.45 0.8
148 1073 30 10 10 0.45 0.8
13814 25000 30 10 10 0.45 0.8
36631 105438 30 10 10 0.45 0.8
407 1014 30 10 10 0.45 0.85
165 433 30 10 10 0.45 0.85
468 1111 30 10 10 0.45 0.85
186 1173 30 10 10 0.45 0.85
703 3244 30 10 10 0.45 0.85
17 416 30 10 10 0.45 0.85
4690 8511 30 10 10 0.45 0.9
347861 601303 30 10 10 0.45 0.9
450355 1135430 30 10 10 0.45 0.9
61136 327172 30 10 10 0.45 0.9
130370 221713 30 10 10 0.45 0.9
419657 2106322 30 10 10 0.45 0.9
62699 111216 30 10 10 0.45 0.95
7275 12188 30 10 10 0.45 0.95
160421 593524 30 10 10 0.45 0.95
40404 225289 30 10 10 0.45 0.95
254300 2074116 30 10 10 0.45 0.95
34926 800015 30 10 10 0.45 0.95
1275 3030 30 10 10 0.5 0.5
184 457 30 10 10 0.5 0.5
908 2199 30 10 10 0.5 0.5
696 2521 30 10 10 0.5 0.5
1311 3004 30 10 10 0.5 0.5
443 5410 30 10 10 0.5 0.5
171 370 30 10 10 0.5 0.55
161 331 30 10 10 0.5 0.55
441 1490 30 10 10 0.5 0.55
596 3774 30 10 10 0.5 0.55
925 4311 30 10 10 0.5 0.55
564 11271 30 10 10 0.5 0.55
289 631 30 10 10 0.5 0.6
142 318 30 10 10 0.5 0.6
545 1984 30 10 10 0.5 0.6
40 372 30 10 10 0.5 0.6
588 1764 30 10 10 0.5 0.6
192 4899 30 10 10 0.5 0.6
487 967 30 10 10 0.5 0.65
949 1825 30 10 10 0.5 0.65
852 1817 30 10 10 0.5 0.65
730 3173 30 10 10 0.5 0.65
1602 5569 30 10 10 0.5 0.65
34 846 30 10 10 0.5 0.65
107 296 30 10 10 0.5 0.7
1400 2922 30 10 10 0.5 0.7
821 1511 30 10 10 0.5 0.7
1133 4987 30 10 10 0.5 0.7
1336 2483 30 10 10 0.5 0.7
797 8712 30 10 10 0.5 0.7
1513 3340 30 10 10 0.5 0.75
687 1529 30 10 10 0.5 0.75
2402 5824 30 10 10 0.5 0.75
1561 9743 30 10 10 0.5 0.75
691 1619 30 10 10 0.5 0.75
3582 21007 30 10 10 0.5 0.75
327 917 30 10 10 0.5 0.8
534 1227 30 10 10 0.5 0.8
1225 4544 30 10 10 0.5 0.8
284 2401 30 10 10 0.5 0.8
26844 573591 30 10 10 0.5 0.8
15 341 30 10 10 0.5 0.8
360 690 30 10 10 0.5 0.85
922 1888 30 10 10 0.5 0.85
8628 39651 30 10 10 0.5 0.85
1332 6864 30 10 10 0.5 0.85
1508 4193 30 10 10 0.5 0.85
31476 572778 30 10 10 0.5 0.85
40211 67840 30 10 10 0.5 0.9
1791 3340 30 10 10 0.5 0.9
57974 156975 30 10 10 0.5 0.9
285 1509 30 10 10 0.5 0.9
60963 216113 30 10 10 0.5 0.9
18436 428777 30 10 10 0.5 0.9
6578 10801 30 10 10 0.5 0.95
38384 65309 30 10 10 0.5 0.95
4138 6761 30 10 10 0.5 0.95
103711 416413 30 10 10 0.5 0.95
2914 4650 30 10 10 0.5 0.95
127230 930000 30 10 10 0.5 0.95
159 46 30 100 10 0.1 0.5
5728 1466 30 100 10 0.1 0.5
1465 356 30 100 10 0.1 0.5
4533 1130 30 100 10 0.1 0.5
6570 3860 30 100 10 0.1 0.5
163 646 30 100 10 0.1 0.5
3809 948 30 100 10 0.1 0.55
11 2 30 100 10 0.1 0.55
2165 548 30 100 10 0.1 0.55
2163 838 30 100 10 0.1 0.55
4330 1402 30 100 10 0.1 0.55
58 226 30 100 10 0.1 0.55
16 3 30 100 10 0.1 0.6
19 4 30 100 10 0.1 0.6
315 222 30 100 10 0.1 0.6
71 54 30 100 10 0.1 0.6
268 190 30 100 10 0.1 0.6
146 193 30 100 10 0.1 0.6
22 4 30 100 10 0.1 0.65
19 4 30 100 10 0.1 0.65
30 6 30 100 10 0.1 0.65
34 16 30 100 10 0.1 0.65
15 2 30 100 10 0.1 0.65
65 85 30 100 10 0.1 0.65
5 2 30 100 10 0.1 0.7
15 3 30 100 10 0.1 0.7
34 16 30 100 10 0.1 0.7
11 8 30 100 10 0.1 0.7
14 4 30 100 10 0.1 0.7
35 35 30 100 10 0.1 0.7
19 4 30 100 10 0.1 0.75
4 2 30 100 10 0.1 0.75
23 8 30 100 10 0.1 0.75
19 16 30 100 10 0.1 0.75
38 16 30 100 10 0.1 0.75
8 23 30 100 10 0.1 0.75
28 5 30 100 10 0.1 0.8
49 10 30 100 10 0.1 0.8
79 22 30 100 10 0.1 0.8
12 17 30 100 10 0.1 0.8
72 16 30 100 10 0.1 0.8
372 1129 30 100 10 0.1 0.8
201 39 30 100 10 0.1 0.85
128 30 30 100 10 0.1 0.85
351 89 30 100 10 0.1 0.85
153 93 30 100 10 0.1 0.85
605 489 30 100 10 0.1 0.85
6 18 30 100 10 0.1 0.85
64 9 30 100 10 0.1 0.9
3043 565 30 100 10 0.1 0.9
310 62 30 100 10 0.1 0.9
3378 910 30 100 10 0.1 0.9
80 21 30 100 10 0.1 0.9
3659 1085 30 100 10 0.1 0.9
3148 529 30 100 10 0.1 0.95
371 66 30 100 10 0.1 0.95
5892 2460 30 100 10 0.1 0.95
1632 972 30 100 10 0.1 0.95
5129 2109 30 100 10 0.1 0.95
3768 5794 30 100 10 0.1 0.95
778 185 30 100 10 0.15 0.5
854 213 30 100 10 0.15 0.5
638 156 30 100 10 0.15 0.5
1106 303 30 100 10 0.15 0.5
1260 285 30 100 10 0.15 0.5
500 242 30 100 10 0.15 0.5
142 31 30 100 10 0.15 0.55
207 56 30 100 10 0.15 0.55
249 71 30 100 10 0.15 0.55
137 47 30 100 10 0.15 0.55
402 177 30 100 10 0.15 0.55
3 9 30 100 10 0.15 0.55
39 8 30 100 10 0.15 0.6
43 19 30 100 10 0.15 0.6
105 35 30 100 10 0.15 0.6
4 3 30 100 10 0.15 0.6
65 17 30 100 10 0.15 0.6
50 59 30 100 10 0.15 0.6
16 3 30 100 10 0.15 0.65
23 4 30 100 10 0.15 0.65
26 5 30 100 10 0.15 0.65
18 7 30 100 10 0.15 0.65
43 9 30 100 10 0.15 0.65
2 5 30 100 10 0.15 0.65
7 6 30 100 10 0.15 0.7
25 6 30 100 10 0.15 0.7
34 7 30 100 10 0.15 0.7
4 3 30 100 10 0.15 0.7
6 5 30 100 10 0.15 0.7
34 19 30 100 10 0.15 0.7
44 8 30 100 10 0.15 0.75
23 13 30 100 10 0.15 0.75
32 5 30 100 10 0.15 0.75
37 7 30 100 10 0.15 0.75
65 16 30 100 10 0.15 0.75
5 11 30 100 10 0.15 0.75
92 16 30 100 10 0.15 0.8
13 7 30 100 10 0.15 0.8
91 14 30 100 10 0.15 0.8
22 13 30 100 10 0.15 0.8
115 27 30 100 10 0.15 0.8
2 5 30 100 10 0.15 0.8
70 12 30 100 10 0.15 0.85
153 36 30 100 10 0.15 0.85
221 35 30 100 10 0.15 0.85
204 127 30 100 10 0.15 0.85
422 183 30 100 10 0.15 0.85
56 160 30 100 10 0.15 0.85
1709 312 30 100 10 0.15 0.9
304 54 30 100 10 0.15 0.9
2219 463 30 100 10 0.15 0.9
723 467 30 100 10 0.15 0.9
1453 264 30 100 10 0.15 0.9
1839 1709 30 100 10 0.15 0.9
35877 6195 30 100 10 0.15 0.95
91034 15801 30 100 10 0.15 0.95
128056 23031 30 100 10 0.15 0.95
6006 3773 30 100 10 0.15 0.95
135268 30523 30 100 10 0.15 0.95
5145 15750 30 100 10 0.15 0.95
131 39 30 100 10 0.2 0.5
188 41 30 100 10 0.2 0.5
156 47 30 100 10 0.2 0.5
171 90 30 100 10 0.2 0.5
286 97 30 100 10 0.2 0.5
51 52 30 100 10 0.2 0.5
107 22 30 100 10 0.2 0.55
24 4 30 100 10 0.2 0.55
4 4 30 100 10 0.2 0.55
166 64 30 100 10 0.2 0.55
62 50 30 100 10 0.2 0.55
116 74 30 100 10 0.2 0.55
12 5 30 100 10 0.2 0.6
17 10 30 100 10 0.2 0.6
34 19 30 100 10 0.2 0.6
4 6 30 100 10 0.2 0.6
33 15 30 100 10 0.2 0.6
4 9 30 100 10 0.2 0.6
8 3 30 100 10 0.2 0.65
17 6 30 100 10 0.2 0.65
28 10 30 100 10 0.2 0.65
3 4 30 100 10 0.2 0.65
30 13 30 100 10 0.2 0.65
2 4 30 100 10 0.2 0.65
20 4 30 100 10 0.2 0.7
16 2 30 100 10 0.2 0.7
16 6 30 100 10 0.2 0.7
25 13 30 100 10 0.2 0.7
38 7 30 100 10 0.2 0.7
6 12 30 100 10 0.2 0.7
57 14 30 100 10 0.2 0.75
30 5 30 100 10 0.2 0.75
15 5 30 100 10 0.2 0.75
72 21 30 100 10 0.2 0.75
53 8 30 100 10 0.2 0.75
53 44 30 100 10 0.2 0.75
81 19 30 100 10 0.2 0.8
77 25 30 100 10 0.2 0.8
229 118 30 100 10 0.2 0.8
411 269 30 100 10 0.2 0.8
293 131 30 100 10 0.2 0.8
444 498 30 100 10 0.2 0.8
35 5 30 100 10 0.2 0.85
142 41 30 100 10 0.2 0.85
222 113 30 100 10 0.2 0.85
68 73 30 100 10 0.2 0.85
365 362 30 100 10 0.2 0.85
20 60 30 100 10 0.2 0.85
439 89 30 100 10 0.2 0.9
493 57 30 100 10 0.2 0.9
1935 827 30 100 10 0.2 0.9
100 59 30 100 10 0.2 0.9
6347 14354 30 100 10 0.2 0.9
20 58 30 100 10 0.2 0.9
26396 5551 30 100 10 0.2 0.95
33236 5972 30 100 10 0.2 0.95
1160 262 30 100 10 0.2 0.95
71211 19863 30 100 10 0.2 0.95
29246 5934 30 100 10 0.2 0.95
48789 30550 30 100 10 0.2 0.95
73 14 30 100 10 0.25 0.5
23 4 30 100 10 0.25 0.5
69 27 30 100 10 0.25 0.5
35 12 30 100 10 0.25 0.5
105 39 30 100 10 0.25 0.5
15 55 30 100 10 0.25 0.5
15 2 30 100 10 0.25 0.55
25 4 30 100 10 0.25 0.55
44 11 30 100 10 0.25 0.55
7 6 30 100 10 0.25 0.55
30 13 30 100 10 0.25 0.55
24 22 30 100 10 0.25 0.55
30 12 30 100 10 0.25 0.6
27 10 30 100 10 0.25 0.6
30 5 30 100 10 0.25 0.6
27 4 30 100 10 0.25 0.6
38 7 30 100 10 0.25 0.6
21 11 30 100 10 0.25 0.6
12 4 30 100 10 0.25 0.65
22 9 30 100 10 0.25 0.65
37 11 30 100 10 0.25 0.65
3 4 30 100 10 0.25 0.65
35 6 30 100 10 0.25 0.65
6 12 30 100 10 0.25 0.65
14 6 30 100 10 0.25 0.7
57 14 30 100 10 0.25 0.7
71 11 30 100 10 0.25 0.7
12 8 30 100 10 0.25 0.7
44 7 30 100 10 0.25 0.7
42 29 30 100 10 0.25 0.7
21 14 30 100 10 0.25 0.75
19 8 30 100 10 0.25 0.75
21 6 30 100 10 0.25 0.75
24 15 30 100 10 0.25 0.75
43 13 30 100 10 0.25 0.75
5 10 30 100 10 0.25 0.75
29 11 30 100 10 0.25 0.8
28 7 30 100 10 0.25 0.8
75 23 30 100 10 0.25 0.8
26 30 30 100 10 0.25 0.8
246 457 30 100 10 0.25 0.8
3 8 30 100 10 0.25 0.8
54 17 30 100 10 0.25 0.85
299 62 30 100 10 0.25 0.85
612 365 30 100 10 0.25 0.85
2792 1783 30 100 10 0.25 0.85
3862 3505 30 100 10 0.25 0.85
4 11 30 100 10 0.25 0.85
5926 1185 30 100 10 0.25 0.9
5549 1091 30 100 10 0.25 0.9
6772 1033 30 100 10 0.25 0.9
5105 1559 30 100 10 0.25 0.9
557 149 30 100 10 0.25 0.9
12944 7436 30 100 10 0.25 0.9
36322 7186 30 100 10 0.25 0.95
14222 3011 30 100 10 0.25 0.95
56224 12613 30 100 10 0.25 0.95
709 377 30 100 10 0.25 0.95
64630 36512 30 100 10 0.25 0.95
595 1769 30 100 10 0.25 0.95
28 14 30 100 10 0.3 0.5
23 8 30 100 10 0.3 0.5
51 12 30 100 10 0.3 0.5
3 2 30 100 10 0.3 0.5
67 53 30 100 10 0.3 0.5
6 21 30 100 10 0.3 0.5
30 6 30 100 10 0.3 0.55
24 11 30 100 10 0.3 0.55
27 15 30 100 10 0.3 0.55
40 17 30 100 10 0.3 0.55
28 25 30 100 10 0.3 0.55
39 14 30 100 10 0.3 0.55
48 18 30 100 10 0.3 0.6
41 15 30 100 10 0.3 0.6
50 11 30 100 10 0.3 0.6
39 8 30 100 10 0.3 0.6
75 14 30 100 10 0.3 0.6
18 16 30 100 10 0.3 0.6
52 12 30 100 10 0.3 0.65
30 9 30 100 10 0.3 0.65
59 17 30 100 10 0.3 0.65
31 17 30 100 10 0.3 0.65
57 9 30 100 10 0.3 0.65
34 13 30 100 10 0.3 0.65
11 4 30 100 10 0.3 0.7
20 7 30 100 10 0.3 0.7
19 3 30 100 10 0.3 0.7
15 7 30 100 10 0.3 0.7
37 18 30 100 10 0.3 0.7
4 11 30 100 10 0.3 0.7
37 13 30 100 10 0.3 0.75
52 16 30 100 10 0.3 0.75
79 13 30 100 10 0.3 0.75
27 13 30 100 10 0.3 0.75
79 14 30 100 10 0.3 0.75
32 28 30 100 10 0.3 0.75
59 15 30 100 10 0.3 0.8
172 21 30 100 10 0.3 0.8
286 98 30 100 10 0.3 0.8
8 5 30 100 10 0.3 0.8
298 106 30 100 10 0.3 0.8
21 58 30 100 10 0.3 0.8
1655 361 30 100 10 0.3 0.85
193 36 30 100 10 0.3 0.85
2526 1178 30 100 10 0.3 0.85
41 55 30 100 10 0.3 0.85
2715 1685 30 100 10 0.3 0.85
470 1374 30 100 10 0.3 0.85
355 98 30 100 10 0.3 0.9
4833 838 30 100 10 0.3 0.9
1454 313 30 100 10 0.3 0.9
8307 3391 30 100 10 0.3 0.9
142 34 30 100 10 0.3 0.9
10008 4707 30 100 10 0.3 0.9
11739 2062 30 100 10 0.3 0.95
37736 7251 30 100 10 0.3 0.95
17555 3445 30 100 10 0.3 0.95
45991 14116 30 100 10 0.3 0.95
65372 22246 30 100 10 0.3 0.95
2459 7102 30 100 10 0.3 0.95
16 9 30 100 10 0.35 0.5
39 9 30 100 10 0.35 0.5
56 16 30 100 10 0.35 0.5
21 16 30 100 10 0.35 0.5
72 30 30 100 10 0.35 0.5
5 5 30 100 10 0.35 0.5
14 7 30 100 10 0.35 0.55
34 10 30 100 10 0.35 0.55
44 13 30 100 10 0.35 0.55
17 10 30 100 10 0.35 0.55
62 28 30 100 10 0.35 0.55
3 10 30 100 10 0.35 0.55
45 9 30 100 10 0.35 0.6
12 4 30 100 10 0.35 0.6
40 15 30 100 10 0.35 0.6
19 6 30 100 10 0.35 0.6
58 11 30 100 10 0.35 0.6
3 6 30 100 10 0.35 0.6
30 12 30 100 10 0.35 0.65
35 14 30 100 10 0.35 0.65
54 9 30 100 10 0.35 0.65
18 13 30 100 10 0.35 0.65
44 7 30 100 10 0.35 0.65
29 12 30 100 10 0.35 0.65
30 11 30 100 10 0.35 0.7
34 9 30 100 10 0.35 0.7
78 18 30 100 10 0.35 0.7
9 8 30 100 10 0.35 0.7
58 12 30 100 10 0.35 0.7
30 23 30 100 10 0.35 0.7
321 78 30 100 10 0.35 0.75
103 26 30 100 10 0.35 0.75
1768 885 30 100 10 0.35 0.75
107 64 30 100 10 0.35 0.75
6 9 30 100 10 0.35 0.75
2077 1493 30 100 10 0.35 0.75
1694 380 30 100 10 0.35 0.8
289 61 30 100 10 0.35 0.8
35 16 30 100 10 0.35 0.8
2114 402 30 100 10 0.35 0.8
2891 2638 30 100 10 0.35 0.8
12 35 30 100 10 0.35 0.8
1402 321 30 100 10 0.35 0.85
932 187 30 100 10 0.35 0.85
1631 404 30 100 10 0.35 0.85
1609 688 30 100 10 0.35 0.85
5416 7191 30 100 10 0.35 0.85
111 322 30 100 10 0.35 0.85
8260 1805 30 100 10 0.35 0.9
917 133 30 100 10 0.35 0.9
14356 4650 30 100 10 0.35 0.9
5957 3589 30 100 10 0.35 0.9
26089 24478 30 100 10 0.35 0.9
69 190 30 100 10 0.35 0.9
6920 1379 30 100 10 0.35 0.95
33564 6275 30 100 10 0.35 0.95
43966 9876 30 100 10 0.35 0.95
16418 10663 30 100 10 0.35 0.95
69414 46051 30 100 10 0.35 0.95
4802 13635 30 100 10 0.35 0.95
14 7 30 100 10 0.4 0.5
40 25 30 100 10 0.4 0.5
33 5 30 100 10 0.4 0.5
50 30 30 100 10 0.4 0.5
82 32 30 100 10 0.4 0.5
2 3 30 100 10 0.4 0.5
41 21 30 100 10 0.4 0.55
21 19 30 100 10 0.4 0.55
37 21 30 100 10 0.4 0.55
55 29 30 100 10 0.4 0.55
75 18 30 100 10 0.4 0.55
18 17 30 100 10 0.4 0.55
29 11 30 100 10 0.4 0.6
81 18 30 100 10 0.4 0.6
37 10 30 100 10 0.4 0.6
81 22 30 100 10 0.4 0.6
163 170 30 100 10 0.4 0.6
1 4 30 100 10 0.4 0.6
23 8 30 100 10 0.4 0.65
50 22 30 100 10 0.4 0.65
111 62 30 100 10 0.4 0.65
32 34 30 100 10 0.4 0.65
454 970 30 100 10 0.4 0.65
5 16 30 100 10 0.4 0.65
17 13 30 100 10 0.4 0.7
102 18 30 100 10 0.4 0.7
428 241 30 100 10 0.4 0.7
26 17 30 100 10 0.4 0.7
589 640 30 100 10 0.4 0.7
1002 2884 30 100 10 0.4 0.7
1253 279 30 100 10 0.4 0.75
162 40 30 100 10 0.4 0.75
846 207 30 100 10 0.4 0.75
2058 998 30 100 10 0.4 0.75
3042 1618 30 100 10 0.4 0.75
236 681 30 100 10 0.4 0.75
1666 348 30 100 10 0.4 0.8
3358 396 30 100 10 0.4 0.8
3924 917 30 100 10 0.4 0.8
9267 5292 30 100 10 0.4 0.8
12501 5701 30 100 10 0.4 0.8
1412 2479 30 100 10 0.4 0.8
20411 3866 30 100 10 0.4 0.85
9794 1814 30 100 10 0.4 0.85
31319 6696 30 100 10 0.4 0.85
144 203 30 100 10 0.4 0.85
32067 8993 30 100 10 0.4 0.85
612 1767 30 100 10 0.4 0.85
860 169 30 100 10 0.4 0.9
16925 3310 30 100 10 0.4 0.9
9528 1958 30 100 10 0.4 0.9
70928 37316 30 100 10 0.4 0.9
57670 26097 30 100 10 0.4 0.9
24618 18171 30 100 10 0.4 0.9
13917 2569 30 100 10 0.4 0.95
82510 16112 30 100 10 0.4 0.95
136287 44053 30 100 10 0.4 0.95
1007 765 30 100 10 0.4 0.95
22524 4589 30 100 10 0.4 0.95
119927 53439 30 100 10 0.4 0.95
100 31 30 100 10 0.45 0.5
194 56 30 100 10 0.45 0.5
225 73 30 100 10 0.45 0.5
107 48 30 100 10 0.45 0.5
136 27 30 100 10 0.45 0.5
198 60 30 100 10 0.45 0.5
27 11 30 100 10 0.45 0.55
90 15 30 100 10 0.45 0.55
202 95 30 100 10 0.45 0.55
22 14 30 100 10 0.45 0.55
298 312 30 100 10 0.45 0.55
6 18 30 100 10 0.45 0.55
133 25 30 100 10 0.45 0.6
49 17 30 100 10 0.45 0.6
59 17 30 100 10 0.45 0.6
135 28 30 100 10 0.45 0.6
55 25 30 100 10 0.45 0.6
159 104 30 100 10 0.45 0.6
97 14 30 100 10 0.45 0.65
23 8 30 100 10 0.45 0.65
101 18 30 100 10 0.45 0.65
995 733 30 100 10 0.45 0.65
450 269 30 100 10 0.45 0.65
845 1092 30 100 10 0.45 0.65
986 236 30 100 10 0.45 0.7
1060 201 30 100 10 0.45 0.7
8259 4312 30 100 10 0.45 0.7
737 492 30 100 10 0.45 0.7
10337 7973 30 100 10 0.45 0.7
70 203 30 100 10 0.45 0.7
1673 376 30 100 10 0.45 0.75
29 13 30 100 10 0.45 0.75
1983 735 30 100 10 0.45 0.75
400 258 30 100 10 0.45 0.75
1750 432 30 100 10 0.45 0.75
738 865 30 100 10 0.45 0.75
415 94 30 100 10 0.45 0.8
3349 669 30 100 10 0.45 0.8
10812 4616 30 100 10 0.45 0.8
604 324 30 100 10 0.45 0.8
14822 14832 30 100 10 0.45 0.8
917 2640 30 100 10 0.45 0.8
8425 1751 30 100 10 0.45 0.85
3406 600 30 100 10 0.45 0.85
2354 463 30 100 10 0.45 0.85
12205 3191 30 100 10 0.45 0.85
6505 1249 30 100 10 0.45 0.85
10706 9842 30 100 10 0.45 0.85
2032 421 30 100 10 0.45 0.9
5704 835 30 100 10 0.45 0.9
12219 3948 30 100 10 0.45 0.9
7522 4041 30 100 10 0.45 0.9
22372 15265 30 100 10 0.45 0.9
26700 74263 30 100 10 0.45 0.9
231309 42655 30 100 10 0.45 0.95
316717 54005 30 100 10 0.45 0.95
697486 193715 30 100 10 0.45 0.95
807 649 30 100 10 0.45 0.95
175334 31304 30 100 10 0.45 0.95
544880 223518 30 100 10 0.45 0.95
268 72 30 100 10 0.5 0.5
219 72 30 100 10 0.5 0.5
324 58 30 100 10 0.5 0.5
262 152 30 100 10 0.5 0.5
40 13 30 100 10 0.5 0.5
557 312 30 100 10 0.5 0.5
138 44 30 100 10 0.5 0.55
160 61 30 100 10 0.5 0.55
325 134 30 100 10 0.5 0.55
26 40 30 100 10 0.5 0.55
359 158 30 100 10 0.5 0.55
36 116 30 100 10 0.5 0.55
736 233 30 100 10 0.5 0.6
401 86 30 100 10 0.5 0.6
368 103 30 100 10 0.5 0.6
840 224 30 100 10 0.5 0.6
1258 486 30 100 10 0.5 0.6
82 248 30 100 10 0.5 0.6
1540 285 30 100 10 0.5 0.65
849 182 30 100 10 0.5 0.65
1674 440 30 100 10 0.5 0.65
743 183 30 100 10 0.5 0.65
2182 472 30 100 10 0.5 0.65
555 1052 30 100 10 0.5 0.65
845 202 30 100 10 0.5 0.7
2896 579 30 100 10 0.5 0.7
362 94 30 100 10 0.5 0.7
4701 1628 30 100 10 0.5 0.7
5595 3106 30 100 10 0.5 0.7
69 220 30 100 10 0.5 0.7
1229 329 30 100 10 0.5 0.75
88 14 30 100 10 0.5 0.75
1426 331 30 100 10 0.5 0.75
1533 880 30 100 10 0.5 0.75
4337 4948 30 100 10 0.5 0.75
51 141 30 100 10 0.5 0.75
582 170 30 100 10 0.5 0.8
2006 240 30 100 10 0.5 0.8
335 66 30 100 10 0.5 0.8
5825 2619 30 100 10 0.5 0.8
1321 276 30 100 10 0.5 0.8
6877 8194 30 100 10 0.5 0.8
12214 2226 30 100 10 0.5 0.85
6175 1284 30 100 10 0.5 0.85
10688 2085 30 100 10 0.5 0.85
8249 1999 30 100 10 0.5 0.85
18939 3853 30 100 10 0.5 0.85
8777 24648 30 100 10 0.5 0.85
37453 6704 30 100 10 0.5 0.9
37483 6852 30 100 10 0.5 0.9
80469 15949 30 100 10 0.5 0.9
54030 31324 30 100 10 0.5 0.9
147292 84923 30 100 10 0.5 0.9
6849 19212 30 100 10 0.5 0.9
86586 15138 30 100 10 0.5 0.95
12604 2453 30 100 10 0.5 0.95
107055 23009 30 100 10 0.5 0.95
277174 142993 30 100 10 0.5 0.95
404409 222737 30 100 10 0.5 0.95
50355 138818 30 100 10 0.5 0.95
2324 852 30 100 100 0.1 0.5
1954 786 30 100 100 0.1 0.5
4292 1249 30 100 100 0.1 0.5
1169 1215 30 100 100 0.1 0.5
4448 1829 30 100 100 0.1 0.5
4410 12101 30 100 100 0.1 0.5
494 192 30 100 100 0.1 0.55
558 210 30 100 100 0.1 0.55
1116 460 30 100 100 0.1 0.55
1350 1058 30 100 100 0.1 0.55
1196 424 30 100 100 0.1 0.55
1613 2154 30 100 100 0.1 0.55
729 264 30 100 100 0.1 0.6
47 11 30 100 100 0.1 0.6
837 359 30 100 100 0.1 0.6
6 3 30 100 100 0.1 0.6
888 408 30 100 100 0.1 0.6
52 177 30 100 100 0.1 0.6
89 41 30 100 100 0.1 0.65
169 71 30 100 100 0.1 0.65
14 2 30 100 100 0.1 0.65
303 145 30 100 100 0.1 0.65
65 15 30 100 100 0.1 0.65
261 133 30 100 100 0.1 0.65
11 4 30 100 100 0.1 0.7
11 4 30 100 100 0.1 0.7
27 7 30 100 100 0.1 0.7
7 7 30 100 100 0.1 0.7
59 103 30 100 100 0.1 0.7
3 7 30 100 100 0.1 0.7
9 3 30 100 100 0.1 0.75
23 9 30 100 100 0.1 0.75
26 4 30 100 100 0.1 0.75
12 13 30 100 100 0.1 0.75
32 7 30 100 100 0.1 0.75
7 6 30 100 100 0.1 0.75
4 5 30 100 100 0.1 0.8
34 4 30 100 100 0.1 0.8
5 7 30 100 100 0.1 0.8
34 5 30 100 100 0.1 0.8
22 8 30 100 100 0.1 0.8
16 10 30 100 100 0.1 0.8
56 11 30 100 100 0.1 0.85
15 4 30 100 100 0.1 0.85
39 14 30 100 100 0.1 0.85
35 12 30 100 100 0.1 0.85
75 21 30 100 100 0.1 0.85
3 7 30 100 100 0.1 0.85
140 41 30 100 100 0.1 0.9
93 27 30 100 100 0.1 0.9
127 19 30 100 100 0.1 0.9
151 39 30 100 100 0.1 0.9
201 35 30 100 100 0.1 0.9
101 94 30 100 100 0.1 0.9
109 22 30 100 100 0.1 0.95
484 124 30 100 100 0.1 0.95
1124 536 30 100 100 0.1 0.95
251 145 30 100 100 0.1 0.95
902 316 30 100 100 0.1 0.95
512 380 30 100 100 0.1 0.95
126 50 30 100 100 0.15 0.5
251 102 30 100 100 0.15 0.5
382 119 30 100 100 0.15 0.5
225 242 30 100 100 0.15 0.5
317 109 30 100 100 0.15 0.5
355 476 30 100 100 0.15 0.5
1 4 30 100 100 0.15 0.55
87 29 30 100 100 0.15 0.55
309 255 30 100 100 0.15 0.55
14 14 30 100 100 0.15 0.55
134 81 30 100 100 0.15 0.55
195 201 30 100 100 0.15 0.55
39 8 30 100 100 0.15 0.6
33 6 30 100 100 0.15 0.6
40 10 30 100 100 0.15 0.6
41 34 30 100 100 0.15 0.6
28 12 30 100 100 0.15 0.6
54 25 30 100 100 0.15 0.6
19 3 30 100 100 0.15 0.65
17 3 30 100 100 0.15 0.65
46 25 30 100 100 0.15 0.65
21 11 30 100 100 0.15 0.65
63 42 30 100 100 0.15 0.65
18 49 30 100 100 0.15 0.65
10 4 30 100 100 0.15 0.7
9 3 30 100 100 0.15 0.7
15 3 30 100 100 0.15 0.7
6 4 30 100 100 0.15 0.7
24 18 30 100 100 0.15 0.7
1 2 30 100 100 0.15 0.7
27 10 30 100 100 0.15 0.75
17 6 30 100 100 0.15 0.75
44 14 30 100 100 0.15 0.75
2 3 30 100 100 0.15 0.75
30 7 30 100 100 0.15 0.75
17 12 30 100 100 0.15 0.75
16 7 30 100 100 0.15 0.8
40 9 30 100 100 0.15 0.8
36 7 30 100 100 0.15 0.8
24 9 30 100 100 0.15 0.8
34 7 30 100 100 0.15 0.8
27 9 30 100 100 0.15 0.8
22 3 30 100 100 0.15 0.85
18 5 30 100 100 0.15 0.85
42 12 30 100 100 0.15 0.85
6 9 30 100 100 0.15 0.85
41 15 30 100 100 0.15 0.85
9 13 30 100 100 0.15 0.85
45 13 30 100 100 0.15 0.9
79 26 30 100 100 0.15 0.9
185 61 30 100 100 0.15 0.9
34 20 30 100 100 0.15 0.9
97 24 30 100 100 0.15 0.9
134 93 30 100 100 0.15 0.9
1259 329 30 100 100 0.15 0.95
617 91 30 100 100 0.15 0.95
1279 312 30 100 100 0.15 0.95
727 236 30 100 100 0.15 0.95
1583 320 30 100 100 0.15 0.95
447 227 30 100 100 0.15 0.95
134 35 30 100 100 0.2 0.5
65 24 30 100 100 0.2 0.5
208 64 30 100 100 0.2 0.5
31 26 30 100 100 0.2 0.5
143 54 30 100 100 0.2 0.5
113 116 30 100 100 0.2 0.5
41 17 30 100 100 0.2 0.55
95 29 30 100 100 0.2 0.55
118 39 30 100 100 0.2 0.55
40 22 30 100 100 0.2 0.55
23 4 30 100 100 0.2 0.55
138 66 30 100 100 0.2 0.55
79 26 30 100 100 0.2 0.6
6 2 30 100 100 0.2 0.6
81 24 30 100 100 0.2 0.6
16 22 30 100 100 0.2 0.6
93 44 30 100 100 0.2 0.6
6 6 30 100 100 0.2 0.6
39 10 30 100 100 0.2 0.65
23 4 30 100 100 0.2 0.65
37 12 30 100 100 0.2 0.65
25 6 30 100 100 0.2 0.65
64 26 30 100 100 0.2 0.65
3 8 30 100 100 0.2 0.65
8 3 30 100 100 0.2 0.7
5 2 30 100 100 0.2 0.7
14 4 30 100 100 0.2 0.7
6 10 30 100 100 0.2 0.7
17 9 30 100 100 0.2 0.7
3 5 30 100 100 0.2 0.7
29 3 30 100 100 0.2 0.75
28 5 30 100 100 0.2 0.75
44 30 30 100 100 0.2 0.75
15 6 30 100 100 0.2 0.75
38 7 30 100 100 0.2 0.75
21 7 30 100 100 0.2 0.75
21 5 30 100 100 0.2 0.8
20 7 30 100 100 0.2 0.8
25 8 30 100 100 0.2 0.8
17 4 30 100 100 0.2 0.8
33 10 30 100 100 0.2 0.8
13 15 30 100 100 0.2 0.8
63 21 30 100 100 0.2 0.85
35 12 30 100 100 0.2 0.85
41 15 30 100 100 0.2 0.85
58 10 30 100 100 0.2 0.85
8 7 30 100 100 0.2 0.85
92 22 30 100 100 0.2 0.85
50 17 30 100 100 0.2 0.9
54 11 30 100 100 0.2 0.9
116 46 30 100 100 0.2 0.9
22 31 30 100 100 0.2 0.9
108 27 30 100 100 0.2 0.9
33 52 30 100 100 0.2 0.9
566 145 30 100 100 0.2 0.95
1142 275 30 100 100 0.2 0.95
1458 340 30 100 100 0.2 0.95
311 100 30 100 100 0.2 0.95
612 134 30 100 100 0.2 0.95
1190 313 30 100 100 0.2 0.95
69 27 30 100 100 0.25 0.5
84 22 30 100 100 0.25 0.5
112 33 30 100 100 0.25 0.5
61 27 30 100 100 0.25 0.5
83 25 30 100 100 0.25 0.5
92 58 30 100 100 0.25 0.5
61 22 30 100 100 0.25 0.55
26 17 30 100 100 0.25 0.55
59 16 30 100 100 0.25 0.55
55 36 30 100 100 0.25 0.55
41 8 30 100 100 0.25 0.55
76 44 30 100 100 0.25 0.55
24 4 30 100 100 0.25 0.6
20 3 30 100 100 0.25 0.6
22 7 30 100 100 0.25 0.6
22 4 30 100 100 0.25 0.6
42 15 30 100 100 0.25 0.6
5 5 30 100 100 0.25 0.6
10 4 30 100 100 0.25 0.65
3 6 30 100 100 0.25 0.65
17 13 30 100 100 0.25 0.65
4 4 30 100 100 0.25 0.65
19 10 30 100 100 0.25 0.65
3 8 30 100 100 0.25 0.65
16 6 30 100 100 0.25 0.7
19 6 30 100 100 0.25 0.7
32 6 30 100 100 0.25 0.7
12 6 30 100 100 0.25 0.7
31 5 30 100 100 0.25 0.7
13 8 30 100 100 0.25 0.7
24 11 30 100 100 0.25 0.75
17 6 30 100 100 0.25 0.75
29 7 30 100 100 0.25 0.75
14 6 30 100 100 0.25 0.75
43 10 30 100 100 0.25 0.75
4 8 30 100 100 0.25 0.75
48 10 30 100 100 0.25 0.8
24 6 30 100 100 0.25 0.8
37 14 30 100 100 0.25 0.8
36 7 30 100 100 0.25 0.8
44 7 30 100 100 0.25 0.8
29 20 30 100 100 0.25 0.8
16 5 30 100 100 0.25 0.85
46 14 30 100 100 0.25 0.85
64 12 30 100 100 0.25 0.85
6 4 30 100 100 0.25 0.85
68 14 30 100 100 0.25 0.85
8 15 30 100 100 0.25 0.85
221 47 30 100 100 0.25 0.9
223 68 30 100 100 0.25 0.9
463 150 30 100 100 0.25 0.9
6 7 30 100 100 0.25 0.9
248 51 30 100 100 0.25 0.9
224 84 30 100 100 0.25 0.9
1052 301 30 100 100 0.25 0.95
162 48 30 100 100 0.25 0.95
1262 292 30 100 100 0.25 0.95
367 245 30 100 100 0.25 0.95
1045 212 30 100 100 0.25 0.95
1133 1783 30 100 100 0.25 0.95
83 19 30 100 100 0.3 0.5
68 18 30 100 100 0.3 0.5
31 13 30 100 100 0.3 0.5
124 37 30 100 100 0.3 0.5
141 45 30 100 100 0.3 0.5
18 19 30 100 100 0.3 0.5
29 7 30 100 100 0.3 0.55
25 6 30 100 100 0.3 0.55
57 13 30 100 100 0.3 0.55
12 10 30 100 100 0.3 0.55
39 20 30 100 100 0.3 0.55
32 22 30 100 100 0.3 0.55
14 5 30 100 100 0.3 0.6
12 4 30 100 100 0.3 0.6
28 8 30 100 100 0.3 0.6
7 11 30 100 100 0.3 0.6
34 19 30 100 100 0.3 0.6
3 7 30 100 100 0.3 0.6
11 4 30 100 100 0.3 0.65
18 5 30 100 100 0.3 0.65
20 10 30 100 100 0.3 0.65
12 6 30 100 100 0.3 0.65
31 16 30 100 100 0.3 0.65
1 3 30 100 100 0.3 0.65
15 5 30 100 100 0.3 0.7
26 8 30 100 100 0.3 0.7
26 5 30 100 100 0.3 0.7
19 4 30 100 100 0.3 0.7
45 12 30 100 100 0.3 0.7
1 4 30 100 100 0.3 0.7
15 5 30 100 100 0.3 0.75
56 20 30 100 100 0.3 0.75
50 7 30 100 100 0.3 0.75
23 10 30 100 100 0.3 0.75
50 10 30 100 100 0.3 0.75
25 8 30 100 100 0.3 0.75
22 3 30 100 100 0.3 0.8
47 7 30 100 100 0.3 0.8
15 5 30 100 100 0.3 0.8
58 18 30 100 100 0.3 0.8
54 10 30 100 100 0.3 0.8
27 29 30 100 100 0.3 0.8
52 17 30 100 100 0.3 0.85
64 19 30 100 100 0.3 0.85
77 17 30 100 100 0.3 0.85
43 19 30 100 100 0.3 0.85
111 16 30 100 100 0.3 0.85
17 28 30 100 100 0.3 0.85
75 24 30 100 100 0.3 0.9
214 42 30 100 100 0.3 0.9
291 87 30 100 100 0.3 0.9
54 32 30 100 100 0.3 0.9
361 116 30 100 100 0.3 0.9
31 84 30 100 100 0.3 0.9
1379 340 30 100 100 0.3 0.95
172 47 30 100 100 0.3 0.95
262 57 30 100 100 0.3 0.95
1520 372 30 100 100 0.3 0.95
1254 301 30 100 100 0.3 0.95
613 416 30 100 100 0.3 0.95
43 10 30 100 100 0.35 0.5
25 10 30 100 100 0.35 0.5
25 10 30 100 100 0.35 0.5
45 13 30 100 100 0.35 0.5
79 42 30 100 100 0.35 0.5
4 10 30 100 100 0.35 0.5
43 7 30 100 100 0.35 0.55
26 4 30 100 100 0.35 0.55
33 5 30 100 100 0.35 0.55
36 11 30 100 100 0.35 0.55
67 20 30 100 100 0.35 0.55
6 9 30 100 100 0.35 0.55
17 6 30 100 100 0.35 0.6
20 5 30 100 100 0.35 0.6
31 10 30 100 100 0.35 0.6
10 9 30 100 100 0.35 0.6
37 12 30 100 100 0.35 0.6
6 12 30 100 100 0.35 0.6
9 3 30 100 100 0.35 0.65
36 7 30 100 100 0.35 0.65
48 18 30 100 100 0.35 0.65
11 9 30 100 100 0.35 0.65
43 7 30 100 100 0.35 0.65
18 15 30 100 100 0.35 0.65
12 4 30 100 100 0.35 0.7
19 5 30 100 100 0.35 0.7
24 6 30 100 100 0.35 0.7
9 7 30 100 100 0.35 0.7
32 12 30 100 100 0.35 0.7
3 8 30 100 100 0.35 0.7
21 3 30 100 100 0.35 0.75
28 4 30 100 100 0.35 0.75
23 8 30 100 100 0.35 0.75
33 14 30 100 100 0.35 0.75
51 10 30 100 100 0.35 0.75
8 11 30 100 100 0.35 0.75
21 7 30 100 100 0.35 0.8
90 26 30 100 100 0.35 0.8
70 11 30 100 100 0.35 0.8
49 18 30 100 100 0.35 0.8
55 8 30 100 100 0.35 0.8
68 27 30 100 100 0.35 0.8
107 27 30 100 100 0.35 0.85
53 8 30 100 100 0.35 0.85
162 35 30 100 100 0.35 0.85
16 20 30 100 100 0.35 0.85
61 19 30 100 100 0.35 0.85
121 51 30 100 100 0.35 0.85
72 10 30 100 100 0.35 0.9
314 80 30 100 100 0.35 0.9
200 51 30 100 100 0.35 0.9
238 62 30 100 100 0.35 0.9
442 153 30 100 100 0.35 0.9
17 42 30 100 100 0.35 0.9
187 41 30 100 100 0.35 0.95
1144 254 30 100 100 0.35 0.95
663 142 30 100 100 0.35 0.95
691 179 30 100 100 0.35 0.95
727 143 30 100 100 0.35 0.95
629 100 30 100 100 0.35 0.95
43 36 30 100 100 0.4 0.5
89 31 30 100 100 0.4 0.5
50 10 30 100 100 0.4 0.5
90 38 30 100 100 0.4 0.5
31 6 30 100 100 0.4 0.5
111 40 30 100 100 0.4 0.5
30 12 30 100 100 0.4 0.55
72 23 30 100 100 0.4 0.55
41 8 30 100 100 0.4 0.55
61 22 30 100 100 0.4 0.55
120 76 30 100 100 0.4 0.55
9 23 30 100 100 0.4 0.55
48 16 30 100 100 0.4 0.6
52 16 30 100 100 0.4 0.6
29 14 30 100 100 0.4 0.6
73 22 30 100 100 0.4 0.6
102 18 30 100 100 0.4 0.6
8 24 30 100 100 0.4 0.6
60 12 30 100 100 0.4 0.65
27 10 30 100 100 0.4 0.65
77 12 30 100 100 0.4 0.65
16 9 30 100 100 0.4 0.65
87 27 30 100 100 0.4 0.65
11 22 30 100 100 0.4 0.65
83 13 30 100 100 0.4 0.7
58 9 30 100 100 0.4 0.7
149 58 30 100 100 0.4 0.7
27 21 30 100 100 0.4 0.7
145 29 30 100 100 0.4 0.7
36 39 30 100 100 0.4 0.7
114 34 30 100 100 0.4 0.75
32 11 30 100 100 0.4 0.75
150 32 30 100 100 0.4 0.75
9 13 30 100 100 0.4 0.75
149 36 30 100 100 0.4 0.75
20 48 30 100 100 0.4 0.75
60 11 30 100 100 0.4 0.8
191 55 30 100 100 0.4 0.8
79 23 30 100 100 0.4 0.8
181 60 30 100 100 0.4 0.8
95 13 30 100 100 0.4 0.8
196 115 30 100 100 0.4 0.8
87 32 30 100 100 0.4 0.85
48 11 30 100 100 0.4 0.85
159 62 30 100 100 0.4 0.85
91 67 30 100 100 0.4 0.85
258 139 30 100 100 0.4 0.85
23 41 30 100 100 0.4 0.85
477 100 30 100 100 0.4 0.9
165 39 30 100 100 0.4 0.9
250 59 30 100 100 0.4 0.9
407 84 30 100 100 0.4 0.9
664 228 30 100 100 0.4 0.9
20 51 30 100 100 0.4 0.9
1245 230 30 100 100 0.4 0.95
1579 289 30 100 100 0.4 0.95
1456 316 30 100 100 0.4 0.95
1614 495 30 100 100 0.4 0.95
1793 418 30 100 100 0.4 0.95
1305 436 30 100 100 0.4 0.95
40 9 30 100 100 0.45 0.5
149 38 30 100 100 0.45 0.5
182 70 30 100 100 0.45 0.5
35 24 30 100 100 0.45 0.5
242 136 30 100 100 0.45 0.5
8 25 30 100 100 0.45 0.5
44 11 30 100 100 0.45 0.55
107 30 30 100 100 0.45 0.55
139 24 30 100 100 0.45 0.55
14 4 30 100 100 0.45 0.55
166 85 30 100 100 0.45 0.55
5 14 30 100 100 0.45 0.55
51 8 30 100 100 0.45 0.6
91 24 30 100 100 0.45 0.6
176 86 30 100 100 0.45 0.6
48 41 30 100 100 0.45 0.6
225 115 30 100 100 0.45 0.6
3 7 30 100 100 0.45 0.6
21 6 30 100 100 0.45 0.65
57 20 30 100 100 0.45 0.65
48 11 30 100 100 0.45 0.65
63 60 30 100 100 0.45 0.65
110 63 30 100 100 0.45 0.65
13 38 30 100 100 0.45 0.65
25 7 30 100 100 0.45 0.7
56 12 30 100 100 0.45 0.7
66 10 30 100 100 0.45 0.7
27 19 30 100 100 0.45 0.7
66 26 30 100 100 0.45 0.7
76 166 30 100 100 0.45 0.7
112 35 30 100 100 0.45 0.75
56 14 30 100 100 0.45 0.75
189 48 30 100 100 0.45 0.75
26 19 30 100 100 0.45 0.75
124 37 30 100 100 0.45 0.75
96 53 30 100 100 0.45 0.75
150 38 30 100 100 0.45 0.8
65 12 30 100 100 0.45 0.8
80 27 30 100 100 0.45 0.8
136 41 30 100 100 0.45 0.8
221 50 30 100 100 0.45 0.8
2 6 30 100 100 0.45 0.8
217 63 30 100 100 0.45 0.85
113 30 30 100 100 0.45 0.85
367 73 30 100 100 0.45 0.85
81 53 30 100 100 0.45 0.85
496 302 30 100 100 0.45 0.85
9 24 30 100 100 0.45 0.85
327 80 30 100 100 0.45 0.9
227 42 30 100 100 0.45 0.9
495 123 30 100 100 0.45 0.9
119 84 30 100 100 0.45 0.9
683 340 30 100 100 0.45 0.9
72 192 30 100 100 0.45 0.9
429 68 30 100 100 0.45 0.95
2242 515 30 100 100 0.45 0.95
1070 204 30 100 100 0.45 0.95
1633 305 30 100 100 0.45 0.95
2807 899 30 100 100 0.45 0.95
85 221 30 100 100 0.45 0.95
862 260 30 100 100 0.5 0.5
23 12 30 100 100 0.5 0.5
666 177 30 100 100 0.5 0.5
246 137 30 100 100 0.5 0.5
47 17 30 100 100 0.5 0.5
902 335 30 100 100 0.5 0.5
218 54 30 100 100 0.5 0.55
363 78 30 100 100 0.5 0.55
948 451 30 100 100 0.5 0.55
88 66 30 100 100 0.5 0.55
1043 500 30 100 100 0.5 0.55
112 329 30 100 100 0.5 0.55
165 60 30 100 100 0.5 0.6
431 118 30 100 100 0.5 0.6
108 17 30 100 100 0.5 0.6
500 109 30 100 100 0.5 0.6
377 120 30 100 100 0.5 0.6
241 101 30 100 100 0.5 0.6
239 62 30 100 100 0.5 0.65
91 29 30 100 100 0.5 0.65
466 153 30 100 100 0.5 0.65
108 76 30 100 100 0.5 0.65
132 36 30 100 100 0.5 0.65
452 285 30 100 100 0.5 0.65
64 21 30 100 100 0.5 0.7
332 89 30 100 100 0.5 0.7
152 50 30 100 100 0.5 0.7
247 43 30 100 100 0.5 0.7
217 57 30 100 100 0.5 0.7
265 309 30 100 100 0.5 0.7
128 42 30 100 100 0.5 0.75
45 9 30 100 100 0.5 0.75
191 59 30 100 100 0.5 0.75
56 33 30 100 100 0.5 0.75
201 50 30 100 100 0.5 0.75
74 110 30 100 100 0.5 0.75
502 120 30 100 100 0.5 0.8
880 195 30 100 100 0.5 0.8
1107 254 30 100 100 0.5 0.8
448 334 30 100 100 0.5 0.8
1403 451 30 100 100 0.5 0.8
198 373 30 100 100 0.5 0.8
907 248 30 100 100 0.5 0.85
220 56 30 100 100 0.5 0.85
1152 339 30 100 100 0.5 0.85
64 74 30 100 100 0.5 0.85
689 145 30 100 100 0.5 0.85
530 193 30 100 100 0.5 0.85
849 233 30 100 100 0.5 0.9
401 81 30 100 100 0.5 0.9
1581 446 30 100 100 0.5 0.9
184 131 30 100 100 0.5 0.9
1557 517 30 100 100 0.5 0.9
250 253 30 100 100 0.5 0.9
358 108 30 100 100 0.5 0.95
2144 500 30 100 100 0.5 0.95
2680 721 30 100 100 0.5 0.95
828 800 30 100 100 0.5 0.95
3582 1855 30 100 100 0.5 0.95
258 685 30 100 100 0.5 0.95
70 2 30 1000 10 0.1 0.5
49 1 30 1000 10 0.1 0.5
70 1 30 1000 10 0.1 0.5
62 3 30 1000 10 0.1 0.5
125496 45780 30 1000 10 0.1 0.5
6 1 30 1000 10 0.1 0.5
48 1 30 1000 10 0.1 0.55
34 1 30 1000 10 0.1 0.55
30 2 30 1000 10 0.1 0.55
53 1 30 1000 10 0.1 0.55
61 1 30 1000 10 0.1 0.55
29 2 30 1000 10 0.1 0.55
51 1 30 1000 10 0.1 0.6
34 1 30 1000 10 0.1 0.6
89 2 30 1000 10 0.1 0.6
12 1 30 1000 10 0.1 0.6
86 2 30 1000 10 0.1 0.6
306 108 30 1000 10 0.1 0.6
16 1 30 1000 10 0.1 0.65
50 1 30 1000 10 0.1 0.65
63 1 30 1000 10 0.1 0.65
9 1 30 1000 10 0.1 0.65
67 3 30 1000 10 0.1 0.65
9 1 30 1000 10 0.1 0.65
56 2 30 1000 10 0.1 0.7
126 2 30 1000 10 0.1 0.7
86 2 30 1000 10 0.1 0.7
106 3 30 1000 10 0.1 0.7
69 2 30 1000 10 0.1 0.7
123 4 30 1000 10 0.1 0.7
65 2 30 1000 10 0.1 0.75
121 3 30 1000 10 0.1 0.75
140 3 30 1000 10 0.1 0.75
105 7 30 1000 10 0.1 0.75
192 5 30 1000 10 0.1 0.75
64 8 30 1000 10 0.1 0.75
61 2 30 1000 10 0.1 0.8
933 21 30 1000 10 0.1 0.8
1045 26 30 1000 10 0.1 0.8
292 22 30 1000 10 0.1 0.8
1388 55 30 1000 10 0.1 0.8
191 54 30 1000 10 0.1 0.8
881 17 30 1000 10 0.1 0.85
1492 18 30 1000 10 0.1 0.85
1949 51 30 1000 10 0.1 0.85
909 41 30 1000 10 0.1 0.85
2865 97 30 1000 10 0.1 0.85
616 180 30 1000 10 0.1 0.85
4026 70 30 1000 10 0.1 0.9
1809 41 30 1000 10 0.1 0.9
5655 102 30 1000 10 0.1 0.9
3661 229 30 1000 10 0.1 0.9
10208 622 30 1000 10 0.1 0.9
684 196 30 1000 10 0.1 0.9
389 16 30 1000 10 0.1 0.95
3098 77 30 1000 10 0.1 0.95
19770 1090 30 1000 10 0.1 0.95
71207 4300 30 1000 10 0.1 0.95
990 40 30 1000 10 0.1 0.95
105060 9871 30 1000 10 0.1 0.95
33 1 30 1000 10 0.15 0.5
35 1 30 1000 10 0.15 0.5
65 1 30 1000 10 0.15 0.5
23 1 30 1000 10 0.15 0.5
67 1 30 1000 10 0.15 0.5
291 97 30 1000 10 0.15 0.5
13 1 30 1000 10 0.15 0.55
34 1 30 1000 10 0.15 0.55
32 1 30 1000 10 0.15 0.55
19 1 30 1000 10 0.15 0.55
53 2 30 1000 10 0.15 0.55
6 1 30 1000 10 0.15 0.55
58 1 30 1000 10 0.15 0.6
64 1 30 1000 10 0.15 0.6
64 1 30 1000 10 0.15 0.6
60 1 30 1000 10 0.15 0.6
212 35 30 1000 10 0.15 0.6
6 1 30 1000 10 0.15 0.6
30 1 30 1000 10 0.15 0.65
98 2 30 1000 10 0.15 0.65
74 2 30 1000 10 0.15 0.65
55 2 30 1000 10 0.15 0.65
82 2 30 1000 10 0.15 0.65
47 1 30 1000 10 0.15 0.65
157 3 30 1000 10 0.15 0.7
38 1 30 1000 10 0.15 0.7
99 3 30 1000 10 0.15 0.7
97 2 30 1000 10 0.15 0.7
122 3 30 1000 10 0.15 0.7
77 2 30 1000 10 0.15 0.7
257 4 30 1000 10 0.15 0.75
415 5 30 1000 10 0.15 0.75
656 15 30 1000 10 0.15 0.75
24 1 30 1000 10 0.15 0.75
685 20 30 1000 10 0.15 0.75
35 11 30 1000 10 0.15 0.75
1558 38 30 1000 10 0.15 0.8
730 18 30 1000 10 0.15 0.8
791 19 30 1000 10 0.15 0.8
3310 136 30 1000 10 0.15 0.8
3569 108 30 1000 10 0.15 0.8
537 34 30 1000 10 0.15 0.8
488 7 30 1000 10 0.15 0.85
5462 117 30 1000 10 0.15 0.85
4054 93 30 1000 10 0.15 0.85
2345 74 30 1000 10 0.15 0.85
4005 61 30 1000 10 0.15 0.85
2469 75 30 1000 10 0.15 0.85
10455 203 30 1000 10 0.15 0.9
380 12 30 1000 10 0.15 0.9
17355 588 30 1000 10 0.15 0.9
1436 86 30 1000 10 0.15 0.9
13916 449 30 1000 10 0.15 0.9
5140 363 30 1000 10 0.15 0.9
42649 809 30 1000 10 0.15 0.95
41558 843 30 1000 10 0.15 0.95
15621 300 30 1000 10 0.15 0.95
74821 1678 30 1000 10 0.15 0.95
24637 536 30 1000 10 0.15 0.95
67856 2249 30 1000 10 0.15 0.95
44 1 30 1000 10 0.2 0.5
13 1 30 1000 10 0.2 0.5
60 1 30 1000 10 0.2 0.5
1230 104 30 1000 10 0.2 0.5
4984 1411 30 1000 10 0.2 0.5
9 2 30 1000 10 0.2 0.5
33 1 30 1000 10 0.2 0.55
17 1 30 1000 10 0.2 0.55
58 1 30 1000 10 0.2 0.55
20 1 30 1000 10 0.2 0.55
59 2 30 1000 10 0.2 0.55
19 1 30 1000 10 0.2 0.55
23 1 30 1000 10 0.2 0.6
36 1 30 1000 10 0.2 0.6
67 3 30 1000 10 0.2 0.6
14 2 30 1000 10 0.2 0.6
55 1 30 1000 10 0.2 0.6
30 6 30 1000 10 0.2 0.6
84 2 30 1000 10 0.2 0.65
82 1 30 1000 10 0.2 0.65
79 2 30 1000 10 0.2 0.65
295 29 30 1000 10 0.2 0.65
457 57 30 1000 10 0.2 0.65
9 2 30 1000 10 0.2 0.65
35 2 30 1000 10 0.2 0.7
76 2 30 1000 10 0.2 0.7
112 2 30 1000 10 0.2 0.7
20 3 30 1000 10 0.2 0.7
129 4 30 1000 10 0.2 0.7
20 5 30 1000 10 0.2 0.7
289 7 30 1000 10 0.2 0.75
77 2 30 1000 10 0.2 0.75
301 4 30 1000 10 0.2 0.75
82 3 30 1000 10 0.2 0.75
409 18 30 1000 10 0.2 0.75
199 52 30 1000 10 0.2 0.75
615 16 30 1000 10 0.2 0.8
128 3 30 1000 10 0.2 0.8
476 6 30 1000 10 0.2 0.8
591 23 30 1000 10 0.2 0.8
827 25 30 1000 10 0.2 0.8
810 175 30 1000 10 0.2 0.8
7843 186 30 1000 10 0.2 0.85
1574 25 30 1000 10 0.2 0.85
5201 62 30 1000 10 0.2 0.85
8535 353 30 1000 10 0.2 0.85
9438 226 30 1000 10 0.2 0.85
5477 617 30 1000 10 0.2 0.85
9531 161 30 1000 10 0.2 0.9
5712 114 30 1000 10 0.2 0.9
11103 247 30 1000 10 0.2 0.9
14878 676 30 1000 10 0.2 0.9
28074 1479 30 1000 10 0.2 0.9
820 228 30 1000 10 0.2 0.9
32666 696 30 1000 10 0.2 0.95
9913 233 30 1000 10 0.2 0.95
44479 743 30 1000 10 0.2 0.95
42961 2502 30 1000 10 0.2 0.95
66305 2320 30 1000 10 0.2 0.95
25533 2450 30 1000 10 0.2 0.95
28 1 30 1000 10 0.25 0.5
36 1 30 1000 10 0.25 0.5
65 1 30 1000 10 0.25 0.5
19 1 30 1000 10 0.25 0.5
65 1 30 1000 10 0.25 0.5
22 2 30 1000 10 0.25 0.5
50 1 30 1000 10 0.25 0.55
52 1 30 1000 10 0.25 0.55
87 1 30 1000 10 0.25 0.55
20 1 30 1000 10 0.25 0.55
42 1 30 1000 10 0.25 0.55
66 2 30 1000 10 0.25 0.55
77 2 30 1000 10 0.25 0.6
89 2 30 1000 10 0.25 0.6
67 1 30 1000 10 0.25 0.6
148 5 30 1000 10 0.25 0.6
268 28 30 1000 10 0.25 0.6
220 75 30 1000 10 0.25 0.6
40 1 30 1000 10 0.25 0.65
105 2 30 1000 10 0.25 0.65
86 2 30 1000 10 0.25 0.65
67 2 30 1000 10 0.25 0.65
145 3 30 1000 10 0.25 0.65
15 2 30 1000 10 0.25 0.65
112 3 30 1000 10 0.25 0.7
69 2 30 1000 10 0.25 0.7
128 2 30 1000 10 0.25 0.7
61 3 30 1000 10 0.25 0.7
132 3 30 1000 10 0.25 0.7
80 8 30 1000 10 0.25 0.7
111 3 30 1000 10 0.25 0.75
129 3 30 1000 10 0.25 0.75
293 8 30 1000 10 0.25 0.75
96 5 30 1000 10 0.25 0.75
607 77 30 1000 10 0.25 0.75
20 5 30 1000 10 0.25 0.75
873 20 30 1000 10 0.25 0.8
1930 46 30 1000 10 0.25 0.8
1354 30 30 1000 10 0.25 0.8
1639 51 30 1000 10 0.25 0.8
3166 101 30 1000 10 0.25 0.8
240 66 30 1000 10 0.25 0.8
3090 72 30 1000 10 0.25 0.85
1203 29 30 1000 10 0.25 0.85
7967 298 30 1000 10 0.25 0.85
1815 111 30 1000 10 0.25 0.85
10387 529 30 1000 10 0.25 0.85
355 97 30 1000 10 0.25 0.85
11849 174 30 1000 10 0.25 0.9
18110 329 30 1000 10 0.25 0.9
30398 635 30 1000 10 0.25 0.9
79 6 30 1000 10 0.25 0.9
31416 883 30 1000 10 0.25 0.9
894 245 30 1000 10 0.25 0.9
