617 1969 200 10 50 0.005 0.6
373 1460 200 10 50 0.005 0.6
707 2278 200 10 50 0.005 0.6
522 2084 200 10 50 0.005 0.6
162 682 200 10 50 0.005 0.62
148 660 200 10 50 0.005 0.62
220 925 200 10 50 0.005 0.62
130 593 200 10 50 0.005 0.62
210 876 200 10 50 0.005 0.64
148 659 200 10 50 0.005 0.64
235 993 200 10 50 0.005 0.64
240 1100 200 10 50 0.005 0.64
181 803 200 10 50 0.005 0.66
149 644 200 10 50 0.005 0.66
215 958 200 10 50 0.005 0.66
170 755 200 10 50 0.005 0.66
193 854 200 10 50 0.005 0.68
210 900 200 10 50 0.005 0.68
220 974 200 10 50 0.005 0.68
188 801 200 10 50 0.005 0.68
93 422 200 10 50 0.005 0.7
138 623 200 10 50 0.005 0.7
114 511 200 10 50 0.005 0.7
123 550 200 10 50 0.005 0.7
250 1038 200 10 50 0.01 0.6
209 888 200 10 50 0.01 0.6
289 1203 200 10 50 0.01 0.6
220 958 200 10 50 0.01 0.6
125 533 200 10 50 0.01 0.62
101 448 200 10 50 0.01 0.62
133 567 200 10 50 0.01 0.62
138 615 200 10 50 0.01 0.62
128 561 200 10 50 0.01 0.64
93 453 200 10 50 0.01 0.64
156 702 200 10 50 0.01 0.64
87 425 200 10 50 0.01 0.64
91 436 200 10 50 0.01 0.66
103 495 200 10 50 0.01 0.66
74 364 200 10 50 0.01 0.66
122 576 200 10 50 0.01 0.66
97 458 200 10 50 0.01 0.68
108 523 200 10 50 0.01 0.68
112 520 200 10 50 0.01 0.68
109 518 200 10 50 0.01 0.68
55 271 200 10 50 0.01 0.7
72 351 200 10 50 0.01 0.7
139 680 200 10 50 0.01 0.7
86 463 200 10 50 0.01 0.7
122 530 200 10 50 0.015 0.6
115 537 200 10 50 0.015 0.6
110 476 200 10 50 0.015 0.6
126 583 200 10 50 0.015 0.6
94 451 200 10 50 0.015 0.62
90 425 200 10 50 0.015 0.62
105 486 200 10 50 0.015 0.62
96 468 200 10 50 0.015 0.62
79 380 200 10 50 0.015 0.64
75 360 200 10 50 0.015 0.64
88 409 200 10 50 0.015 0.64
86 414 200 10 50 0.015 0.64
82 386 200 10 50 0.015 0.66
73 347 200 10 50 0.015 0.66
103 487 200 10 50 0.015 0.66
68 333 200 10 50 0.015 0.66
67 324 200 10 50 0.015 0.68
66 315 200 10 50 0.015 0.68
63 304 200 10 50 0.015 0.68
84 398 200 10 50 0.015 0.68
56 274 200 10 50 0.015 0.7
47 235 200 10 50 0.015 0.7
77 374 200 10 50 0.015 0.7
91 472 200 10 50 0.015 0.7
426 1670 200 10 100 0.005 0.6
420 1665 200 10 100 0.005 0.6
527 2079 200 10 100 0.005 0.6
463 1849 200 10 100 0.005 0.6
258 1016 200 10 100 0.005 0.62
172 740 200 10 100 0.005 0.62
234 907 200 10 100 0.005 0.62
210 900 200 10 100 0.005 0.62
231 971 200 10 100 0.005 0.64
299 1194 200 10 100 0.005 0.64
272 1137 200 10 100 0.005 0.64
344 1431 200 10 100 0.005 0.64
212 896 200 10 100 0.005 0.66
198 813 200 10 100 0.005 0.66
266 1108 200 10 100 0.005 0.66
146 649 200 10 100 0.005 0.66
229 983 200 10 100 0.005 0.68
262 1025 200 10 100 0.005 0.68
262 1096 200 10 100 0.005 0.68
281 1146 200 10 100 0.005 0.68
147 637 200 10 100 0.005 0.7
133 598 200 10 100 0.005 0.7
206 890 200 10 100 0.005 0.7
119 556 200 10 100 0.005 0.7
171 631 200 10 100 0.01 0.6
251 963 200 10 100 0.01 0.6
226 850 200 10 100 0.01 0.6
249 1000 200 10 100 0.01 0.6
109 469 200 10 100 0.01 0.62
79 353 200 10 100 0.01 0.62
129 545 200 10 100 0.01 0.62
105 471 200 10 100 0.01 0.62
107 483 200 10 100 0.01 0.64
106 473 200 10 100 0.01 0.64
140 576 200 10 100 0.01 0.64
106 485 200 10 100 0.01 0.64
102 445 200 10 100 0.01 0.66
125 536 200 10 100 0.01 0.66
103 445 200 10 100 0.01 0.66
131 566 200 10 100 0.01 0.66
121 518 200 10 100 0.01 0.68
96 422 200 10 100 0.01 0.68
99 432 200 10 100 0.01 0.68
127 561 200 10 100 0.01 0.68
77 351 200 10 100 0.01 0.7
51 243 200 10 100 0.01 0.7
65 300 200 10 100 0.01 0.7
91 412 200 10 100 0.01 0.7
167 666 200 10 100 0.015 0.6
136 567 200 10 100 0.015 0.6
95 404 200 10 100 0.015 0.6
212 843 200 10 100 0.015 0.6
63 295 200 10 100 0.015 0.62
100 448 200 10 100 0.015 0.62
117 496 200 10 100 0.015 0.62
120 519 200 10 100 0.015 0.62
79 356 200 10 100 0.015 0.64
113 451 200 10 100 0.015 0.64
114 453 200 10 100 0.015 0.64
80 339 200 10 100 0.015 0.64
88 383 200 10 100 0.015 0.66
77 344 200 10 100 0.015 0.66
102 428 200 10 100 0.015 0.66
108 480 200 10 100 0.015 0.66
103 416 200 10 100 0.015 0.68
97 415 200 10 100 0.015 0.68
101 434 200 10 100 0.015 0.68
105 449 200 10 100 0.015 0.68
80 355 200 10 100 0.015 0.7
45 216 200 10 100 0.015 0.7
96 421 200 10 100 0.015 0.7
57 272 200 10 100 0.015 0.7
489 1657 200 10 150 0.005 0.6
517 1686 200 10 150 0.005 0.6
571 1852 200 10 150 0.005 0.6
672 2216 200 10 150 0.005 0.6
236 881 200 10 150 0.005 0.62
274 1033 200 10 150 0.005 0.62
358 1281 200 10 150 0.005 0.62
220 816 200 10 150 0.005 0.62
250 967 200 10 150 0.005 0.64
223 853 200 10 150 0.005 0.64
244 948 200 10 150 0.005 0.64
245 939 200 10 150 0.005 0.64
181 724 200 10 150 0.005 0.66
240 918 200 10 150 0.005 0.66
258 949 200 10 150 0.005 0.66
210 799 200 10 150 0.005 0.66
282 1036 200 10 150 0.005 0.68
290 1100 200 10 150 0.005 0.68
286 1066 200 10 150 0.005 0.68
307 1110 200 10 150 0.005 0.68
170 692 200 10 150 0.005 0.7
103 447 200 10 150 0.005 0.7
153 645 200 10 150 0.005 0.7
152 635 200 10 150 0.005 0.7
250 872 200 10 150 0.01 0.6
221 772 200 10 150 0.01 0.6
172 636 200 10 150 0.01 0.6
312 1004 200 10 150 0.01 0.6
159 609 200 10 150 0.01 0.62
87 368 200 10 150 0.01 0.62
126 507 200 10 150 0.01 0.62
134 544 200 10 150 0.01 0.62
109 434 200 10 150 0.01 0.64
120 486 200 10 150 0.01 0.64
132 508 200 10 150 0.01 0.64
139 557 200 10 150 0.01 0.64
126 496 200 10 150 0.01 0.66
86 365 200 10 150 0.01 0.66
118 472 200 10 150 0.01 0.66
136 559 200 10 150 0.01 0.66
105 422 200 10 150 0.01 0.68
162 633 200 10 150 0.01 0.68
127 510 200 10 150 0.01 0.68
156 602 200 10 150 0.01 0.68
80 342 200 10 150 0.01 0.7
61 273 200 10 150 0.01 0.7
86 359 200 10 150 0.01 0.7
73 325 200 10 150 0.01 0.7
110 427 200 10 150 0.015 0.6
141 508 200 10 150 0.015 0.6
210 664 200 10 150 0.015 0.6
186 684 200 10 150 0.015 0.6
97 399 200 10 150 0.015 0.62
103 405 200 10 150 0.015 0.62
115 466 200 10 150 0.015 0.62
100 379 200 10 150 0.015 0.62
70 298 200 10 150 0.015 0.64
103 399 200 10 150 0.015 0.64
127 492 200 10 150 0.015 0.64
88 367 200 10 150 0.015 0.64
107 428 200 10 150 0.015 0.66
131 506 200 10 150 0.015 0.66
165 596 200 10 150 0.015 0.66
83 350 200 10 150 0.015 0.66
104 412 200 10 150 0.015 0.68
72 313 200 10 150 0.015 0.68
133 514 200 10 150 0.015 0.68
133 533 200 10 150 0.015 0.68
95 387 200 10 150 0.015 0.7
46 186 200 10 150 0.015 0.7
79 331 200 10 150 0.015 0.7
89 370 200 10 150 0.015 0.7
537 1536 200 10 200 0.005 0.6
664 1874 200 10 200 0.005 0.6
748 2047 200 10 200 0.005 0.6
653 1824 200 10 200 0.005 0.6
290 989 200 10 200 0.005 0.62
245 853 200 10 200 0.005 0.62
280 964 200 10 200 0.005 0.62
321 1098 200 10 200 0.005 0.62
252 880 200 10 200 0.005 0.64
237 846 200 10 200 0.005 0.64
295 970 200 10 200 0.005 0.64
220 810 200 10 200 0.005 0.64
258 903 200 10 200 0.005 0.66
235 822 200 10 200 0.005 0.66
238 857 200 10 200 0.005 0.66
308 1001 200 10 200 0.005 0.66
266 905 200 10 200 0.005 0.68
358 1096 200 10 200 0.005 0.68
430 1323 200 10 200 0.005 0.68
301 1035 200 10 200 0.005 0.68
152 563 200 10 200 0.005 0.7
128 489 200 10 200 0.005 0.7
166 622 200 10 200 0.005 0.7
180 686 200 10 200 0.005 0.7
283 797 200 10 200 0.01 0.6
261 832 200 10 200 0.01 0.6
305 866 200 10 200 0.01 0.6
293 865 200 10 200 0.01 0.6
157 401 200 10 200 0.01 0.62
161 600 200 10 200 0.01 0.62
252 670 200 10 200 0.01 0.62
103 397 200 10 200 0.01 0.62
121 444 200 10 200 0.01 0.64
235 739 200 10 200 0.01 0.64
265 759 200 10 200 0.01 0.64
174 597 200 10 200 0.01 0.64
172 608 200 10 200 0.01 0.66
121 457 200 10 200 0.01 0.66
160 525 200 10 200 0.01 0.66
159 544 200 10 200 0.01 0.66
145 498 200 10 200 0.01 0.68
146 516 200 10 200 0.01 0.68
155 534 200 10 200 0.01 0.68
166 587 200 10 200 0.01 0.68
69 280 200 10 200 0.01 0.7
91 370 200 10 200 0.01 0.7
72 299 200 10 200 0.01 0.7
139 514 200 10 200 0.01 0.7
207 619 200 10 200 0.015 0.6
270 715 200 10 200 0.015 0.6
190 573 200 10 200 0.015 0.6
316 876 200 10 200 0.015 0.6
109 396 200 10 200 0.015 0.62
140 505 200 10 200 0.015 0.62
140 496 200 10 200 0.015 0.62
117 445 200 10 200 0.015 0.62
82 320 200 10 200 0.015 0.64
110 387 200 10 200 0.015 0.64
124 433 200 10 200 0.015 0.64
85 330 200 10 200 0.015 0.64
82 325 200 10 200 0.015 0.66
106 420 200 10 200 0.015 0.66
89 347 200 10 200 0.015 0.66
118 412 200 10 200 0.015 0.66
142 477 200 10 200 0.015 0.68
142 485 200 10 200 0.015 0.68
190 603 200 10 200 0.015 0.68
116 440 200 10 200 0.015 0.68
98 356 200 10 200 0.015 0.7
69 283 200 10 200 0.015 0.7
124 447 200 10 200 0.015 0.7
62 258 200 10 200 0.015 0.7
858 3065 200 15 50 0.005 0.6
1615 5783 200 15 50 0.005 0.6
1838 6513 200 15 50 0.005 0.6
1297 4825 200 15 50 0.005 0.6
545 1994 200 15 50 0.005 0.62
379 1399 200 15 50 0.005 0.62
556 2021 200 15 50 0.005 0.62
397 1457 200 15 50 0.005 0.62
530 1935 200 15 50 0.005 0.64
511 1880 200 15 50 0.005 0.64
600 2189 200 15 50 0.005 0.64
482 1779 200 15 50 0.005 0.64
426 1561 200 15 50 0.005 0.66
394 1450 200 15 50 0.005 0.66
430 1568 200 15 50 0.005 0.66
566 2094 200 15 50 0.005 0.66
196 745 200 15 50 0.005 0.68
247 935 200 15 50 0.005 0.68
335 1245 200 15 50 0.005 0.68
222 872 200 15 50 0.005 0.68
193 721 200 15 50 0.005 0.7
194 738 200 15 50 0.005 0.7
279 1035 200 15 50 0.005 0.7
327 1272 200 15 50 0.005 0.7
270 984 200 15 50 0.01 0.6
321 1169 200 15 50 0.01 0.6
329 1192 200 15 50 0.01 0.6
407 1516 200 15 50 0.01 0.6
140 534 200 15 50 0.01 0.62
167 617 200 15 50 0.01 0.62
158 595 200 15 50 0.01 0.62
246 928 200 15 50 0.01 0.62
156 578 200 15 50 0.01 0.64
165 622 200 15 50 0.01 0.64
213 782 200 15 50 0.01 0.64
153 579 200 15 50 0.01 0.64
204 754 200 15 50 0.01 0.66
163 607 200 15 50 0.01 0.66
196 724 200 15 50 0.01 0.66
196 736 200 15 50 0.01 0.66
115 434 200 15 50 0.01 0.68
138 517 200 15 50 0.01 0.68
91 350 200 15 50 0.01 0.68
171 627 200 15 50 0.01 0.68
136 507 200 15 50 0.01 0.7
69 259 200 15 50 0.01 0.7
118 432 200 15 50 0.01 0.7
96 363 200 15 50 0.01 0.7
137 504 200 15 50 0.015 0.6
113 419 200 15 50 0.015 0.6
260 959 200 15 50 0.015 0.6
189 753 200 15 50 0.015 0.6
93 354 200 15 50 0.015 0.62
110 388 200 15 50 0.015 0.62
141 529 200 15 50 0.015 0.62
100 361 200 15 50 0.015 0.62
110 411 200 15 50 0.015 0.64
95 356 200 15 50 0.015 0.64
130 481 200 15 50 0.015 0.64
111 422 200 15 50 0.015 0.64
94 353 200 15 50 0.015 0.66
105 398 200 15 50 0.015 0.66
207 763 200 15 50 0.015 0.66
111 441 200 15 50 0.015 0.66
67 263 200 15 50 0.015 0.68
91 342 200 15 50 0.015 0.68
63 240 200 15 50 0.015 0.68
104 391 200 15 50 0.015 0.68
98 368 200 15 50 0.015 0.7
65 242 200 15 50 0.015 0.7
89 329 200 15 50 0.015 0.7
137 515 200 15 50 0.015 0.7
1025 3104 200 15 100 0.005 0.6
900 2764 200 15 100 0.005 0.6
1986 5897 200 15 100 0.005 0.6
1304 4087 200 15 100 0.005 0.6
476 1518 200 15 100 0.005 0.62
394 1271 200 15 100 0.005 0.62
730 2275 200 15 100 0.005 0.62
427 1430 200 15 100 0.005 0.62
408 1289 200 15 100 0.005 0.64
523 1705 200 15 100 0.005 0.64
588 1836 200 15 100 0.005 0.64
551 1779 200 15 100 0.005 0.64
571 1805 200 15 100 0.005 0.66
1010 3095 200 15 100 0.005 0.66
964 2953 200 15 100 0.005 0.66
668 2144 200 15 100 0.005 0.66
199 664 200 15 100 0.005 0.68
323 1075 200 15 100 0.005 0.68
269 911 200 15 100 0.005 0.68
257 876 200 15 100 0.005 0.68
221 748 200 15 100 0.005 0.7
225 782 200 15 100 0.005 0.7
260 868 200 15 100 0.005 0.7
256 881 200 15 100 0.005 0.7
383 1181 200 15 100 0.01 0.6
349 1095 200 15 100 0.01 0.6
343 1073 200 15 100 0.01 0.6
502 1563 200 15 100 0.01 0.6
164 556 200 15 100 0.01 0.62
141 477 200 15 100 0.01 0.62
225 732 200 15 100 0.01 0.62
178 626 200 15 100 0.01 0.62
164 539 200 15 100 0.01 0.64
192 635 200 15 100 0.01 0.64
239 775 200 15 100 0.01 0.64
153 527 200 15 100 0.01 0.64
243 782 200 15 100 0.01 0.66
107 373 200 15 100 0.01 0.66
175 576 200 15 100 0.01 0.66
177 612 200 15 100 0.01 0.66
138 470 200 15 100 0.01 0.68
119 416 200 15 100 0.01 0.68
139 484 200 15 100 0.01 0.68
129 447 200 15 100 0.01 0.68
134 453 200 15 100 0.01 0.7
113 392 200 15 100 0.01 0.7
125 442 200 15 100 0.01 0.7
123 427 200 15 100 0.01 0.7
150 499 200 15 100 0.015 0.6
193 613 200 15 100 0.015 0.6
182 603 200 15 100 0.015 0.6
180 602 200 15 100 0.015 0.6
124 437 200 15 100 0.015 0.62
115 384 200 15 100 0.015 0.62
166 556 200 15 100 0.015 0.62
153 523 200 15 100 0.015 0.62
123 414 200 15 100 0.015 0.64
177 593 200 15 100 0.015 0.64
181 563 200 15 100 0.015 0.64
169 565 200 15 100 0.015 0.64
138 437 200 15 100 0.015 0.66
160 501 200 15 100 0.015 0.66
159 489 200 15 100 0.015 0.66
141 459 200 15 100 0.015 0.66
77 254 200 15 100 0.015 0.68
79 287 200 15 100 0.015 0.68
94 320 200 15 100 0.015 0.68
98 344 200 15 100 0.015 0.68
100 341 200 15 100 0.015 0.7
60 220 200 15 100 0.015 0.7
95 331 200 15 100 0.015 0.7
93 334 200 15 100 0.015 0.7
1806 4328 200 15 150 0.005 0.6
2003 4879 200 15 150 0.005 0.6
1467 3676 200 15 150 0.005 0.6
2581 6172 200 15 150 0.005 0.6
616 1666 200 15 150 0.005 0.62
786 2055 200 15 150 0.005 0.62
580 1578 200 15 150 0.005 0.62
914 2409 200 15 150 0.005 0.62
491 1395 200 15 150 0.005 0.64
536 1508 200 15 150 0.005 0.64
719 1943 200 15 150 0.005 0.64
566 1551 200 15 150 0.005 0.64
814 2148 200 15 150 0.005 0.66
698 1899 200 15 150 0.005 0.66
842 2244 200 15 150 0.005 0.66
849 2238 200 15 150 0.005 0.66
232 709 200 15 150 0.005 0.68
320 1009 200 15 150 0.005 0.68
383 1076 200 15 150 0.005 0.68
247 776 200 15 150 0.005 0.68
285 834 200 15 150 0.005 0.7
267 855 200 15 150 0.005 0.7
176 527 200 15 150 0.005 0.7
378 1096 200 15 150 0.005 0.7
368 1030 200 15 150 0.01 0.6
372 999 200 15 150 0.01 0.6
589 1474 200 15 150 0.01 0.6
397 1064 200 15 150 0.01 0.6
230 651 200 15 150 0.01 0.62
195 587 200 15 150 0.01 0.62
228 717 200 15 150 0.01 0.62
264 751 200 15 150 0.01 0.62
189 570 200 15 150 0.01 0.64
176 545 200 15 150 0.01 0.64
263 758 200 15 150 0.01 0.64
274 806 200 15 150 0.01 0.64
274 812 200 15 150 0.01 0.66
207 643 200 15 150 0.01 0.66
217 631 200 15 150 0.01 0.66
274 796 200 15 150 0.01 0.66
110 366 200 15 150 0.01 0.68
121 392 200 15 150 0.01 0.68
130 424 200 15 150 0.01 0.68
160 517 200 15 150 0.01 0.68
181 570 200 15 150 0.01 0.7
111 360 200 15 150 0.01 0.7
99 338 200 15 150 0.01 0.7
211 634 200 15 150 0.01 0.7
319 889 200 15 150 0.015 0.6
256 741 200 15 150 0.015 0.6
351 946 200 15 150 0.015 0.6
285 783 200 15 150 0.015 0.6
160 491 200 15 150 0.015 0.62
89 300 200 15 150 0.015 0.62
169 514 200 15 150 0.015 0.62
173 551 200 15 150 0.015 0.62
141 435 200 15 150 0.015 0.64
130 401 200 15 150 0.015 0.64
164 496 200 15 150 0.015 0.64
138 457 200 15 150 0.015 0.64
147 452 200 15 150 0.015 0.66
141 457 200 15 150 0.015 0.66
207 597 200 15 150 0.015 0.66
141 451 200 15 150 0.015 0.66
67 233 200 15 150 0.015 0.68
79 262 200 15 150 0.015 0.68
78 262 200 15 150 0.015 0.68
77 266 200 15 150 0.015 0.68
99 330 200 15 150 0.015 0.7
86 289 200 15 150 0.015 0.7
86 296 200 15 150 0.015 0.7
128 402 200 15 150 0.015 0.7
2775 5405 200 15 200 0.005 0.6
2143 4231 200 15 200 0.005 0.6
3414 6510 200 15 200 0.005 0.6
2304 4616 200 15 200 0.005 0.6
764 1799 200 15 200 0.005 0.62
654 1514 200 15 200 0.005 0.62
785 1810 200 15 200 0.005 0.62
749 1729 200 15 200 0.005 0.62
902 2027 200 15 200 0.005 0.64
989 2180 200 15 200 0.005 0.64
1283 2639 200 15 200 0.005 0.64
722 1706 200 15 200 0.005 0.64
648 1536 200 15 200 0.005 0.66
511 1296 200 15 200 0.005 0.66
807 1805 200 15 200 0.005 0.66
860 2039 200 15 200 0.005 0.66
400 1011 200 15 200 0.005 0.68
231 639 200 15 200 0.005 0.68
370 1016 200 15 200 0.005 0.68
390 1015 200 15 200 0.005 0.68
160 495 200 15 200 0.005 0.7
382 1014 200 15 200 0.005 0.7
191 589 200 15 200 0.005 0.7
446 1115 200 15 200 0.005 0.7
605 1334 200 15 200 0.01 0.6
394 973 200 15 200 0.01 0.6
533 1194 200 15 200 0.01 0.6
620 1322 200 15 200 0.01 0.6
297 807 200 15 200 0.01 0.62
260 721 200 15 200 0.01 0.62
397 967 200 15 200 0.01 0.62
340 871 200 15 200 0.01 0.62
193 570 200 15 200 0.01 0.64
229 637 200 15 200 0.01 0.64
267 640 200 15 200 0.01 0.64
335 844 200 15 200 0.01 0.64
254 669 200 15 200 0.01 0.66
255 709 200 15 200 0.01 0.66
302 761 200 15 200 0.01 0.66
230 616 200 15 200 0.01 0.66
126 392 200 15 200 0.01 0.68
124 392 200 15 200 0.01 0.68
156 454 200 15 200 0.01 0.68
106 339 200 15 200 0.01 0.68
109 357 200 15 200 0.01 0.7
202 557 200 15 200 0.01 0.7
155 456 200 15 200 0.01 0.7
222 604 200 15 200 0.01 0.7
204 535 200 15 200 0.015 0.6
298 756 200 15 200 0.015 0.6
283 701 200 15 200 0.015 0.6
248 639 200 15 200 0.015 0.6
121 381 200 15 200 0.015 0.62
146 420 200 15 200 0.015 0.62
178 478 200 15 200 0.015 0.62
175 486 200 15 200 0.015 0.62
130 404 200 15 200 0.015 0.64
120 349 200 15 200 0.015 0.64
145 429 200 15 200 0.015 0.64
200 529 200 15 200 0.015 0.64
144 432 200 15 200 0.015 0.66
130 393 200 15 200 0.015 0.66
157 438 200 15 200 0.015 0.66
245 618 200 15 200 0.015 0.66
90 282 200 15 200 0.015 0.68
75 238 200 15 200 0.015 0.68
62 205 200 15 200 0.015 0.68
123 377 200 15 200 0.015 0.68
117 355 200 15 200 0.015 0.7
86 273 200 15 200 0.015 0.7
108 337 200 15 200 0.015 0.7
173 513 200 15 200 0.015 0.7
7396 22209 200 20 50 0.005 0.6
4732 14084 200 20 50 0.005 0.6
5964 17802 200 20 50 0.005 0.6
7976 24101 200 20 50 0.005 0.6
1614 4793 200 20 50 0.005 0.62
1564 4686 200 20 50 0.005 0.62
1628 4837 200 20 50 0.005 0.62
3196 9875 200 20 50 0.005 0.62
1873 5653 200 20 50 0.005 0.64
1991 5989 200 20 50 0.005 0.64
1822 5452 200 20 50 0.005 0.64
2944 8972 200 20 50 0.005 0.64
842 2540 200 20 50 0.005 0.66
993 3006 200 20 50 0.005 0.66
1537 4658 200 20 50 0.005 0.66
638 2011 200 20 50 0.005 0.66
664 2012 200 20 50 0.005 0.68
693 2120 200 20 50 0.005 0.68
578 1757 200 20 50 0.005 0.68
1041 3199 200 20 50 0.005 0.68
359 1046 200 20 50 0.005 0.7
271 839 200 20 50 0.005 0.7
382 1138 200 20 50 0.005 0.7
296 919 200 20 50 0.005 0.7
810 2423 200 20 50 0.01 0.6
715 2113 200 20 50 0.01 0.6
1095 3290 200 20 50 0.01 0.6
639 1923 200 20 50 0.01 0.6
408 1209 200 20 50 0.01 0.62
236 734 200 20 50 0.01 0.62
658 1954 200 20 50 0.01 0.62
424 1349 200 20 50 0.01 0.62
295 878 200 20 50 0.01 0.64
392 1164 200 20 50 0.01 0.64
339 1015 200 20 50 0.01 0.64
566 1708 200 20 50 0.01 0.64
192 593 200 20 50 0.01 0.66
316 958 200 20 50 0.01 0.66
403 1229 200 20 50 0.01 0.66
322 1012 200 20 50 0.01 0.66
223 695 200 20 50 0.01 0.68
202 630 200 20 50 0.01 0.68
347 1055 200 20 50 0.01 0.68
228 722 200 20 50 0.01 0.68
111 346 200 20 50 0.01 0.7
88 277 200 20 50 0.01 0.7
116 364 200 20 50 0.01 0.7
124 398 200 20 50 0.01 0.7
359 1089 200 20 50 0.015 0.6
278 842 200 20 50 0.015 0.6
486 1467 200 20 50 0.015 0.6
280 862 200 20 50 0.015 0.6
155 471 200 20 50 0.015 0.62
126 393 200 20 50 0.015 0.62
190 583 200 20 50 0.015 0.62
177 554 200 20 50 0.015 0.62
235 665 200 20 50 0.015 0.64
186 563 200 20 50 0.015 0.64
171 505 200 20 50 0.015 0.64
296 876 200 20 50 0.015 0.64
100 315 200 20 50 0.015 0.66
123 388 200 20 50 0.015 0.66
93 290 200 20 50 0.015 0.66
131 410 200 20 50 0.015 0.66
159 477 200 20 50 0.015 0.68
124 359 200 20 50 0.015 0.68
205 603 200 20 50 0.015 0.68
154 477 200 20 50 0.015 0.68
72 228 200 20 50 0.015 0.7
61 186 200 20 50 0.015 0.7
75 230 200 20 50 0.015 0.7
90 286 200 20 50 0.015 0.7
5048 12489 200 20 100 0.005 0.6
7415 18374 200 20 100 0.005 0.6
9692 23967 200 20 100 0.005 0.6
5143 12954 200 20 100 0.005 0.6
1491 3789 200 20 100 0.005 0.62
1252 3213 200 20 100 0.005 0.62
2559 6437 200 20 100 0.005 0.62
2319 6013 200 20 100 0.005 0.62
1375 3506 200 20 100 0.005 0.64
1510 3845 200 20 100 0.005 0.64
3330 8364 200 20 100 0.005 0.64
1807 4722 200 20 100 0.005 0.64
636 1641 200 20 100 0.005 0.66
838 2193 200 20 100 0.005 0.66
673 1755 200 20 100 0.005 0.66
940 2479 200 20 100 0.005 0.66
876 2267 200 20 100 0.005 0.68
514 1405 200 20 100 0.005 0.68
834 2174 200 20 100 0.005 0.68
960 2510 200 20 100 0.005 0.68
271 782 200 20 100 0.005 0.7
329 907 200 20 100 0.005 0.7
699 1844 200 20 100 0.005 0.7
393 1126 200 20 100 0.005 0.7
803 2041 200 20 100 0.01 0.6
764 1964 200 20 100 0.01 0.6
694 1798 200 20 100 0.01 0.6
1303 3315 200 20 100 0.01 0.6
544 1419 200 20 100 0.01 0.62
475 1278 200 20 100 0.01 0.62
658 1706 200 20 100 0.01 0.62
372 1021 200 20 100 0.01 0.62
422 1121 200 20 100 0.01 0.64
379 1018 200 20 100 0.01 0.64
860 2206 200 20 100 0.01 0.64
467 1278 200 20 100 0.01 0.64
161 476 200 20 100 0.01 0.66
199 578 200 20 100 0.01 0.66
287 791 200 20 100 0.01 0.66
134 407 200 20 100 0.01 0.66
264 730 200 20 100 0.01 0.68
164 474 200 20 100 0.01 0.68
256 705 200 20 100 0.01 0.68
195 572 200 20 100 0.01 0.68
98 288 200 20 100 0.01 0.7
156 453 200 20 100 0.01 0.7
136 394 200 20 100 0.01 0.7
147 440 200 20 100 0.01 0.7
445 1190 200 20 100 0.015 0.6
236 666 200 20 100 0.015 0.6
262 706 200 20 100 0.015 0.6
427 1124 200 20 100 0.015 0.6
239 653 200 20 100 0.015 0.62
122 361 200 20 100 0.015 0.62
152 439 200 20 100 0.015 0.62
275 755 200 20 100 0.015 0.62
156 454 200 20 100 0.015 0.64
213 600 200 20 100 0.015 0.64
268 730 200 20 100 0.015 0.64
194 553 200 20 100 0.015 0.64
127 359 200 20 100 0.015 0.66
137 396 200 20 100 0.015 0.66
123 356 200 20 100 0.015 0.66
144 423 200 20 100 0.015 0.66
105 307 200 20 100 0.015 0.68
199 538 200 20 100 0.015 0.68
142 410 200 20 100 0.015 0.68
248 675 200 20 100 0.015 0.68
76 220 200 20 100 0.015 0.7
109 314 200 20 100 0.015 0.7
83 238 200 20 100 0.015 0.7
150 431 200 20 100 0.015 0.7
7700 15479 200 20 150 0.005 0.6
4999 10115 200 20 150 0.005 0.6
7246 14419 200 20 150 0.005 0.6
8436 16993 200 20 150 0.005 0.6
1996 4142 200 20 150 0.005 0.62
1127 2456 200 20 150 0.005 0.62
2209 4579 200 20 150 0.005 0.62
1692 3600 200 20 150 0.005 0.62
2368 4933 200 20 150 0.005 0.64
2252 4669 200 20 150 0.005 0.64
3490 7121 200 20 150 0.005 0.64
3330 7007 200 20 150 0.005 0.64
966 2168 200 20 150 0.005 0.66
557 1324 200 20 150 0.005 0.66
894 2061 200 20 150 0.005 0.66
882 2012 200 20 150 0.005 0.66
469 1138 200 20 150 0.005 0.68
1301 2883 200 20 150 0.005 0.68
1255 2713 200 20 150 0.005 0.68
812 1883 200 20 150 0.005 0.68
421 1060 200 20 150 0.005 0.7
266 707 200 20 150 0.005 0.7
346 922 200 20 150 0.005 0.7
397 999 200 20 150 0.005 0.7
1419 2335 200 20 150 0.01 0.6
1248 2030 200 20 150 0.01 0.6
1255 2048 200 20 150 0.01 0.6
1807 2919 200 20 150 0.01 0.6
472 1118 200 20 150 0.01 0.62
489 1128 200 20 150 0.01 0.62
714 1545 200 20 150 0.01 0.62
491 1155 200 20 150 0.01 0.62
468 1098 200 20 150 0.01 0.64
326 796 200 20 150 0.01 0.64
681 1518 200 20 150 0.01 0.64
437 1066 200 20 150 0.01 0.64
249 606 200 20 150 0.01 0.66
167 455 200 20 150 0.01 0.66
325 768 200 20 150 0.01 0.66
170 474 200 20 150 0.01 0.66
242 613 200 20 150 0.01 0.68
289 726 200 20 150 0.01 0.68
327 818 200 20 150 0.01 0.68
301 759 200 20 150 0.01 0.68
127 341 200 20 150 0.01 0.7
118 332 200 20 150 0.01 0.7
165 443 200 20 150 0.01 0.7
155 434 200 20 150 0.01 0.7
358 844 200 20 150 0.015 0.6
344 820 200 20 150 0.015 0.6
421 962 200 20 150 0.015 0.6
351 819 200 20 150 0.015 0.6
201 500 200 20 150 0.015 0.62
150 404 200 20 150 0.015 0.62
421 951 200 20 150 0.015 0.62
218 583 200 20 150 0.015 0.62
169 424 200 20 150 0.015 0.64
186 450 200 20 150 0.015 0.64
152 401 200 20 150 0.015 0.64
460 1040 200 20 150 0.015 0.64
160 403 200 20 150 0.015 0.66
116 322 200 20 150 0.015 0.66
178 463 200 20 150 0.015 0.66
142 392 200 20 150 0.015 0.66
122 334 200 20 150 0.015 0.68
153 402 200 20 150 0.015 0.68
218 506 200 20 150 0.015 0.68
212 560 200 20 150 0.015 0.68
95 256 200 20 150 0.015 0.7
84 230 200 20 150 0.015 0.7
110 305 200 20 150 0.015 0.7
185 465 200 20 150 0.015 0.7
2891 4906 200 20 200 0.005 0.6
8845 14056 200 20 200 0.005 0.6
8142 12988 200 20 200 0.005 0.6
8127 13242 200 20 200 0.005 0.6
1861 3302 200 20 200 0.005 0.62
2241 3892 200 20 200 0.005 0.62
2934 4980 200 20 200 0.005 0.62
1953 3454 200 20 200 0.005 0.62
3587 5965 200 20 200 0.005 0.64
3053 5196 200 20 200 0.005 0.64
4339 7081 200 20 200 0.005 0.64
4059 6888 200 20 200 0.005 0.64
1263 2217 200 20 200 0.005 0.66
727 1525 200 20 200 0.005 0.66
1348 2452 200 20 200 0.005 0.66
983 1939 200 20 200 0.005 0.66
1381 2535 200 20 200 0.005 0.68
882 1780 200 20 200 0.005 0.68
2293 4039 200 20 200 0.005 0.68
1276 2410 200 20 200 0.005 0.68
317 786 200 20 200 0.005 0.7
503 1071 200 20 200 0.005 0.7
398 941 200 20 200 0.005 0.7
441 956 200 20 200 0.005 0.7
2111 3525 200 20 200 0.01 0.6
878 1660 200 20 200 0.01 0.6
1142 1971 200 20 200 0.01 0.6
2528 4109 200 20 200 0.01 0.6
517 1066 200 20 200 0.01 0.62
562 1113 200 20 200 0.01 0.62
560 1126 200 20 200 0.01 0.62
736 1354 200 20 200 0.01 0.62
582 1136 200 20 200 0.01 0.64
383 816 200 20 200 0.01 0.64
954 1735 200 20 200 0.01 0.64
824 1528 200 20 200 0.01 0.64
222 528 200 20 200 0.01 0.66
144 368 200 20 200 0.01 0.66
299 637 200 20 200 0.01 0.66
185 491 200 20 200 0.01 0.66
336 739 200 20 200 0.01 0.68
321 764 200 20 200 0.01 0.68
324 705 200 20 200 0.01 0.68
452 905 200 20 200 0.01 0.68
196 363 200 20 200 0.01 0.7
333 587 200 20 200 0.01 0.7
359 563 200 20 200 0.01 0.7
172 412 200 20 200 0.01 0.7
480 912 200 20 200 0.015 0.6
253 529 200 20 200 0.015 0.6
547 1043 200 20 200 0.015 0.6
475 996 200 20 200 0.015 0.6
279 589 200 20 200 0.015 0.62
231 533 200 20 200 0.015 0.62
411 755 200 20 200 0.015 0.62
273 614 200 20 200 0.015 0.62
235 534 200 20 200 0.015 0.64
168 411 200 20 200 0.015 0.64
248 563 200 20 200 0.015 0.64
347 770 200 20 200 0.015 0.64
114 286 200 20 200 0.015 0.66
128 334 200 20 200 0.015 0.66
302 620 200 20 200 0.015 0.66
95 269 200 20 200 0.015 0.66
280 442 200 20 200 0.015 0.68
234 231 200 20 200 0.015 0.68
323 464 200 20 200 0.015 0.68
251 330 200 20 200 0.015 0.68
97 266 200 20 200 0.015 0.7
142 370 200 20 200 0.015 0.7
95 255 200 20 200 0.015 0.7
150 375 200 20 200 0.015 0.7
8975 22915 200 25 50 0.005 0.6
13039 33269 200 25 50 0.005 0.6
19182 48995 200 25 50 0.005 0.6
33324 88598 200 25 50 0.005 0.6
4949 12667 200 25 50 0.005 0.62
9235 23627 200 25 50 0.005 0.62
5950 15158 200 25 50 0.005 0.62
10138 26117 200 25 50 0.005 0.62
4709 11994 200 25 50 0.005 0.64
10311 26196 200 25 50 0.005 0.64
5503 13998 200 25 50 0.005 0.64
11217 28720 200 25 50 0.005 0.64
1404 3595 200 25 50 0.005 0.66
5179 13275 200 25 50 0.005 0.66
5320 13648 200 25 50 0.005 0.66
2356 6189 200 25 50 0.005 0.66
2250 5760 200 25 50 0.005 0.68
2593 6662 200 25 50 0.005 0.68
3875 9932 200 25 50 0.005 0.68
2641 6974 200 25 50 0.005 0.68
762 1954 200 25 50 0.005 0.7
1585 4110 200 25 50 0.005 0.7
1265 3227 200 25 50 0.005 0.7
1211 3142 200 25 50 0.005 0.7
1160 2943 200 25 50 0.01 0.6
1197 3053 200 25 50 0.01 0.6
1287 3269 200 25 50 0.01 0.6
1461 3755 200 25 50 0.01 0.6
863 2190 200 25 50 0.01 0.62
676 1744 200 25 50 0.01 0.62
1234 3113 200 25 50 0.01 0.62
904 2381 200 25 50 0.01 0.62
1139 2920 200 25 50 0.01 0.64
731 1882 200 25 50 0.01 0.64
1370 3510 200 25 50 0.01 0.64
858 2233 200 25 50 0.01 0.64
448 1158 200 25 50 0.01 0.66
597 1522 200 25 50 0.01 0.66
1151 2956 200 25 50 0.01 0.66
655 1761 200 25 50 0.01 0.66
465 1200 200 25 50 0.01 0.68
499 1246 200 25 50 0.01 0.68
588 1514 200 25 50 0.01 0.68
512 1282 200 25 50 0.01 0.68
228 598 200 25 50 0.01 0.7
221 583 200 25 50 0.01 0.7
330 856 200 25 50 0.01 0.7
220 584 200 25 50 0.01 0.7
604 1540 200 25 50 0.015 0.6
484 1250 200 25 50 0.015 0.6
621 1580 200 25 50 0.015 0.6
590 1531 200 25 50 0.015 0.6
303 750 200 25 50 0.015 0.62
344 899 200 25 50 0.015 0.62
370 916 200 25 50 0.015 0.62
549 1444 200 25 50 0.015 0.62
283 706 200 25 50 0.015 0.64
354 922 200 25 50 0.015 0.64
365 923 200 25 50 0.015 0.64
325 852 200 25 50 0.015 0.64
320 824 200 25 50 0.015 0.66
205 532 200 25 50 0.015 0.66
321 837 200 25 50 0.015 0.66
239 627 200 25 50 0.015 0.66
189 496 200 25 50 0.015 0.68
212 557 200 25 50 0.015 0.68
219 568 200 25 50 0.015 0.68
281 738 200 25 50 0.015 0.68
109 285 200 25 50 0.015 0.7
223 585 200 25 50 0.015 0.7
256 660 200 25 50 0.015 0.7
90 243 200 25 50 0.015 0.7
7849 16881 200 25 100 0.005 0.6
14763 31751 200 25 100 0.005 0.6
28211 60962 200 25 100 0.005 0.6
10489 23332 200 25 100 0.005 0.6
6444 13798 200 25 100 0.005 0.62
8187 17610 200 25 100 0.005 0.62
12168 25987 200 25 100 0.005 0.62
5256 11504 200 25 100 0.005 0.62
5319 11409 200 25 100 0.005 0.64
8991 19252 200 25 100 0.005 0.64
7732 16608 200 25 100 0.005 0.64
11084 24122 200 25 100 0.005 0.64
1932 4257 200 25 100 0.005 0.66
2706 5870 200 25 100 0.005 0.66
3212 7005 200 25 100 0.005 0.66
5331 11780 200 25 100 0.005 0.66
3170 6934 200 25 100 0.005 0.68
2034 4483 200 25 100 0.005 0.68
5711 12370 200 25 100 0.005 0.68
3318 7427 200 25 100 0.005 0.68
1215 2703 200 25 100 0.005 0.7
1087 2458 200 25 100 0.005 0.7
1632 3598 200 25 100 0.005 0.7
1245 2841 200 25 100 0.005 0.7
2439 5266 200 25 100 0.01 0.6
1878 4078 200 25 100 0.01 0.6
3790 8117 200 25 100 0.01 0.6
2332 5204 200 25 100 0.01 0.6
1118 2439 200 25 100 0.01 0.62
694 1553 200 25 100 0.01 0.62
1811 3833 200 25 100 0.01 0.62
1181 2682 200 25 100 0.01 0.62
1253 2764 200 25 100 0.01 0.64
1319 2898 200 25 100 0.01 0.64
1103 2420 200 25 100 0.01 0.64
2843 6180 200 25 100 0.01 0.64
617 1404 200 25 100 0.01 0.66
258 625 200 25 100 0.01 0.66
894 1982 200 25 100 0.01 0.66
328 815 200 25 100 0.01 0.66
541 1232 200 25 100 0.01 0.68
712 1571 200 25 100 0.01 0.68
602 1358 200 25 100 0.01 0.68
694 1509 200 25 100 0.01 0.68
275 652 200 25 100 0.01 0.7
189 464 200 25 100 0.01 0.7
291 692 200 25 100 0.01 0.7
369 880 200 25 100 0.01 0.7
527 1154 200 25 100 0.015 0.6
697 1552 200 25 100 0.015 0.6
917 1989 200 25 100 0.015 0.6
413 935 200 25 100 0.015 0.6
244 581 200 25 100 0.015 0.62
431 965 200 25 100 0.015 0.62
290 688 200 25 100 0.015 0.62
677 1537 200 25 100 0.015 0.62
206 487 200 25 100 0.015 0.64
397 914 200 25 100 0.015 0.64
555 1264 200 25 100 0.015 0.64
326 782 200 25 100 0.015 0.64
161 396 200 25 100 0.015 0.66
173 426 200 25 100 0.015 0.66
234 575 200 25 100 0.015 0.66
305 725 200 25 100 0.015 0.66
96 241 200 25 100 0.015 0.68
244 593 200 25 100 0.015 0.68
263 638 200 25 100 0.015 0.68
198 485 200 25 100 0.015 0.68
95 243 200 25 100 0.015 0.7
169 417 200 25 100 0.015 0.7
245 572 200 25 100 0.015 0.7
118 286 200 25 100 0.015 0.7
21916 38419 200 25 150 0.005 0.6
15413 27021 200 25 150 0.005 0.6
25865 45472 200 25 150 0.005 0.6
16671 29584 200 25 150 0.005 0.6
6542 11492 200 25 150 0.005 0.62
7813 13747 200 25 150 0.005 0.62
8757 15410 200 25 150 0.005 0.62
6843 12127 200 25 150 0.005 0.62
11093 19435 200 25 150 0.005 0.64
10290 18053 200 25 150 0.005 0.64
13500 23551 200 25 150 0.005 0.64
8579 15130 200 25 150 0.005 0.64
1926 3620 200 25 150 0.005 0.66
1845 3513 200 25 150 0.005 0.66
3792 6849 200 25 150 0.005 0.66
3218 5984 200 25 150 0.005 0.66
3975 7144 200 25 150 0.005 0.68
2087 3844 200 25 150 0.005 0.68
3970 7172 200 25 150 0.005 0.68
5408 9771 200 25 150 0.005 0.68
1529 2919 200 25 150 0.005 0.7
1632 3079 200 25 150 0.005 0.7
1534 2904 200 25 150 0.005 0.7
1966 3705 200 25 150 0.005 0.7
3512 4401 200 25 150 0.01 0.6
4867 6048 200 25 150 0.01 0.6
4501 6064 200 25 150 0.01 0.6
4220 6018 200 25 150 0.01 0.6
2964 4313 200 25 150 0.01 0.62
1944 2653 200 25 150 0.01 0.62
4100 5466 200 25 150 0.01 0.62
2198 3528 200 25 150 0.01 0.62
861 1623 200 25 150 0.01 0.64
1516 2770 200 25 150 0.01 0.64
1541 2841 200 25 150 0.01 0.64
1346 2527 200 25 150 0.01 0.64
900 1727 200 25 150 0.01 0.66
408 861 200 25 150 0.01 0.66
615 1248 200 25 150 0.01 0.66
1010 1894 200 25 150 0.01 0.66
536 1051 200 25 150 0.01 0.68
465 958 200 25 150 0.01 0.68
792 1534 200 25 150 0.01 0.68
1227 2315 200 25 150 0.01 0.68
286 633 200 25 150 0.01 0.7
349 752 200 25 150 0.01 0.7
449 926 200 25 150 0.01 0.7
537 1120 200 25 150 0.01 0.7
404 827 200 25 150 0.015 0.6
866 1640 200 25 150 0.015 0.6
1177 2193 200 25 150 0.015 0.6
1342 2496 200 25 150 0.015 0.6
428 889 200 25 150 0.015 0.62
616 1204 200 25 150 0.015 0.62
758 1474 200 25 150 0.015 0.62
441 944 200 25 150 0.015 0.62
393 819 200 25 150 0.015 0.64
309 651 200 25 150 0.015 0.64
511 1001 200 25 150 0.015 0.64
435 887 200 25 150 0.015 0.64
161 365 200 25 150 0.015 0.66
177 402 200 25 150 0.015 0.66
224 468 200 25 150 0.015 0.66
377 761 200 25 150 0.015 0.66
320 670 200 25 150 0.015 0.68
192 408 200 25 150 0.015 0.68
261 559 200 25 150 0.015 0.68
313 683 200 25 150 0.015 0.68
129 300 200 25 150 0.015 0.7
160 378 200 25 150 0.015 0.7
214 490 200 25 150 0.015 0.7
178 409 200 25 150 0.015 0.7
26758 37517 200 25 200 0.005 0.6
18047 25412 200 25 200 0.005 0.6
44366 61968 200 25 200 0.005 0.6
51607 73438 200 25 200 0.005 0.6
15370 21704 200 25 200 0.005 0.62
7768 11091 200 25 200 0.005 0.62
13342 18995 200 25 200 0.005 0.62
23041 32946 200 25 200 0.005 0.62
8643 12195 200 25 200 0.005 0.64
14775 20852 200 25 200 0.005 0.64
12068 17044 200 25 200 0.005 0.64
11578 16325 200 25 200 0.005 0.64
4776 6931 200 25 200 0.005 0.66
3848 5786 200 25 200 0.005 0.66
6732 9655 200 25 200 0.005 0.66
5003 7410 200 25 200 0.005 0.66
2280 3553 200 25 200 0.005 0.68
7194 10459 200 25 200 0.005 0.68
4299 6320 200 25 200 0.005 0.68
6162 9010 200 25 200 0.005 0.68
3498 5241 200 25 200 0.005 0.7
1561 2528 200 25 200 0.005 0.7
2640 4050 200 25 200 0.005 0.7
2817 4293 200 25 200 0.005 0.7
3491 5140 200 25 200 0.01 0.6
2271 3420 200 25 200 0.01 0.6
2562 3784 200 25 200 0.01 0.6
3653 5336 200 25 200 0.01 0.6
2263 3365 200 25 200 0.01 0.62
2176 3220 200 25 200 0.01 0.62
2425 3561 200 25 200 0.01 0.62
2391 3497 200 25 200 0.01 0.62
803 1368 200 25 200 0.01 0.64
2147 3227 200 25 200 0.01 0.64
1790 2667 200 25 200 0.01 0.64
1162 1899 200 25 200 0.01 0.64
518 917 200 25 200 0.01 0.66
752 1280 200 25 200 0.01 0.66
850 1390 200 25 200 0.01 0.66
982 1583 200 25 200 0.01 0.66
499 912 200 25 200 0.01 0.68
500 939 200 25 200 0.01 0.68
902 1472 200 25 200 0.01 0.68
575 1047 200 25 200 0.01 0.68
384 757 200 25 200 0.01 0.7
446 873 200 25 200 0.01 0.7
413 786 200 25 200 0.01 0.7
555 958 200 25 200 0.01 0.7
663 1152 200 25 200 0.015 0.6
635 1087 200 25 200 0.015 0.6
998 1589 200 25 200 0.015 0.6
903 1486 200 25 200 0.015 0.6
258 523 200 25 200 0.015 0.62
402 773 200 25 200 0.015 0.62
584 1046 200 25 200 0.015 0.62
404 755 200 25 200 0.015 0.62
809 1303 200 25 200 0.015 0.64
763 1256 200 25 200 0.015 0.64
838 1336 200 25 200 0.015 0.64
862 1293 200 25 200 0.015 0.64
217 474 200 25 200 0.015 0.66
378 741 200 25 200 0.015 0.66
530 935 200 25 200 0.015 0.66
214 460 200 25 200 0.015 0.66
266 505 200 25 200 0.015 0.68
247 516 200 25 200 0.015 0.68
214 409 200 25 200 0.015 0.68
480 833 200 25 200 0.015 0.68
151 345 200 25 200 0.015 0.7
166 356 200 25 200 0.015 0.7
278 565 200 25 200 0.015 0.7
181 386 200 25 200 0.015 0.7
