932 2509 300 10 75 0.005 0.6
452 1286 300 10 75 0.005 0.6
771 2074 300 10 75 0.005 0.6
663 1879 300 10 75 0.005 0.6
240 724 300 10 75 0.005 0.62
288 877 300 10 75 0.005 0.62
316 943 300 10 75 0.005 0.62
386 1179 300 10 75 0.005 0.62
311 919 300 10 75 0.005 0.64
320 967 300 10 75 0.005 0.64
464 1323 300 10 75 0.005 0.64
280 873 300 10 75 0.005 0.64
358 1045 300 10 75 0.005 0.66
296 878 300 10 75 0.005 0.66
359 1052 300 10 75 0.005 0.66
388 1147 300 10 75 0.005 0.66
359 1022 300 10 75 0.005 0.68
295 855 300 10 75 0.005 0.68
359 1028 300 10 75 0.005 0.68
462 1352 300 10 75 0.005 0.68
241 726 300 10 75 0.005 0.7
260 793 300 10 75 0.005 0.7
285 861 300 10 75 0.005 0.7
232 732 300 10 75 0.005 0.7
272 789 300 10 75 0.01 0.6
305 842 300 10 75 0.01 0.6
389 1089 300 10 75 0.01 0.6
231 676 300 10 75 0.01 0.6
154 475 300 10 75 0.01 0.62
231 689 300 10 75 0.01 0.62
217 649 300 10 75 0.01 0.62
281 852 300 10 75 0.01 0.62
214 600 300 10 75 0.01 0.64
194 573 300 10 75 0.01 0.64
231 672 300 10 75 0.01 0.64
205 618 300 10 75 0.01 0.64
173 526 300 10 75 0.01 0.66
203 621 300 10 75 0.01 0.66
230 675 300 10 75 0.01 0.66
206 644 300 10 75 0.01 0.66
219 640 300 10 75 0.01 0.68
159 495 300 10 75 0.01 0.68
270 779 300 10 75 0.01 0.68
279 865 300 10 75 0.01 0.68
187 466 300 10 75 0.01 0.7
179 405 300 10 75 0.01 0.7
225 521 300 10 75 0.01 0.7
207 525 300 10 75 0.01 0.7
230 688 300 10 75 0.015 0.6
257 750 300 10 75 0.015 0.6
256 731 300 10 75 0.015 0.6
426 1232 300 10 75 0.015 0.6
223 661 300 10 75 0.015 0.62
165 513 300 10 75 0.015 0.62
242 750 300 10 75 0.015 0.62
184 577 300 10 75 0.015 0.62
144 452 300 10 75 0.015 0.64
176 556 300 10 75 0.015 0.64
229 679 300 10 75 0.015 0.64
161 525 300 10 75 0.015 0.64
183 564 300 10 75 0.015 0.66
136 424 300 10 75 0.015 0.66
173 534 300 10 75 0.015 0.66
157 490 300 10 75 0.015 0.66
170 522 300 10 75 0.015 0.68
154 462 300 10 75 0.015 0.68
125 386 300 10 75 0.015 0.68
217 670 300 10 75 0.015 0.68
151 484 300 10 75 0.015 0.7
185 587 300 10 75 0.015 0.7
243 762 300 10 75 0.015 0.7
155 520 300 10 75 0.015 0.7
598 1412 300 10 150 0.005 0.6
965 2129 300 10 150 0.005 0.6
1101 2324 300 10 150 0.005 0.6
839 1899 300 10 150 0.005 0.6
494 1199 300 10 150 0.005 0.62
451 1142 300 10 150 0.005 0.62
511 1213 300 10 150 0.005 0.62
624 1579 300 10 150 0.005 0.62
492 1211 300 10 150 0.005 0.64
401 1016 300 10 150 0.005 0.64
512 1215 300 10 150 0.005 0.64
437 1101 300 10 150 0.005 0.64
428 1080 300 10 150 0.005 0.66
462 1193 300 10 150 0.005 0.66
327 868 300 10 150 0.005 0.66
644 1528 300 10 150 0.005 0.66
462 1159 300 10 150 0.005 0.68
336 889 300 10 150 0.005 0.68
402 1017 300 10 150 0.005 0.68
550 1343 300 10 150 0.005 0.68
329 892 300 10 150 0.005 0.7
270 750 300 10 150 0.005 0.7
412 1015 300 10 150 0.005 0.7
236 671 300 10 150 0.005 0.7
445 1049 300 10 150 0.01 0.6
581 1267 300 10 150 0.01 0.6
564 1240 300 10 150 0.01 0.6
493 1127 300 10 150 0.01 0.6
208 503 300 10 150 0.01 0.62
199 551 300 10 150 0.01 0.62
236 631 300 10 150 0.01 0.62
218 621 300 10 150 0.01 0.62
205 555 300 10 150 0.01 0.64
234 608 300 10 150 0.01 0.64
184 517 300 10 150 0.01 0.64
357 891 300 10 150 0.01 0.64
248 641 300 10 150 0.01 0.66
219 628 300 10 150 0.01 0.66
364 906 300 10 150 0.01 0.66
197 589 300 10 150 0.01 0.66
405 722 300 10 150 0.01 0.68
578 804 300 10 150 0.01 0.68
586 902 300 10 150 0.01 0.68
403 550 300 10 150 0.01 0.68
183 512 300 10 150 0.01 0.7
149 448 300 10 150 0.01 0.7
207 562 300 10 150 0.01 0.7
196 566 300 10 150 0.01 0.7
292 737 300 10 150 0.015 0.6
241 636 300 10 150 0.015 0.6
225 597 300 10 150 0.015 0.6
333 826 300 10 150 0.015 0.6
168 468 300 10 150 0.015 0.62
186 525 300 10 150 0.015 0.62
321 819 300 10 150 0.015 0.62
138 427 300 10 150 0.015 0.62
187 531 300 10 150 0.015 0.64
198 531 300 10 150 0.015 0.64
229 623 300 10 150 0.015 0.64
245 689 300 10 150 0.015 0.64
247 644 300 10 150 0.015 0.66
207 581 300 10 150 0.015 0.66
320 768 300 10 150 0.015 0.66
209 588 300 10 150 0.015 0.66
265 698 300 10 150 0.015 0.68
151 451 300 10 150 0.015 0.68
226 624 300 10 150 0.015 0.68
204 586 300 10 150 0.015 0.68
161 486 300 10 150 0.015 0.7
144 432 300 10 150 0.015 0.7
175 521 300 10 150 0.015 0.7
236 690 300 10 150 0.015 0.7
938 1720 300 10 225 0.005 0.6
851 1644 300 10 225 0.005 0.6
1556 2563 300 10 225 0.005 0.6
1028 1850 300 10 225 0.005 0.6
445 1005 300 10 225 0.005 0.62
485 1125 300 10 225 0.005 0.62
410 914 300 10 225 0.005 0.62
612 1292 300 10 225 0.005 0.62
584 1191 300 10 225 0.005 0.64
388 894 300 10 225 0.005 0.64
657 1362 300 10 225 0.005 0.64
535 1186 300 10 225 0.005 0.64
543 1153 300 10 225 0.005 0.66
526 1180 300 10 225 0.005 0.66
594 1270 300 10 225 0.005 0.66
805 1599 300 10 225 0.005 0.66
505 1052 300 10 225 0.005 0.68
412 904 300 10 225 0.005 0.68
554 1144 300 10 225 0.005 0.68
607 1263 300 10 225 0.005 0.68
277 677 300 10 225 0.005 0.7
344 817 300 10 225 0.005 0.7
435 962 300 10 225 0.005 0.7
227 629 300 10 225 0.005 0.7
548 976 300 10 225 0.01 0.6
543 1062 300 10 225 0.01 0.6
652 1207 300 10 225 0.01 0.6
555 1075 300 10 225 0.01 0.6
359 781 300 10 225 0.01 0.62
218 540 300 10 225 0.01 0.62
381 720 300 10 225 0.01 0.62
329 788 300 10 225 0.01 0.62
316 733 300 10 225 0.01 0.64
280 695 300 10 225 0.01 0.64
343 733 300 10 225 0.01 0.64
295 680 300 10 225 0.01 0.64
222 537 300 10 225 0.01 0.66
225 587 300 10 225 0.01 0.66
303 737 300 10 225 0.01 0.66
346 804 300 10 225 0.01 0.66
252 582 300 10 225 0.01 0.68
372 777 300 10 225 0.01 0.68
385 813 300 10 225 0.01 0.68
240 601 300 10 225 0.01 0.68
182 465 300 10 225 0.01 0.7
197 513 300 10 225 0.01 0.7
161 428 300 10 225 0.01 0.7
257 620 300 10 225 0.01 0.7
309 710 300 10 225 0.015 0.6
476 925 300 10 225 0.015 0.6
536 966 300 10 225 0.015 0.6
302 693 300 10 225 0.015 0.6
268 675 300 10 225 0.015 0.62
214 522 300 10 225 0.015 0.62
256 651 300 10 225 0.015 0.62
322 752 300 10 225 0.015 0.62
243 613 300 10 225 0.015 0.64
174 480 300 10 225 0.015 0.64
209 512 300 10 225 0.015 0.64
352 777 300 10 225 0.015 0.64
181 500 300 10 225 0.015 0.66
169 457 300 10 225 0.015 0.66
199 539 300 10 225 0.015 0.66
163 439 300 10 225 0.015 0.66
261 623 300 10 225 0.015 0.68
208 544 300 10 225 0.015 0.68
292 656 300 10 225 0.015 0.68
267 681 300 10 225 0.015 0.68
190 517 300 10 225 0.015 0.7
127 353 300 10 225 0.015 0.7
183 508 300 10 225 0.015 0.7
237 638 300 10 225 0.015 0.7
1650 2175 300 10 300 0.005 0.6
909 1485 300 10 300 0.005 0.6
1240 1705 300 10 300 0.005 0.6
1395 2020 300 10 300 0.005 0.6
499 1017 300 10 300 0.005 0.62
428 907 300 10 300 0.005 0.62
384 808 300 10 300 0.005 0.62
631 1182 300 10 300 0.005 0.62
503 984 300 10 300 0.005 0.64
784 1401 300 10 300 0.005 0.64
669 1143 300 10 300 0.005 0.64
773 1393 300 10 300 0.005 0.64
405 871 300 10 300 0.005 0.66
532 1084 300 10 300 0.005 0.66
501 987 300 10 300 0.005 0.66
576 1184 300 10 300 0.005 0.66
492 998 300 10 300 0.005 0.68
465 918 300 10 300 0.005 0.68
560 1053 300 10 300 0.005 0.68
704 1327 300 10 300 0.005 0.68
205 534 300 10 300 0.005 0.7
410 893 300 10 300 0.005 0.7
253 634 300 10 300 0.005 0.7
383 856 300 10 300 0.005 0.7
710 1029 300 10 300 0.01 0.6
449 825 300 10 300 0.01 0.6
482 848 300 10 300 0.01 0.6
815 1330 300 10 300 0.01 0.6
341 713 300 10 300 0.01 0.62
447 812 300 10 300 0.01 0.62
434 824 300 10 300 0.01 0.62
387 715 300 10 300 0.01 0.62
367 646 300 10 300 0.01 0.64
295 666 300 10 300 0.01 0.64
522 920 300 10 300 0.01 0.64
307 648 300 10 300 0.01 0.64
247 573 300 10 300 0.01 0.66
383 752 300 10 300 0.01 0.66
475 875 300 10 300 0.01 0.66
228 546 300 10 300 0.01 0.66
290 570 300 10 300 0.01 0.68
233 543 300 10 300 0.01 0.68
404 740 300 10 300 0.01 0.68
239 589 300 10 300 0.01 0.68
186 464 300 10 300 0.01 0.7
210 494 300 10 300 0.01 0.7
243 570 300 10 300 0.01 0.7
199 473 300 10 300 0.01 0.7
401 703 300 10 300 0.015 0.6
628 965 300 10 300 0.015 0.6
765 1153 300 10 300 0.015 0.6
573 902 300 10 300 0.015 0.6
175 433 300 10 300 0.015 0.62
300 644 300 10 300 0.015 0.62
418 791 300 10 300 0.015 0.62
178 479 300 10 300 0.015 0.62
177 430 300 10 300 0.015 0.64
257 576 300 10 300 0.015 0.64
212 518 300 10 300 0.015 0.64
315 700 300 10 300 0.015 0.64
170 437 300 10 300 0.015 0.66
207 498 300 10 300 0.015 0.66
321 650 300 10 300 0.015 0.66
311 719 300 10 300 0.015 0.66
199 490 300 10 300 0.015 0.68
326 638 300 10 300 0.015 0.68
431 763 300 10 300 0.015 0.68
291 628 300 10 300 0.015 0.68
242 566 300 10 300 0.015 0.7
171 428 300 10 300 0.015 0.7
132 342 300 10 300 0.015 0.7
291 705 300 10 300 0.015 0.7
1564 3439 300 15 75 0.005 0.6
1580 3507 300 15 75 0.005 0.6
2294 5004 300 15 75 0.005 0.6
1651 3797 300 15 75 0.005 0.6
728 1640 300 15 75 0.005 0.62
682 1580 300 15 75 0.005 0.62
909 2032 300 15 75 0.005 0.62
980 2281 300 15 75 0.005 0.62
648 1502 300 15 75 0.005 0.64
769 1773 300 15 75 0.005 0.64
1110 2491 300 15 75 0.005 0.64
755 1798 300 15 75 0.005 0.64
581 1334 300 15 75 0.005 0.66
728 1667 300 15 75 0.005 0.66
545 1253 300 15 75 0.005 0.66
814 1862 300 15 75 0.005 0.66
557 1292 300 15 75 0.005 0.68
393 926 300 15 75 0.005 0.68
506 1171 300 15 75 0.005 0.68
633 1485 300 15 75 0.005 0.68
295 733 300 15 75 0.005 0.7
326 793 300 15 75 0.005 0.7
312 761 300 15 75 0.005 0.7
337 808 300 15 75 0.005 0.7
467 1056 300 15 75 0.01 0.6
430 994 300 15 75 0.01 0.6
633 1421 300 15 75 0.01 0.6
705 1647 300 15 75 0.01 0.6
239 563 300 15 75 0.01 0.62
368 830 300 15 75 0.01 0.62
337 787 300 15 75 0.01 0.62
370 862 300 15 75 0.01 0.62
221 527 300 15 75 0.01 0.64
354 826 300 15 75 0.01 0.64
456 1020 300 15 75 0.01 0.64
303 752 300 15 75 0.01 0.64
272 643 300 15 75 0.01 0.66
371 851 300 15 75 0.01 0.66
401 933 300 15 75 0.01 0.66
280 658 300 15 75 0.01 0.66
187 460 300 15 75 0.01 0.68
201 475 300 15 75 0.01 0.68
191 464 300 15 75 0.01 0.68
201 471 300 15 75 0.01 0.68
218 546 300 15 75 0.01 0.7
149 379 300 15 75 0.01 0.7
275 652 300 15 75 0.01 0.7
214 532 300 15 75 0.01 0.7
330 764 300 15 75 0.015 0.6
316 736 300 15 75 0.015 0.6
312 740 300 15 75 0.015 0.6
408 929 300 15 75 0.015 0.6
203 472 300 15 75 0.015 0.62
158 393 300 15 75 0.015 0.62
308 703 300 15 75 0.015 0.62
171 437 300 15 75 0.015 0.62
206 497 300 15 75 0.015 0.64
205 480 300 15 75 0.015 0.64
245 566 300 15 75 0.015 0.64
218 519 300 15 75 0.015 0.64
299 694 300 15 75 0.015 0.66
147 366 300 15 75 0.015 0.66
207 489 300 15 75 0.015 0.66
260 636 300 15 75 0.015 0.66
165 401 300 15 75 0.015 0.68
156 378 300 15 75 0.015 0.68
196 467 300 15 75 0.015 0.68
182 445 300 15 75 0.015 0.68
121 300 300 15 75 0.015 0.7
132 328 300 15 75 0.015 0.7
139 347 300 15 75 0.015 0.7
184 449 300 15 75 0.015 0.7
1871 3199 300 15 150 0.005 0.6
2442 4079 300 15 150 0.005 0.6
2168 3671 300 15 150 0.005 0.6
3057 5103 300 15 150 0.005 0.6
820 1592 300 15 150 0.005 0.62
860 1676 300 15 150 0.005 0.62
1033 1884 300 15 150 0.005 0.62
751 1482 300 15 150 0.005 0.62
630 1222 300 15 150 0.005 0.64
809 1581 300 15 150 0.005 0.64
871 1662 300 15 150 0.005 0.64
1218 2137 300 15 150 0.005 0.64
747 1487 300 15 150 0.005 0.66
622 1260 300 15 150 0.005 0.66
933 1717 300 15 150 0.005 0.66
984 1914 300 15 150 0.005 0.66
322 709 300 15 150 0.005 0.68
398 863 300 15 150 0.005 0.68
469 946 300 15 150 0.005 0.68
489 1032 300 15 150 0.005 0.68
622 1231 300 15 150 0.005 0.7
483 963 300 15 150 0.005 0.7
893 1640 300 15 150 0.005 0.7
446 917 300 15 150 0.005 0.7
579 1109 300 15 150 0.01 0.6
645 1234 300 15 150 0.01 0.6
770 1404 300 15 150 0.01 0.6
626 1172 300 15 150 0.01 0.6
264 584 300 15 150 0.01 0.62
288 629 300 15 150 0.01 0.62
371 756 300 15 150 0.01 0.62
392 833 300 15 150 0.01 0.62
352 717 300 15 150 0.01 0.64
371 777 300 15 150 0.01 0.64
467 931 300 15 150 0.01 0.64
390 808 300 15 150 0.01 0.64
382 771 300 15 150 0.01 0.66
381 822 300 15 150 0.01 0.66
505 972 300 15 150 0.01 0.66
352 749 300 15 150 0.01 0.66
186 424 300 15 150 0.01 0.68
285 594 300 15 150 0.01 0.68
327 665 300 15 150 0.01 0.68
215 502 300 15 150 0.01 0.68
211 476 300 15 150 0.01 0.7
198 469 300 15 150 0.01 0.7
288 620 300 15 150 0.01 0.7
233 558 300 15 150 0.01 0.7
269 580 300 15 150 0.015 0.6
443 882 300 15 150 0.015 0.6
406 768 300 15 150 0.015 0.6
305 632 300 15 150 0.015 0.6
278 601 300 15 150 0.015 0.62
237 501 300 15 150 0.015 0.62
259 551 300 15 150 0.015 0.62
366 682 300 15 150 0.015 0.62
222 470 300 15 150 0.015 0.64
231 499 300 15 150 0.015 0.64
253 511 300 15 150 0.015 0.64
208 463 300 15 150 0.015 0.64
263 577 300 15 150 0.015 0.66
266 574 300 15 150 0.015 0.66
339 710 300 15 150 0.015 0.66
262 575 300 15 150 0.015 0.66
153 363 300 15 150 0.015 0.68
131 303 300 15 150 0.015 0.68
159 374 300 15 150 0.015 0.68
189 430 300 15 150 0.015 0.68
146 325 300 15 150 0.015 0.7
157 365 300 15 150 0.015 0.7
157 363 300 15 150 0.015 0.7
192 442 300 15 150 0.015 0.7
2621 3346 300 15 225 0.005 0.6
2049 2733 300 15 225 0.005 0.6
2500 3277 300 15 225 0.005 0.6
2882 3755 300 15 225 0.005 0.6
809 1384 300 15 225 0.005 0.62
792 1301 300 15 225 0.005 0.62
1228 1748 300 15 225 0.005 0.62
1452 2236 300 15 225 0.005 0.62
1129 1733 300 15 225 0.005 0.64
615 1121 300 15 225 0.005 0.64
1658 2326 300 15 225 0.005 0.64
859 1380 300 15 225 0.005 0.64
861 1333 300 15 225 0.005 0.66
867 1471 300 15 225 0.005 0.66
1166 1810 300 15 225 0.005 0.66
1135 1825 300 15 225 0.005 0.66
424 845 300 15 225 0.005 0.68
569 1078 300 15 225 0.005 0.68
461 859 300 15 225 0.005 0.68
550 1042 300 15 225 0.005 0.68
389 770 300 15 225 0.005 0.7
523 979 300 15 225 0.005 0.7
585 1062 300 15 225 0.005 0.7
578 1073 300 15 225 0.005 0.7
675 1075 300 15 225 0.01 0.6
603 1013 300 15 225 0.01 0.6
1027 1435 300 15 225 0.01 0.6
626 1093 300 15 225 0.01 0.6
407 746 300 15 225 0.01 0.62
339 681 300 15 225 0.01 0.62
367 679 300 15 225 0.01 0.62
843 1200 300 15 225 0.01 0.62
281 560 300 15 225 0.01 0.64
419 756 300 15 225 0.01 0.64
554 915 300 15 225 0.01 0.64
329 647 300 15 225 0.01 0.64
404 778 300 15 225 0.01 0.66
440 760 300 15 225 0.01 0.66
481 827 300 15 225 0.01 0.66
463 821 300 15 225 0.01 0.66
241 472 300 15 225 0.01 0.68
225 486 300 15 225 0.01 0.68
286 493 300 15 225 0.01 0.68
211 442 300 15 225 0.01 0.68
206 448 300 15 225 0.01 0.7
353 598 300 15 225 0.01 0.7
263 491 300 15 225 0.01 0.7
302 601 300 15 225 0.01 0.7
370 646 300 15 225 0.015 0.6
329 635 300 15 225 0.015 0.6
603 928 300 15 225 0.015 0.6
618 954 300 15 225 0.015 0.6
380 591 300 15 225 0.015 0.62
268 493 300 15 225 0.015 0.62
323 536 300 15 225 0.015 0.62
328 565 300 15 225 0.015 0.62
271 499 300 15 225 0.015 0.64
278 569 300 15 225 0.015 0.64
361 648 300 15 225 0.015 0.64
261 518 300 15 225 0.015 0.64
446 699 300 15 225 0.015 0.66
162 353 300 15 225 0.015 0.66
319 632 300 15 225 0.015 0.66
320 604 300 15 225 0.015 0.66
147 339 300 15 225 0.015 0.68
195 392 300 15 225 0.015 0.68
179 401 300 15 225 0.015 0.68
205 426 300 15 225 0.015 0.68
161 336 300 15 225 0.015 0.7
171 368 300 15 225 0.015 0.7
249 534 300 15 225 0.015 0.7
196 430 300 15 225 0.015 0.7
3043 3177 300 15 300 0.005 0.6
2737 2881 300 15 300 0.005 0.6
3237 3298 300 15 300 0.005 0.6
3394 3399 300 15 300 0.005 0.6
808 1228 300 15 300 0.005 0.62
1360 1899 300 15 300 0.005 0.62
1432 1892 300 15 300 0.005 0.62
1362 1836 300 15 300 0.005 0.62
1323 1662 300 15 300 0.005 0.64
1062 1489 300 15 300 0.005 0.64
1264 1814 300 15 300 0.005 0.64
1622 1986 300 15 300 0.005 0.64
1277 1539 300 15 300 0.005 0.66
2410 2669 300 15 300 0.005 0.66
1422 1840 300 15 300 0.005 0.66
2306 2473 300 15 300 0.005 0.66
823 977 300 15 300 0.005 0.68
680 875 300 15 300 0.005 0.68
1160 1296 300 15 300 0.005 0.68
915 1171 300 15 300 0.005 0.68
394 717 300 15 300 0.005 0.7
638 1074 300 15 300 0.005 0.7
493 827 300 15 300 0.005 0.7
758 1110 300 15 300 0.005 0.7
1114 1332 300 15 300 0.01 0.6
482 772 300 15 300 0.01 0.6
1176 1378 300 15 300 0.01 0.6
1014 1271 300 15 300 0.01 0.6
629 840 300 15 300 0.01 0.62
436 730 300 15 300 0.01 0.62
711 980 300 15 300 0.01 0.62
578 844 300 15 300 0.01 0.62
536 842 300 15 300 0.01 0.64
476 776 300 15 300 0.01 0.64
649 909 300 15 300 0.01 0.64
429 684 300 15 300 0.01 0.64
406 684 300 15 300 0.01 0.66
356 675 300 15 300 0.01 0.66
562 860 300 15 300 0.01 0.66
404 701 300 15 300 0.01 0.66
237 478 300 15 300 0.01 0.68
281 547 300 15 300 0.01 0.68
426 640 300 15 300 0.01 0.68
214 391 300 15 300 0.01 0.68
245 494 300 15 300 0.01 0.7
329 540 300 15 300 0.01 0.7
563 754 300 15 300 0.01 0.7
269 558 300 15 300 0.01 0.7
412 639 300 15 300 0.015 0.6
557 774 300 15 300 0.015 0.6
808 1001 300 15 300 0.015 0.6
819 942 300 15 300 0.015 0.6
253 488 300 15 300 0.015 0.62
501 742 300 15 300 0.015 0.62
433 615 300 15 300 0.015 0.62
518 752 300 15 300 0.015 0.62
328 511 300 15 300 0.015 0.64
310 562 300 15 300 0.015 0.64
202 381 300 15 300 0.015 0.64
531 756 300 15 300 0.015 0.64
256 493 300 15 300 0.015 0.66
318 560 300 15 300 0.015 0.66
433 645 300 15 300 0.015 0.66
290 569 300 15 300 0.015 0.66
205 413 300 15 300 0.015 0.68
183 376 300 15 300 0.015 0.68
327 586 300 15 300 0.015 0.68
200 418 300 15 300 0.015 0.68
207 411 300 15 300 0.015 0.7
157 342 300 15 300 0.015 0.7
238 467 300 15 300 0.015 0.7
217 425 300 15 300 0.015 0.7
5608 10236 300 20 75 0.005 0.6
3550 6528 300 20 75 0.005 0.6
9942 18158 300 20 75 0.005 0.6
5002 9568 300 20 75 0.005 0.6
1967 3639 300 20 75 0.005 0.62
1708 3192 300 20 75 0.005 0.62
3988 7303 300 20 75 0.005 0.62
2352 4594 300 20 75 0.005 0.62
2171 4003 300 20 75 0.005 0.64
2174 4052 300 20 75 0.005 0.64
2566 4745 300 20 75 0.005 0.64
1987 3728 300 20 75 0.005 0.64
733 1403 300 20 75 0.005 0.66
690 1276 300 20 75 0.005 0.66
1115 2058 300 20 75 0.005 0.66
1027 2011 300 20 75 0.005 0.66
1224 2296 300 20 75 0.005 0.68
689 1346 300 20 75 0.005 0.68
2007 3731 300 20 75 0.005 0.68
1047 2116 300 20 75 0.005 0.68
382 767 300 20 75 0.005 0.7
644 1257 300 20 75 0.005 0.7
555 1088 300 20 75 0.005 0.7
880 1698 300 20 75 0.005 0.7
632 1198 300 20 75 0.01 0.6
663 1288 300 20 75 0.01 0.6
707 1321 300 20 75 0.01 0.6
943 1806 300 20 75 0.01 0.6
559 1086 300 20 75 0.01 0.62
490 958 300 20 75 0.01 0.62
532 1036 300 20 75 0.01 0.62
675 1293 300 20 75 0.01 0.62
426 831 300 20 75 0.01 0.64
449 884 300 20 75 0.01 0.64
814 1529 300 20 75 0.01 0.64
424 865 300 20 75 0.01 0.64
321 602 300 20 75 0.01 0.66
303 597 300 20 75 0.01 0.66
313 606 300 20 75 0.01 0.66
355 708 300 20 75 0.01 0.66
269 530 300 20 75 0.01 0.68
382 748 300 20 75 0.01 0.68
465 895 300 20 75 0.01 0.68
280 569 300 20 75 0.01 0.68
256 510 300 20 75 0.01 0.7
236 451 300 20 75 0.01 0.7
259 515 300 20 75 0.01 0.7
266 508 300 20 75 0.01 0.7
402 739 300 20 75 0.015 0.6
334 637 300 20 75 0.015 0.6
488 890 300 20 75 0.015 0.6
437 846 300 20 75 0.015 0.6
277 549 300 20 75 0.015 0.62
205 407 300 20 75 0.015 0.62
321 627 300 20 75 0.015 0.62
269 544 300 20 75 0.015 0.62
221 441 300 20 75 0.015 0.64
300 595 300 20 75 0.015 0.64
255 513 300 20 75 0.015 0.64
270 540 300 20 75 0.015 0.64
153 310 300 20 75 0.015 0.66
147 306 300 20 75 0.015 0.66
342 666 300 20 75 0.015 0.66
204 429 300 20 75 0.015 0.66
133 273 300 20 75 0.015 0.68
249 491 300 20 75 0.015 0.68
198 398 300 20 75 0.015 0.68
190 389 300 20 75 0.015 0.68
188 377 300 20 75 0.015 0.7
186 368 300 20 75 0.015 0.7
285 556 300 20 75 0.015 0.7
161 336 300 20 75 0.015 0.7
4164 5885 300 20 150 0.005 0.6
5645 7757 300 20 150 0.005 0.6
6217 8478 300 20 150 0.005 0.6
9015 12516 300 20 150 0.005 0.6
4122 5748 300 20 150 0.005 0.62
2174 3225 300 20 150 0.005 0.62
4486 6188 300 20 150 0.005 0.62
2718 3950 300 20 150 0.005 0.62
2917 4143 300 20 150 0.005 0.64
2852 4121 300 20 150 0.005 0.64
4321 6079 300 20 150 0.005 0.64
2533 3750 300 20 150 0.005 0.64
1065 1663 300 20 150 0.005 0.66
1268 2034 300 20 150 0.005 0.66
1222 1916 300 20 150 0.005 0.66
1204 1951 300 20 150 0.005 0.66
934 1550 300 20 150 0.005 0.68
1883 2742 300 20 150 0.005 0.68
1406 2163 300 20 150 0.005 0.68
1592 2431 300 20 150 0.005 0.68
495 902 300 20 150 0.005 0.7
416 756 300 20 150 0.005 0.7
584 1027 300 20 150 0.005 0.7
747 1234 300 20 150 0.005 0.7
1086 1653 300 20 150 0.01 0.6
997 1551 300 20 150 0.01 0.6
1053 1578 300 20 150 0.01 0.6
1499 2153 300 20 150 0.01 0.6
1031 915 300 20 150 0.01 0.62
910 826 300 20 150 0.01 0.62
1668 1362 300 20 150 0.01 0.62
958 1330 300 20 150 0.01 0.62
560 969 300 20 150 0.01 0.64
628 1068 300 20 150 0.01 0.64
551 933 300 20 150 0.01 0.64
673 1165 300 20 150 0.01 0.64
257 478 300 20 150 0.01 0.66
347 613 300 20 150 0.01 0.66
417 712 300 20 150 0.01 0.66
402 734 300 20 150 0.01 0.66
439 749 300 20 150 0.01 0.68
247 472 300 20 150 0.01 0.68
357 629 300 20 150 0.01 0.68
374 666 300 20 150 0.01 0.68
217 404 300 20 150 0.01 0.7
274 501 300 20 150 0.01 0.7
267 484 300 20 150 0.01 0.7
236 445 300 20 150 0.01 0.7
556 925 300 20 150 0.015 0.6
369 648 300 20 150 0.015 0.6
521 845 300 20 150 0.015 0.6
644 1041 300 20 150 0.015 0.6
328 579 300 20 150 0.015 0.62
303 558 300 20 150 0.015 0.62
326 579 300 20 150 0.015 0.62
598 944 300 20 150 0.015 0.62
258 470 300 20 150 0.015 0.64
318 584 300 20 150 0.015 0.64
494 833 300 20 150 0.015 0.64
433 742 300 20 150 0.015 0.64
237 435 300 20 150 0.015 0.66
237 419 300 20 150 0.015 0.66
283 492 300 20 150 0.015 0.66
320 564 300 20 150 0.015 0.66
265 461 300 20 150 0.015 0.68
223 388 300 20 150 0.015 0.68
244 427 300 20 150 0.015 0.68
256 430 300 20 150 0.015 0.68
178 340 300 20 150 0.015 0.7
140 273 300 20 150 0.015 0.7
183 344 300 20 150 0.015 0.7
138 272 300 20 150 0.015 0.7
4730 4999 300 20 225 0.005 0.6
15275 14758 300 20 225 0.005 0.6
12853 12620 300 20 225 0.005 0.6
11235 11203 300 20 225 0.005 0.6
2648 3105 300 20 225 0.005 0.62
3748 4066 300 20 225 0.005 0.62
2742 3122 300 20 225 0.005 0.62
4607 4989 300 20 225 0.005 0.62
2454 2893 300 20 225 0.005 0.64
2676 3040 300 20 225 0.005 0.64
4555 4963 300 20 225 0.005 0.64
4111 4469 300 20 225 0.005 0.64
2172 2518 300 20 225 0.005 0.66
976 1398 300 20 225 0.005 0.66
2367 2835 300 20 225 0.005 0.66
1006 1467 300 20 225 0.005 0.66
1522 1944 300 20 225 0.005 0.68
1619 2055 300 20 225 0.005 0.68
1544 1943 300 20 225 0.005 0.68
1648 2036 300 20 225 0.005 0.68
1081 1495 300 20 225 0.005 0.7
480 823 300 20 225 0.005 0.7
721 1013 300 20 225 0.005 0.7
1009 1332 300 20 225 0.005 0.7
1367 1599 300 20 225 0.01 0.6
1504 1826 300 20 225 0.01 0.6
2374 2554 300 20 225 0.01 0.6
1656 1849 300 20 225 0.01 0.6
363 559 300 20 225 0.01 0.62
603 869 300 20 225 0.01 0.62
1056 1285 300 20 225 0.01 0.62
835 1172 300 20 225 0.01 0.62
653 974 300 20 225 0.01 0.64
767 1030 300 20 225 0.01 0.64
1012 1232 300 20 225 0.01 0.64
851 1125 300 20 225 0.01 0.64
528 798 300 20 225 0.01 0.66
297 530 300 20 225 0.01 0.66
417 669 300 20 225 0.01 0.66
439 663 300 20 225 0.01 0.66
363 573 300 20 225 0.01 0.68
393 602 300 20 225 0.01 0.68
387 616 300 20 225 0.01 0.68
395 657 300 20 225 0.01 0.68
226 409 300 20 225 0.01 0.7
240 447 300 20 225 0.01 0.7
533 709 300 20 225 0.01 0.7
378 606 300 20 225 0.01 0.7
1135 1378 300 20 225 0.015 0.6
354 597 300 20 225 0.015 0.6
1119 1455 300 20 225 0.015 0.6
701 948 300 20 225 0.015 0.6
345 528 300 20 225 0.015 0.62
395 602 300 20 225 0.015 0.62
502 723 300 20 225 0.015 0.62
362 563 300 20 225 0.015 0.62
259 450 300 20 225 0.015 0.64
486 725 300 20 225 0.015 0.64
789 1023 300 20 225 0.015 0.64
445 674 300 20 225 0.015 0.64
279 470 300 20 225 0.015 0.66
193 341 300 20 225 0.015 0.66
311 529 300 20 225 0.015 0.66
202 379 300 20 225 0.015 0.66
267 465 300 20 225 0.015 0.68
187 327 300 20 225 0.015 0.68
293 508 300 20 225 0.015 0.68
386 513 300 20 225 0.015 0.68
239 436 300 20 225 0.015 0.7
193 346 300 20 225 0.015 0.7
342 573 300 20 225 0.015 0.7
246 431 300 20 225 0.015 0.7
8423 6464 300 20 300 0.005 0.6
10490 7676 300 20 300 0.005 0.6
9532 7258 300 20 300 0.005 0.6
9954 7595 300 20 300 0.005 0.6
2954 2628 300 20 300 0.005 0.62
3551 3194 300 20 300 0.005 0.62
3455 3196 300 20 300 0.005 0.62
3731 3224 300 20 300 0.005 0.62
4254 3691 300 20 300 0.005 0.64
2352 2290 300 20 300 0.005 0.64
4312 3812 300 20 300 0.005 0.64
5334 4437 300 20 300 0.005 0.64
1523 1739 300 20 300 0.005 0.66
1513 1891 300 20 300 0.005 0.66
1135 1407 300 20 300 0.005 0.66
2107 2108 300 20 300 0.005 0.66
930 1238 300 20 300 0.005 0.68
1789 1917 300 20 300 0.005 0.68
1658 1856 300 20 300 0.005 0.68
1654 1732 300 20 300 0.005 0.68
810 1045 300 20 300 0.005 0.7
702 958 300 20 300 0.005 0.7
915 1230 300 20 300 0.005 0.7
1255 1297 300 20 300 0.005 0.7
1869 1786 300 20 300 0.01 0.6
1934 1899 300 20 300 0.01 0.6
2529 2281 300 20 300 0.01 0.6
1729 1650 300 20 300 0.01 0.6
804 943 300 20 300 0.01 0.62
634 839 300 20 300 0.01 0.62
571 812 300 20 300 0.01 0.62
934 1166 300 20 300 0.01 0.62
894 1078 300 20 300 0.01 0.64
564 808 300 20 300 0.01 0.64
914 1007 300 20 300 0.01 0.64
998 1204 300 20 300 0.01 0.64
357 575 300 20 300 0.01 0.66
371 580 300 20 300 0.01 0.66
347 517 300 20 300 0.01 0.66
478 697 300 20 300 0.01 0.66
473 625 300 20 300 0.01 0.68
396 627 300 20 300 0.01 0.68
604 819 300 20 300 0.01 0.68
387 554 300 20 300 0.01 0.68
265 434 300 20 300 0.01 0.7
342 556 300 20 300 0.01 0.7
324 442 300 20 300 0.01 0.7
434 565 300 20 300 0.01 0.7
559 693 300 20 300 0.015 0.6
652 845 300 20 300 0.015 0.6
622 782 300 20 300 0.015 0.6
692 846 300 20 300 0.015 0.6
327 518 300 20 300 0.015 0.62
325 501 300 20 300 0.015 0.62
555 723 300 20 300 0.015 0.62
566 704 300 20 300 0.015 0.62
623 802 300 20 300 0.015 0.64
428 596 300 20 300 0.015 0.64
590 728 300 20 300 0.015 0.64
524 667 300 20 300 0.015 0.64
260 441 300 20 300 0.015 0.66
257 412 300 20 300 0.015 0.66
369 505 300 20 300 0.015 0.66
236 403 300 20 300 0.015 0.66
224 336 300 20 300 0.015 0.68
148 273 300 20 300 0.015 0.68
179 315 300 20 300 0.015 0.68
387 539 300 20 300 0.015 0.68
184 314 300 20 300 0.015 0.7
215 376 300 20 300 0.015 0.7
324 459 300 20 300 0.015 0.7
191 345 300 20 300 0.015 0.7
22331 22897 300 25 75 0.005 0.6
29601 30581 300 25 75 0.005 0.6
20118 22454 300 25 75 0.005 0.6
32855 37216 300 25 75 0.005 0.6
7148 11192 300 25 75 0.005 0.62
14372 22500 300 25 75 0.005 0.62
6889 10775 300 25 75 0.005 0.62
15595 24480 300 25 75 0.005 0.62
5955 9360 300 25 75 0.005 0.64
7287 11529 300 25 75 0.005 0.64
9718 15293 300 25 75 0.005 0.64
6174 9911 300 25 75 0.005 0.64
2744 4361 300 25 75 0.005 0.66
3091 4924 300 25 75 0.005 0.66
5119 8062 300 25 75 0.005 0.66
2264 3753 300 25 75 0.005 0.66
2850 4561 300 25 75 0.005 0.68
3826 6045 300 25 75 0.005 0.68
6602 10337 300 25 75 0.005 0.68
2370 3945 300 25 75 0.005 0.68
1928 1282 300 25 75 0.005 0.7
5737 3468 300 25 75 0.005 0.7
4561 2853 300 25 75 0.005 0.7
3317 2297 300 25 75 0.005 0.7
1233 1989 300 25 75 0.01 0.6
1330 2135 300 25 75 0.01 0.6
3481 5541 300 25 75 0.01 0.6
2274 3798 300 25 75 0.01 0.6
2327 1606 300 25 75 0.01 0.62
2711 1778 300 25 75 0.01 0.62
3221 2075 300 25 75 0.01 0.62
2065 1509 300 25 75 0.01 0.62
1136 1826 300 25 75 0.01 0.64
888 1452 300 25 75 0.01 0.64
1088 1731 300 25 75 0.01 0.64
958 1571 300 25 75 0.01 0.64
498 835 300 25 75 0.01 0.66
619 1028 300 25 75 0.01 0.66
909 1467 300 25 75 0.01 0.66
647 1108 300 25 75 0.01 0.66
823 1337 300 25 75 0.01 0.68
554 930 300 25 75 0.01 0.68
669 1078 300 25 75 0.01 0.68
709 1168 300 25 75 0.01 0.68
474 515 300 25 75 0.01 0.7
551 569 300 25 75 0.01 0.7
759 679 300 25 75 0.01 0.7
454 583 300 25 75 0.01 0.7
408 675 300 25 75 0.015 0.6
405 681 300 25 75 0.015 0.6
643 1055 300 25 75 0.015 0.6
418 718 300 25 75 0.015 0.6
713 649 300 25 75 0.015 0.62
836 760 300 25 75 0.015 0.62
694 718 300 25 75 0.015 0.62
1006 1120 300 25 75 0.015 0.62
294 476 300 25 75 0.015 0.64
295 480 300 25 75 0.015 0.64
530 842 300 25 75 0.015 0.64
396 696 300 25 75 0.015 0.64
232 398 300 25 75 0.015 0.66
284 484 300 25 75 0.015 0.66
334 568 300 25 75 0.015 0.66
282 492 300 25 75 0.015 0.66
234 304 300 25 75 0.015 0.68
317 539 300 25 75 0.015 0.68
387 565 300 25 75 0.015 0.68
224 391 300 25 75 0.015 0.68
309 528 300 25 75 0.015 0.7
184 313 300 25 75 0.015 0.7
269 464 300 25 75 0.015 0.7
289 488 300 25 75 0.015 0.7
15661 18514 300 25 150 0.005 0.6
20907 24540 300 25 150 0.005 0.6
21221 24936 300 25 150 0.005 0.6
21268 25167 300 25 150 0.005 0.6
6739 8119 300 25 150 0.005 0.62
12894 15212 300 25 150 0.005 0.62
14776 17379 300 25 150 0.005 0.62
8041 9823 300 25 150 0.005 0.62
7866 9451 300 25 150 0.005 0.64
13450 15993 300 25 150 0.005 0.64
15265 17983 300 25 150 0.005 0.64
13846 16680 300 25 150 0.005 0.64
4901 5965 300 25 150 0.005 0.66
3615 4553 300 25 150 0.005 0.66
7903 9451 300 25 150 0.005 0.66
3018 3923 300 25 150 0.005 0.66
1772 2366 300 25 150 0.005 0.68
5133 6270 300 25 150 0.005 0.68
5393 6629 300 25 150 0.005 0.68
1887 2535 300 25 150 0.005 0.68
1641 2164 300 25 150 0.005 0.7
1726 2262 300 25 150 0.005 0.7
1720 2248 300 25 150 0.005 0.7
2366 3069 300 25 150 0.005 0.7
3151 2900 300 25 150 0.01 0.6
1532 1497 300 25 150 0.01 0.6
2553 2285 300 25 150 0.01 0.6
3785 3795 300 25 150 0.01 0.6
865 1208 300 25 150 0.01 0.62
890 1263 300 25 150 0.01 0.62
1737 2233 300 25 150 0.01 0.62
938 1358 300 25 150 0.01 0.62
841 1216 300 25 150 0.01 0.64
1051 1452 300 25 150 0.01 0.64
1490 1928 300 25 150 0.01 0.64
1673 2221 300 25 150 0.01 0.64
569 834 300 25 150 0.01 0.66
536 832 300 25 150 0.01 0.66
586 864 300 25 150 0.01 0.66
563 832 300 25 150 0.01 0.66
653 990 300 25 150 0.01 0.68
438 692 300 25 150 0.01 0.68
824 1126 300 25 150 0.01 0.68
372 593 300 25 150 0.01 0.68
277 428 300 25 150 0.01 0.7
469 676 300 25 150 0.01 0.7
646 919 300 25 150 0.01 0.7
377 618 300 25 150 0.01 0.7
680 973 300 25 150 0.015 0.6
755 1039 300 25 150 0.015 0.6
1186 1539 300 25 150 0.015 0.6
1250 1741 300 25 150 0.015 0.6
573 842 300 25 150 0.015 0.62
375 582 300 25 150 0.015 0.62
600 848 300 25 150 0.015 0.62
473 716 300 25 150 0.015 0.62
351 532 300 25 150 0.015 0.64
372 577 300 25 150 0.015 0.64
313 473 300 25 150 0.015 0.64
543 800 300 25 150 0.015 0.64
237 383 300 25 150 0.015 0.66
310 451 300 25 150 0.015 0.66
351 550 300 25 150 0.015 0.66
382 595 300 25 150 0.015 0.66
348 525 300 25 150 0.015 0.68
341 517 300 25 150 0.015 0.68
286 450 300 25 150 0.015 0.68
512 748 300 25 150 0.015 0.68
327 498 300 25 150 0.015 0.7
266 439 300 25 150 0.015 0.7
369 536 300 25 150 0.015 0.7
256 408 300 25 150 0.015 0.7
45835 38607 300 25 225 0.005 0.6
9812 8662 300 25 225 0.005 0.6
53279 44865 300 25 225 0.005 0.6
21258 18674 300 25 225 0.005 0.6
12021 10536 300 25 225 0.005 0.62
20640 17765 300 25 225 0.005 0.62
12755 11148 300 25 225 0.005 0.62
23518 20098 300 25 225 0.005 0.62
11962 9745 300 25 225 0.005 0.64
15550 11604 300 25 225 0.005 0.64
23600 17537 300 25 225 0.005 0.64
26999 22728 300 25 225 0.005 0.64
3487 3496 300 25 225 0.005 0.66
5570 5168 300 25 225 0.005 0.66
7793 7127 300 25 225 0.005 0.66
4414 4378 300 25 225 0.005 0.66
7066 6418 300 25 225 0.005 0.68
4056 3978 300 25 225 0.005 0.68
8485 7507 300 25 225 0.005 0.68
2857 3034 300 25 225 0.005 0.68
1353 1565 300 25 225 0.005 0.7
2546 2582 300 25 225 0.005 0.7
2260 2454 300 25 225 0.005 0.7
2131 2373 300 25 225 0.005 0.7
2053 2185 300 25 225 0.01 0.6
1644 1814 300 25 225 0.01 0.6
2472 2425 300 25 225 0.01 0.6
3594 3519 300 25 225 0.01 0.6
1692 1809 300 25 225 0.01 0.62
1143 1357 300 25 225 0.01 0.62
1251 1422 300 25 225 0.01 0.62
1599 1757 300 25 225 0.01 0.62
919 1134 300 25 225 0.01 0.64
688 919 300 25 225 0.01 0.64
1636 1747 300 25 225 0.01 0.64
1203 1411 300 25 225 0.01 0.64
1585 1048 300 25 225 0.01 0.66
1014 854 300 25 225 0.01 0.66
2667 1612 300 25 225 0.01 0.66
1591 1800 300 25 225 0.01 0.66
785 997 300 25 225 0.01 0.68
883 1070 300 25 225 0.01 0.68
846 1058 300 25 225 0.01 0.68
980 1242 300 25 225 0.01 0.68
504 684 300 25 225 0.01 0.7
360 534 300 25 225 0.01 0.7
512 691 300 25 225 0.01 0.7
418 603 300 25 225 0.01 0.7
922 1059 300 25 225 0.015 0.6
578 788 300 25 225 0.015 0.6
818 1024 300 25 225 0.015 0.6
793 966 300 25 225 0.015 0.6
561 764 300 25 225 0.015 0.62
322 470 300 25 225 0.015 0.62
432 624 300 25 225 0.015 0.62
744 939 300 25 225 0.015 0.62
385 559 300 25 225 0.015 0.64
338 500 300 25 225 0.015 0.64
474 664 300 25 225 0.015 0.64
515 676 300 25 225 0.015 0.64
351 506 300 25 225 0.015 0.66
290 433 300 25 225 0.015 0.66
323 477 300 25 225 0.015 0.66
353 509 300 25 225 0.015 0.66
247 363 300 25 225 0.015 0.68
376 547 300 25 225 0.015 0.68
311 475 300 25 225 0.015 0.68
347 522 300 25 225 0.015 0.68
259 378 300 25 225 0.015 0.7
334 487 300 25 225 0.015 0.7
343 473 300 25 225 0.015 0.7
540 635 300 25 225 0.015 0.7
26315 16795 300 25 300 0.005 0.6
33382 21057 300 25 300 0.005 0.6
57128 35447 300 25 300 0.005 0.6
27010 17446 300 25 300 0.005 0.6
16968 11053 300 25 300 0.005 0.62
9511 6637 300 25 300 0.005 0.62
18667 12023 300 25 300 0.005 0.62
17425 11459 300 25 300 0.005 0.62
11613 7950 300 25 300 0.005 0.64
11924 8302 300 25 300 0.005 0.64
9506 6626 300 25 300 0.005 0.64
14823 9968 300 25 300 0.005 0.64
3388 2796 300 25 300 0.005 0.66
5066 3782 300 25 300 0.005 0.66
3912 3177 300 25 300 0.005 0.66
10235 6951 300 25 300 0.005 0.66
3489 2775 300 25 300 0.005 0.68
8572 6015 300 25 300 0.005 0.68
7257 5237 300 25 300 0.005 0.68
4972 3849 300 25 300 0.005 0.68
1439 1453 300 25 300 0.005 0.7
2120 1983 300 25 300 0.005 0.7
1685 1678 300 25 300 0.005 0.7
2797 2366 300 25 300 0.005 0.7
3208 2559 300 25 300 0.01 0.6
2946 2316 300 25 300 0.01 0.6
4047 2963 300 25 300 0.01 0.6
3912 2946 300 25 300 0.01 0.6
1043 1120 300 25 300 0.01 0.62
1169 1149 300 25 300 0.01 0.62
1610 1465 300 25 300 0.01 0.62
1820 1623 300 25 300 0.01 0.62
2177 1857 300 25 300 0.01 0.64
1119 1095 300 25 300 0.01 0.64
2074 1742 300 25 300 0.01 0.64
1452 1470 300 25 300 0.01 0.64
899 992 300 25 300 0.01 0.66
822 932 300 25 300 0.01 0.66
750 882 300 25 300 0.01 0.66
1694 1499 300 25 300 0.01 0.66
1113 1115 300 25 300 0.01 0.68
594 745 300 25 300 0.01 0.68
1068 1087 300 25 300 0.01 0.68
1652 1408 300 25 300 0.01 0.68
372 502 300 25 300 0.01 0.7
826 792 300 25 300 0.01 0.7
869 918 300 25 300 0.01 0.7
846 915 300 25 300 0.01 0.7
670 814 300 25 300 0.015 0.6
851 918 300 25 300 0.015 0.6
958 1035 300 25 300 0.015 0.6
904 987 300 25 300 0.015 0.6
908 890 300 25 300 0.015 0.62
643 710 300 25 300 0.015 0.62
522 624 300 25 300 0.015 0.62
1192 1089 300 25 300 0.015 0.62
624 663 300 25 300 0.015 0.64
481 499 300 25 300 0.015 0.64
354 481 300 25 300 0.015 0.64
950 1025 300 25 300 0.015 0.64
511 669 300 25 300 0.015 0.66
572 626 300 25 300 0.015 0.66
670 756 300 25 300 0.015 0.66
415 567 300 25 300 0.015 0.66
398 539 300 25 300 0.015 0.68
515 585 300 25 300 0.015 0.68
526 612 300 25 300 0.015 0.68
499 576 300 25 300 0.015 0.68
284 401 300 25 300 0.015 0.7
238 353 300 25 300 0.015 0.7
459 563 300 25 300 0.015 0.7
254 362 300 25 300 0.015 0.7
