830 1625 400 10 100 0.005 0.6
802 1566 400 10 100 0.005 0.6
1183 2199 400 10 100 0.005 0.6
877 1766 400 10 100 0.005 0.6
616 1246 400 10 100 0.005 0.62
602 1229 400 10 100 0.005 0.62
543 1149 400 10 100 0.005 0.62
750 1481 400 10 100 0.005 0.62
597 1234 400 10 100 0.005 0.64
612 1268 400 10 100 0.005 0.64
743 1487 400 10 100 0.005 0.64
542 1150 400 10 100 0.005 0.64
445 958 400 10 100 0.005 0.66
505 1071 400 10 100 0.005 0.66
553 1147 400 10 100 0.005 0.66
546 1176 400 10 100 0.005 0.66
591 1192 400 10 100 0.005 0.68
764 1491 400 10 100 0.005 0.68
660 1320 400 10 100 0.005 0.68
762 1483 400 10 100 0.005 0.68
318 721 400 10 100 0.005 0.7
394 877 400 10 100 0.005 0.7
394 876 400 10 100 0.005 0.7
443 991 400 10 100 0.005 0.7
522 1042 400 10 100 0.01 0.6
521 1033 400 10 100 0.01 0.6
635 1235 400 10 100 0.01 0.6
606 1231 400 10 100 0.01 0.6
299 643 400 10 100 0.01 0.62
368 802 400 10 100 0.01 0.62
467 945 400 10 100 0.01 0.62
364 835 400 10 100 0.01 0.62
408 854 400 10 100 0.01 0.64
314 689 400 10 100 0.01 0.64
383 788 400 10 100 0.01 0.64
552 1164 400 10 100 0.01 0.64
311 696 400 10 100 0.01 0.66
383 814 400 10 100 0.01 0.66
449 940 400 10 100 0.01 0.66
334 763 400 10 100 0.01 0.66
356 753 400 10 100 0.01 0.68
305 689 400 10 100 0.01 0.68
401 845 400 10 100 0.01 0.68
305 663 400 10 100 0.01 0.68
221 523 400 10 100 0.01 0.7
315 721 400 10 100 0.01 0.7
241 553 400 10 100 0.01 0.7
341 780 400 10 100 0.01 0.7
780 1565 400 10 100 0.015 0.6
519 1054 400 10 100 0.015 0.6
813 1595 400 10 100 0.015 0.6
520 1092 400 10 100 0.015 0.6
577 1210 400 10 100 0.015 0.62
558 1225 400 10 100 0.015 0.62
899 1862 400 10 100 0.015 0.62
413 950 400 10 100 0.015 0.62
424 936 400 10 100 0.015 0.64
444 971 400 10 100 0.015 0.64
439 971 400 10 100 0.015 0.64
629 1362 400 10 100 0.015 0.64
384 845 400 10 100 0.015 0.66
376 839 400 10 100 0.015 0.66
406 881 400 10 100 0.015 0.66
434 985 400 10 100 0.015 0.66
293 644 400 10 100 0.015 0.68
516 1142 400 10 100 0.015 0.68
625 1340 400 10 100 0.015 0.68
378 909 400 10 100 0.015 0.68
370 833 400 10 100 0.015 0.7
282 658 400 10 100 0.015 0.7
420 955 400 10 100 0.015 0.7
333 802 400 10 100 0.015 0.7
1142 1774 400 10 200 0.005 0.6
1553 2162 400 10 200 0.005 0.6
1280 1897 400 10 200 0.005 0.6
1424 2011 400 10 200 0.005 0.6
555 1034 400 10 200 0.005 0.62
635 1137 400 10 200 0.005 0.62
642 1152 400 10 200 0.005 0.62
599 1101 400 10 200 0.005 0.62
577 1023 400 10 200 0.005 0.64
1183 1866 400 10 200 0.005 0.64
900 1442 400 10 200 0.005 0.64
917 1405 400 10 200 0.005 0.64
678 1199 400 10 200 0.005 0.66
604 1129 400 10 200 0.005 0.66
925 1448 400 10 200 0.005 0.66
680 1203 400 10 200 0.005 0.66
866 1382 400 10 200 0.005 0.68
912 1524 400 10 200 0.005 0.68
857 1351 400 10 200 0.005 0.68
1099 1644 400 10 200 0.005 0.68
532 1007 400 10 200 0.005 0.7
372 777 400 10 200 0.005 0.7
560 1011 400 10 200 0.005 0.7
500 1019 400 10 200 0.005 0.7
1601 1604 400 10 200 0.01 0.6
907 1051 400 10 200 0.01 0.6
1258 1364 400 10 200 0.01 0.6
1666 1797 400 10 200 0.01 0.6
308 619 400 10 200 0.01 0.62
449 820 400 10 200 0.01 0.62
475 857 400 10 200 0.01 0.62
417 783 400 10 200 0.01 0.62
399 799 400 10 200 0.01 0.64
458 841 400 10 200 0.01 0.64
526 921 400 10 200 0.01 0.64
386 766 400 10 200 0.01 0.64
394 788 400 10 200 0.01 0.66
354 683 400 10 200 0.01 0.66
340 697 400 10 200 0.01 0.66
435 823 400 10 200 0.01 0.66
348 688 400 10 200 0.01 0.68
418 834 400 10 200 0.01 0.68
396 754 400 10 200 0.01 0.68
407 808 400 10 200 0.01 0.68
238 524 400 10 200 0.01 0.7
274 595 400 10 200 0.01 0.7
321 647 400 10 200 0.01 0.7
307 670 400 10 200 0.01 0.7
547 1008 400 10 200 0.015 0.6
660 1181 400 10 200 0.015 0.6
963 1587 400 10 200 0.015 0.6
1063 1808 400 10 200 0.015 0.6
501 968 400 10 200 0.015 0.62
371 804 400 10 200 0.015 0.62
753 1363 400 10 200 0.015 0.62
567 1062 400 10 200 0.015 0.62
388 816 400 10 200 0.015 0.64
401 844 400 10 200 0.015 0.64
690 1237 400 10 200 0.015 0.64
420 927 400 10 200 0.015 0.64
406 834 400 10 200 0.015 0.66
302 626 400 10 200 0.015 0.66
430 859 400 10 200 0.015 0.66
606 1174 400 10 200 0.015 0.66
357 741 400 10 200 0.015 0.68
506 968 400 10 200 0.015 0.68
437 901 400 10 200 0.015 0.68
533 1037 400 10 200 0.015 0.68
295 632 400 10 200 0.015 0.7
422 890 400 10 200 0.015 0.7
459 943 400 10 200 0.015 0.7
347 776 400 10 200 0.015 0.7
1963 2102 400 10 300 0.005 0.6
2204 2317 400 10 300 0.005 0.6
2457 2494 400 10 300 0.005 0.6
2033 2180 400 10 300 0.005 0.6
811 1209 400 10 300 0.005 0.62
821 1194 400 10 300 0.005 0.62
834 1214 400 10 300 0.005 0.62
1032 1434 400 10 300 0.005 0.62
902 1322 400 10 300 0.005 0.64
918 1329 400 10 300 0.005 0.64
1236 1541 400 10 300 0.005 0.64
685 1094 400 10 300 0.005 0.64
671 1076 400 10 300 0.005 0.66
1076 1454 400 10 300 0.005 0.66
915 1351 400 10 300 0.005 0.66
1267 1498 400 10 300 0.005 0.66
808 1181 400 10 300 0.005 0.68
915 1253 400 10 300 0.005 0.68
1340 1619 400 10 300 0.005 0.68
834 1150 400 10 300 0.005 0.68
380 698 400 10 300 0.005 0.7
646 1016 400 10 300 0.005 0.7
960 1348 400 10 300 0.005 0.7
351 725 400 10 300 0.005 0.7
850 1225 400 10 300 0.01 0.6
1035 1380 400 10 300 0.01 0.6
982 1225 400 10 300 0.01 0.6
960 1282 400 10 300 0.01 0.6
514 752 400 10 300 0.01 0.62
530 832 400 10 300 0.01 0.62
590 896 400 10 300 0.01 0.62
690 948 400 10 300 0.01 0.62
396 718 400 10 300 0.01 0.64
347 669 400 10 300 0.01 0.64
449 794 400 10 300 0.01 0.64
420 776 400 10 300 0.01 0.64
439 783 400 10 300 0.01 0.66
680 996 400 10 300 0.01 0.66
824 1130 400 10 300 0.01 0.66
471 851 400 10 300 0.01 0.66
503 816 400 10 300 0.01 0.68
331 651 400 10 300 0.01 0.68
507 815 400 10 300 0.01 0.68
358 648 400 10 300 0.01 0.68
505 857 400 10 300 0.01 0.7
226 493 400 10 300 0.01 0.7
349 647 400 10 300 0.01 0.7
594 1022 400 10 300 0.01 0.7
1042 1481 400 10 300 0.015 0.6
755 1176 400 10 300 0.015 0.6
1164 1597 400 10 300 0.015 0.6
997 1421 400 10 300 0.015 0.6
318 628 400 10 300 0.015 0.62
419 794 400 10 300 0.015 0.62
480 860 400 10 300 0.015 0.62
396 787 400 10 300 0.015 0.62
462 792 400 10 300 0.015 0.64
321 656 400 10 300 0.015 0.64
382 757 400 10 300 0.015 0.64
711 1278 400 10 300 0.015 0.64
287 587 400 10 300 0.015 0.66
674 1127 400 10 300 0.015 0.66
817 1234 400 10 300 0.015 0.66
503 917 400 10 300 0.015 0.66
571 875 400 10 300 0.015 0.68
710 1148 400 10 300 0.015 0.68
517 965 400 10 300 0.015 0.68
776 1222 400 10 300 0.015 0.68
272 536 400 10 300 0.015 0.7
344 709 400 10 300 0.015 0.7
326 632 400 10 300 0.015 0.7
347 690 400 10 300 0.015 0.7
2093 1818 400 10 400 0.005 0.6
2349 1901 400 10 400 0.005 0.6
2423 1933 400 10 400 0.005 0.6
2235 1959 400 10 400 0.005 0.6
825 1166 400 10 400 0.005 0.62
859 1221 400 10 400 0.005 0.62
1189 1392 400 10 400 0.005 0.62
687 979 400 10 400 0.005 0.62
1155 1410 400 10 400 0.005 0.64
885 1241 400 10 400 0.005 0.64
1314 1423 400 10 400 0.005 0.64
1533 1541 400 10 400 0.005 0.64
1069 1185 400 10 400 0.005 0.66
797 1115 400 10 400 0.005 0.66
1943 1672 400 10 400 0.005 0.66
1016 1254 400 10 400 0.005 0.66
730 1030 400 10 400 0.005 0.68
1013 1272 400 10 400 0.005 0.68
961 1231 400 10 400 0.005 0.68
855 1107 400 10 400 0.005 0.68
478 805 400 10 400 0.005 0.7
465 791 400 10 400 0.005 0.7
465 786 400 10 400 0.005 0.7
534 897 400 10 400 0.005 0.7
1195 1227 400 10 400 0.01 0.6
1437 1413 400 10 400 0.01 0.6
1627 1459 400 10 400 0.01 0.6
1458 1442 400 10 400 0.01 0.6
534 773 400 10 400 0.01 0.62
823 1140 400 10 400 0.01 0.62
576 806 400 10 400 0.01 0.62
847 1041 400 10 400 0.01 0.62
326 567 400 10 400 0.01 0.64
564 850 400 10 400 0.01 0.64
459 745 400 10 400 0.01 0.64
491 751 400 10 400 0.01 0.64
699 983 400 10 400 0.01 0.66
431 725 400 10 400 0.01 0.66
511 780 400 10 400 0.01 0.66
629 838 400 10 400 0.01 0.66
493 753 400 10 400 0.01 0.68
565 883 400 10 400 0.01 0.68
1094 1100 400 10 400 0.01 0.68
442 798 400 10 400 0.01 0.68
251 488 400 10 400 0.01 0.7
496 781 400 10 400 0.01 0.7
488 842 400 10 400 0.01 0.7
272 537 400 10 400 0.01 0.7
1018 1305 400 10 400 0.015 0.6
471 765 400 10 400 0.015 0.6
681 959 400 10 400 0.015 0.6
1433 1436 400 10 400 0.015 0.6
494 796 400 10 400 0.015 0.62
473 848 400 10 400 0.015 0.62
537 830 400 10 400 0.015 0.62
604 1015 400 10 400 0.015 0.62
667 1041 400 10 400 0.015 0.64
386 734 400 10 400 0.015 0.64
864 1195 400 10 400 0.015 0.64
420 719 400 10 400 0.015 0.64
450 732 400 10 400 0.015 0.66
522 816 400 10 400 0.015 0.66
578 987 400 10 400 0.015 0.66
687 1119 400 10 400 0.015 0.66
450 818 400 10 400 0.015 0.68
444 789 400 10 400 0.015 0.68
768 1151 400 10 400 0.015 0.68
761 1194 400 10 400 0.015 0.68
298 585 400 10 400 0.015 0.7
325 627 400 10 400 0.015 0.7
351 677 400 10 400 0.015 0.7
401 782 400 10 400 0.015 0.7
2094 3156 400 15 100 0.005 0.6
1853 2831 400 15 100 0.005 0.6
1759 2713 400 15 100 0.005 0.6
2240 3378 400 15 100 0.005 0.6
734 1208 400 15 100 0.005 0.62
869 1435 400 15 100 0.005 0.62
1173 1831 400 15 100 0.005 0.62
1073 1784 400 15 100 0.005 0.62
1393 2101 400 15 100 0.005 0.64
976 1586 400 15 100 0.005 0.64
1025 1637 400 15 100 0.005 0.64
1442 2231 400 15 100 0.005 0.64
1264 1976 400 15 100 0.005 0.66
1130 1795 400 15 100 0.005 0.66
1062 1666 400 15 100 0.005 0.66
1355 2091 400 15 100 0.005 0.66
461 782 400 15 100 0.005 0.68
700 1160 400 15 100 0.005 0.68
783 1278 400 15 100 0.005 0.68
488 877 400 15 100 0.005 0.68
563 958 400 15 100 0.005 0.7
540 930 400 15 100 0.005 0.7
679 1130 400 15 100 0.005 0.7
591 1025 400 15 100 0.005 0.7
632 1021 400 15 100 0.01 0.6
773 1238 400 15 100 0.01 0.6
694 1118 400 15 100 0.01 0.6
747 1168 400 15 100 0.01 0.6
465 754 400 15 100 0.01 0.62
522 879 400 15 100 0.01 0.62
650 1023 400 15 100 0.01 0.62
574 995 400 15 100 0.01 0.62
475 807 400 15 100 0.01 0.64
293 522 400 15 100 0.01 0.64
675 1088 400 15 100 0.01 0.64
333 613 400 15 100 0.01 0.64
503 830 400 15 100 0.01 0.66
408 699 400 15 100 0.01 0.66
573 937 400 15 100 0.01 0.66
489 820 400 15 100 0.01 0.66
399 673 400 15 100 0.01 0.68
298 530 400 15 100 0.01 0.68
427 718 400 15 100 0.01 0.68
423 765 400 15 100 0.01 0.68
273 494 400 15 100 0.01 0.7
363 612 400 15 100 0.01 0.7
329 557 400 15 100 0.01 0.7
386 684 400 15 100 0.01 0.7
450 758 400 15 100 0.015 0.6
520 866 400 15 100 0.015 0.6
448 747 400 15 100 0.015 0.6
572 921 400 15 100 0.015 0.6
404 701 400 15 100 0.015 0.62
347 601 400 15 100 0.015 0.62
441 744 400 15 100 0.015 0.62
363 648 400 15 100 0.015 0.62
408 691 400 15 100 0.015 0.64
448 766 400 15 100 0.015 0.64
459 765 400 15 100 0.015 0.64
400 694 400 15 100 0.015 0.64
445 765 400 15 100 0.015 0.66
397 648 400 15 100 0.015 0.66
423 715 400 15 100 0.015 0.66
463 758 400 15 100 0.015 0.66
444 751 400 15 100 0.015 0.68
289 525 400 15 100 0.015 0.68
492 856 400 15 100 0.015 0.68
285 513 400 15 100 0.015 0.68
252 464 400 15 100 0.015 0.7
255 471 400 15 100 0.015 0.7
361 633 400 15 100 0.015 0.7
310 574 400 15 100 0.015 0.7
1310 1692 400 15 200 0.005 0.6
2436 2723 400 15 200 0.005 0.6
3628 3767 400 15 200 0.005 0.6
1757 2205 400 15 200 0.005 0.6
1490 1899 400 15 200 0.005 0.62
1595 1966 400 15 200 0.005 0.62
1648 2040 400 15 200 0.005 0.62
1490 1956 400 15 200 0.005 0.62
1321 1728 400 15 200 0.005 0.64
1124 1516 400 15 200 0.005 0.64
1342 1755 400 15 200 0.005 0.64
1205 1570 400 15 200 0.005 0.64
1295 1670 400 15 200 0.005 0.66
1331 1703 400 15 200 0.005 0.66
1716 2028 400 15 200 0.005 0.66
1331 1641 400 15 200 0.005 0.66
622 946 400 15 200 0.005 0.68
573 864 400 15 200 0.005 0.68
681 1016 400 15 200 0.005 0.68
775 1069 400 15 200 0.005 0.68
735 1049 400 15 200 0.005 0.7
737 1053 400 15 200 0.005 0.7
745 1087 400 15 200 0.005 0.7
930 1256 400 15 200 0.005 0.7
756 1063 400 15 200 0.01 0.6
650 945 400 15 200 0.01 0.6
1213 1444 400 15 200 0.01 0.6
883 1205 400 15 200 0.01 0.6
533 808 400 15 200 0.01 0.62
654 888 400 15 200 0.01 0.62
610 855 400 15 200 0.01 0.62
685 918 400 15 200 0.01 0.62
470 711 400 15 200 0.01 0.64
585 858 400 15 200 0.01 0.64
679 895 400 15 200 0.01 0.64
583 900 400 15 200 0.01 0.64
473 707 400 15 200 0.01 0.66
553 800 400 15 200 0.01 0.66
500 794 400 15 200 0.01 0.66
585 839 400 15 200 0.01 0.66
396 601 400 15 200 0.01 0.68
374 593 400 15 200 0.01 0.68
351 535 400 15 200 0.01 0.68
466 747 400 15 200 0.01 0.68
305 512 400 15 200 0.01 0.7
556 744 400 15 200 0.01 0.7
400 647 400 15 200 0.01 0.7
464 685 400 15 200 0.01 0.7
553 797 400 15 200 0.015 0.6
572 842 400 15 200 0.015 0.6
717 960 400 15 200 0.015 0.6
726 1017 400 15 200 0.015 0.6
325 529 400 15 200 0.015 0.62
402 637 400 15 200 0.015 0.62
361 608 400 15 200 0.015 0.62
387 620 400 15 200 0.015 0.62
513 765 400 15 200 0.015 0.64
392 673 400 15 200 0.015 0.64
692 921 400 15 200 0.015 0.64
392 668 400 15 200 0.015 0.64
593 900 400 15 200 0.015 0.66
303 514 400 15 200 0.015 0.66
610 837 400 15 200 0.015 0.66
532 851 400 15 200 0.015 0.66
308 521 400 15 200 0.015 0.68
278 482 400 15 200 0.015 0.68
209 360 400 15 200 0.015 0.68
428 678 400 15 200 0.015 0.68
287 489 400 15 200 0.015 0.7
271 460 400 15 200 0.015 0.7
316 534 400 15 200 0.015 0.7
557 803 400 15 200 0.015 0.7
3446 2808 400 15 300 0.005 0.6
2649 2296 400 15 300 0.005 0.6
3641 3007 400 15 300 0.005 0.6
2777 2613 400 15 300 0.005 0.6
1287 1437 400 15 300 0.005 0.62
1429 1606 400 15 300 0.005 0.62
2045 1878 400 15 300 0.005 0.62
1680 1717 400 15 300 0.005 0.62
1872 1859 400 15 300 0.005 0.64
1246 1321 400 15 300 0.005 0.64
2302 2057 400 15 300 0.005 0.64
1357 1512 400 15 300 0.005 0.64
1006 1329 400 15 300 0.005 0.66
1869 1797 400 15 300 0.005 0.66
1303 1373 400 15 300 0.005 0.66
1800 1900 400 15 300 0.005 0.66
1063 1145 400 15 300 0.005 0.68
510 779 400 15 300 0.005 0.68
964 1148 400 15 300 0.005 0.68
893 1124 400 15 300 0.005 0.68
954 1140 400 15 300 0.005 0.7
547 770 400 15 300 0.005 0.7
728 917 400 15 300 0.005 0.7
1014 1178 400 15 300 0.005 0.7
1397 1463 400 15 300 0.01 0.6
880 995 400 15 300 0.01 0.6
1407 1487 400 15 300 0.01 0.6
1312 1338 400 15 300 0.01 0.6
755 643 400 15 300 0.01 0.62
986 928 400 15 300 0.01 0.62
1687 995 400 15 300 0.01 0.62
568 746 400 15 300 0.01 0.62
926 921 400 15 300 0.01 0.64
984 928 400 15 300 0.01 0.64
1506 1068 400 15 300 0.01 0.64
820 808 400 15 300 0.01 0.64
435 607 400 15 300 0.01 0.66
800 949 400 15 300 0.01 0.66
600 822 400 15 300 0.01 0.66
700 887 400 15 300 0.01 0.66
400 608 400 15 300 0.01 0.68
357 571 400 15 300 0.01 0.68
619 763 400 15 300 0.01 0.68
293 466 400 15 300 0.01 0.68
354 563 400 15 300 0.01 0.7
362 591 400 15 300 0.01 0.7
685 646 400 15 300 0.01 0.7
430 638 400 15 300 0.01 0.7
650 843 400 15 300 0.015 0.6
752 941 400 15 300 0.015 0.6
1493 1365 400 15 300 0.015 0.6
580 812 400 15 300 0.015 0.6
357 553 400 15 300 0.015 0.62
483 691 400 15 300 0.015 0.62
540 732 400 15 300 0.015 0.62
419 609 400 15 300 0.015 0.62
471 657 400 15 300 0.015 0.64
317 500 400 15 300 0.015 0.64
456 675 400 15 300 0.015 0.64
432 641 400 15 300 0.015 0.64
663 807 400 15 300 0.015 0.66
731 855 400 15 300 0.015 0.66
1920 1673 400 15 300 0.015 0.66
477 741 400 15 300 0.015 0.66
314 472 400 15 300 0.015 0.68
439 606 400 15 300 0.015 0.68
314 513 400 15 300 0.015 0.68
759 904 400 15 300 0.015 0.68
367 573 400 15 300 0.015 0.7
414 627 400 15 300 0.015 0.7
731 861 400 15 300 0.015 0.7
293 502 400 15 300 0.015 0.7
5864 3584 400 15 400 0.005 0.6
3914 2727 400 15 400 0.005 0.6
5582 3367 400 15 400 0.005 0.6
5469 3165 400 15 400 0.005 0.6
2000 1678 400 15 400 0.005 0.62
2194 1791 400 15 400 0.005 0.62
3092 2089 400 15 400 0.005 0.62
2684 2006 400 15 400 0.005 0.62
1421 1426 400 15 400 0.005 0.64
2561 2090 400 15 400 0.005 0.64
2211 1781 400 15 400 0.005 0.64
1785 1606 400 15 400 0.005 0.64
1592 1571 400 15 400 0.005 0.66
2100 1815 400 15 400 0.005 0.66
2278 1677 400 15 400 0.005 0.66
2697 2027 400 15 400 0.005 0.66
1166 1176 400 15 400 0.005 0.68
1198 1099 400 15 400 0.005 0.68
1746 1425 400 15 400 0.005 0.68
1660 1306 400 15 400 0.005 0.68
841 1000 400 15 400 0.005 0.7
648 891 400 15 400 0.005 0.7
1379 1343 400 15 400 0.005 0.7
767 943 400 15 400 0.005 0.7
1416 1182 400 15 400 0.01 0.6
920 1043 400 15 400 0.01 0.6
1780 1359 400 15 400 0.01 0.6
1693 1393 400 15 400 0.01 0.6
545 672 400 15 400 0.01 0.62
732 866 400 15 400 0.01 0.62
683 829 400 15 400 0.01 0.62
682 842 400 15 400 0.01 0.62
660 726 400 15 400 0.01 0.64
548 679 400 15 400 0.01 0.64
941 801 400 15 400 0.01 0.64
1162 1036 400 15 400 0.01 0.64
677 813 400 15 400 0.01 0.66
1020 963 400 15 400 0.01 0.66
1145 1026 400 15 400 0.01 0.66
1255 1069 400 15 400 0.01 0.66
565 469 400 15 400 0.01 0.68
559 445 400 15 400 0.01 0.68
818 617 400 15 400 0.01 0.68
712 693 400 15 400 0.01 0.68
313 472 400 15 400 0.01 0.7
455 581 400 15 400 0.01 0.7
678 809 400 15 400 0.01 0.7
788 811 400 15 400 0.01 0.7
1131 1069 400 15 400 0.015 0.6
1034 1037 400 15 400 0.015 0.6
2285 1477 400 15 400 0.015 0.6
1453 1223 400 15 400 0.015 0.6
614 764 400 15 400 0.015 0.62
419 640 400 15 400 0.015 0.62
835 862 400 15 400 0.015 0.62
575 779 400 15 400 0.015 0.62
680 821 400 15 400 0.015 0.64
260 411 400 15 400 0.015 0.64
623 733 400 15 400 0.015 0.64
541 740 400 15 400 0.015 0.64
587 730 400 15 400 0.015 0.66
681 783 400 15 400 0.015 0.66
807 786 400 15 400 0.015 0.66
892 953 400 15 400 0.015 0.66
321 501 400 15 400 0.015 0.68
268 423 400 15 400 0.015 0.68
321 487 400 15 400 0.015 0.68
272 423 400 15 400 0.015 0.68
413 606 400 15 400 0.015 0.7
369 565 400 15 400 0.015 0.7
502 684 400 15 400 0.015 0.7
344 499 400 15 400 0.015 0.7
3214 4076 400 20 100 0.005 0.6
4255 5344 400 20 100 0.005 0.6
3586 4520 400 20 100 0.005 0.6
6927 8753 400 20 100 0.005 0.6
2785 3575 400 20 100 0.005 0.62
2806 3630 400 20 100 0.005 0.62
2345 2876 400 20 100 0.005 0.62
3386 4084 400 20 100 0.005 0.62
2434 3114 400 20 100 0.005 0.64
2193 2839 400 20 100 0.005 0.64
2589 3297 400 20 100 0.005 0.64
2169 2812 400 20 100 0.005 0.64
1132 1533 400 20 100 0.005 0.66
1319 1742 400 20 100 0.005 0.66
1737 2244 400 20 100 0.005 0.66
1034 1448 400 20 100 0.005 0.66
961 1315 400 20 100 0.005 0.68
1614 2130 400 20 100 0.005 0.68
1494 1930 400 20 100 0.005 0.68
1200 1625 400 20 100 0.005 0.68
511 733 400 20 100 0.005 0.7
789 1087 400 20 100 0.005 0.7
772 1075 400 20 100 0.005 0.7
588 853 400 20 100 0.005 0.7
857 1094 400 20 100 0.01 0.6
1004 1357 400 20 100 0.01 0.6
958 1230 400 20 100 0.01 0.6
1101 1483 400 20 100 0.01 0.6
540 779 400 20 100 0.01 0.62
803 1097 400 20 100 0.01 0.62
616 867 400 20 100 0.01 0.62
1061 1435 400 20 100 0.01 0.62
495 717 400 20 100 0.01 0.64
913 1216 400 20 100 0.01 0.64
736 1011 400 20 100 0.01 0.64
715 996 400 20 100 0.01 0.64
560 784 400 20 100 0.01 0.66
329 490 400 20 100 0.01 0.66
581 785 400 20 100 0.01 0.66
375 524 400 20 100 0.01 0.66
396 575 400 20 100 0.01 0.68
368 552 400 20 100 0.01 0.68
636 891 400 20 100 0.01 0.68
395 589 400 20 100 0.01 0.68
449 643 400 20 100 0.01 0.7
410 589 400 20 100 0.01 0.7
558 777 400 20 100 0.01 0.7
526 747 400 20 100 0.01 0.7
686 945 400 20 100 0.015 0.6
572 774 400 20 100 0.015 0.6
776 1053 400 20 100 0.015 0.6
653 904 400 20 100 0.015 0.6
333 487 400 20 100 0.015 0.62
359 520 400 20 100 0.015 0.62
636 826 400 20 100 0.015 0.62
489 678 400 20 100 0.015 0.62
477 681 400 20 100 0.015 0.64
544 760 400 20 100 0.015 0.64
613 847 400 20 100 0.015 0.64
502 706 400 20 100 0.015 0.64
308 453 400 20 100 0.015 0.66
346 517 400 20 100 0.015 0.66
382 548 400 20 100 0.015 0.66
490 708 400 20 100 0.015 0.66
360 491 400 20 100 0.015 0.68
288 394 400 20 100 0.015 0.68
439 591 400 20 100 0.015 0.68
296 443 400 20 100 0.015 0.68
282 428 400 20 100 0.015 0.7
300 455 400 20 100 0.015 0.7
394 540 400 20 100 0.015 0.7
245 361 400 20 100 0.015 0.7
4907 4401 400 20 200 0.005 0.6
7944 6884 400 20 200 0.005 0.6
7135 6172 400 20 200 0.005 0.6
10116 8642 400 20 200 0.005 0.6
1971 2065 400 20 200 0.005 0.62
2643 2618 400 20 200 0.005 0.62
2629 2660 400 20 200 0.005 0.62
2954 2977 400 20 200 0.005 0.62
3752 3466 400 20 200 0.005 0.64
1693 1905 400 20 200 0.005 0.64
5137 4556 400 20 200 0.005 0.64
3982 3738 400 20 200 0.005 0.64
1282 1453 400 20 200 0.005 0.66
1438 1687 400 20 200 0.005 0.66
1555 1691 400 20 200 0.005 0.66
1609 1772 400 20 200 0.005 0.66
2041 1498 400 20 200 0.005 0.68
1425 1162 400 20 200 0.005 0.68
2109 1735 400 20 200 0.005 0.68
1780 1520 400 20 200 0.005 0.68
808 999 400 20 200 0.005 0.7
457 632 400 20 200 0.005 0.7
816 930 400 20 200 0.005 0.7
648 890 400 20 200 0.005 0.7
985 1135 400 20 200 0.01 0.6
1166 1267 400 20 200 0.01 0.6
1371 1438 400 20 200 0.01 0.6
1131 1292 400 20 200 0.01 0.6
977 1125 400 20 200 0.01 0.62
822 1012 400 20 200 0.01 0.62
623 782 400 20 200 0.01 0.62
1378 1368 400 20 200 0.01 0.62
1176 1265 400 20 200 0.01 0.64
592 742 400 20 200 0.01 0.64
1056 1200 400 20 200 0.01 0.64
799 948 400 20 200 0.01 0.64
432 593 400 20 200 0.01 0.66
569 694 400 20 200 0.01 0.66
548 672 400 20 200 0.01 0.66
554 715 400 20 200 0.01 0.66
681 777 400 20 200 0.01 0.68
414 546 400 20 200 0.01 0.68
545 684 400 20 200 0.01 0.68
597 762 400 20 200 0.01 0.68
422 555 400 20 200 0.01 0.7
377 492 400 20 200 0.01 0.7
498 602 400 20 200 0.01 0.7
461 599 400 20 200 0.01 0.7
647 779 400 20 200 0.015 0.6
833 970 400 20 200 0.015 0.6
822 968 400 20 200 0.015 0.6
934 1056 400 20 200 0.015 0.6
365 482 400 20 200 0.015 0.62
362 495 400 20 200 0.015 0.62
587 665 400 20 200 0.015 0.62
805 984 400 20 200 0.015 0.62
654 719 400 20 200 0.015 0.64
401 505 400 20 200 0.015 0.64
726 886 400 20 200 0.015 0.64
641 813 400 20 200 0.015 0.64
469 564 400 20 200 0.015 0.66
262 361 400 20 200 0.015 0.66
377 503 400 20 200 0.015 0.66
409 548 400 20 200 0.015 0.66
461 579 400 20 200 0.015 0.68
435 572 400 20 200 0.015 0.68
560 702 400 20 200 0.015 0.68
383 519 400 20 200 0.015 0.68
325 448 400 20 200 0.015 0.7
299 423 400 20 200 0.015 0.7
309 436 400 20 200 0.015 0.7
476 631 400 20 200 0.015 0.7
12216 7013 400 20 300 0.005 0.6
8702 5306 400 20 300 0.005 0.6
12155 6957 400 20 300 0.005 0.6
10674 6339 400 20 300 0.005 0.6
3874 2712 400 20 300 0.005 0.62
3728 2717 400 20 300 0.005 0.62
4606 3365 400 20 300 0.005 0.62
4520 3146 400 20 300 0.005 0.62
3541 2598 400 20 300 0.005 0.64
4097 3022 400 20 300 0.005 0.64
11766 6940 400 20 300 0.005 0.64
7506 4776 400 20 300 0.005 0.64
1360 1374 400 20 300 0.005 0.66
3012 2355 400 20 300 0.005 0.66
2019 1810 400 20 300 0.005 0.66
2404 1902 400 20 300 0.005 0.66
1295 1351 400 20 300 0.005 0.68
1090 1119 400 20 300 0.005 0.68
2063 1881 400 20 300 0.005 0.68
3936 2772 400 20 300 0.005 0.68
838 961 400 20 300 0.005 0.7
757 877 400 20 300 0.005 0.7
834 868 400 20 300 0.005 0.7
1331 1269 400 20 300 0.005 0.7
1583 1417 400 20 300 0.01 0.6
1683 1480 400 20 300 0.01 0.6
2084 1661 400 20 300 0.01 0.6
1479 1350 400 20 300 0.01 0.6
1372 1269 400 20 300 0.01 0.62
937 978 400 20 300 0.01 0.62
1802 1348 400 20 300 0.01 0.62
1131 1121 400 20 300 0.01 0.62
1581 1319 400 20 300 0.01 0.64
642 775 400 20 300 0.01 0.64
1221 1236 400 20 300 0.01 0.64
1061 1036 400 20 300 0.01 0.64
577 707 400 20 300 0.01 0.66
463 548 400 20 300 0.01 0.66
901 858 400 20 300 0.01 0.66
482 591 400 20 300 0.01 0.66
559 678 400 20 300 0.01 0.68
600 656 400 20 300 0.01 0.68
771 811 400 20 300 0.01 0.68
598 676 400 20 300 0.01 0.68
475 591 400 20 300 0.01 0.7
405 512 400 20 300 0.01 0.7
525 575 400 20 300 0.01 0.7
723 716 400 20 300 0.01 0.7
1500 859 400 20 300 0.015 0.6
1130 700 400 20 300 0.015 0.6
1359 758 400 20 300 0.015 0.6
1621 1031 400 20 300 0.015 0.6
836 688 400 20 300 0.015 0.62
620 539 400 20 300 0.015 0.62
588 481 400 20 300 0.015 0.62
965 711 400 20 300 0.015 0.62
603 633 400 20 300 0.015 0.64
564 644 400 20 300 0.015 0.64
888 927 400 20 300 0.015 0.64
571 697 400 20 300 0.015 0.64
433 525 400 20 300 0.015 0.66
418 537 400 20 300 0.015 0.66
587 627 400 20 300 0.015 0.66
587 661 400 20 300 0.015 0.66
468 540 400 20 300 0.015 0.68
369 491 400 20 300 0.015 0.68
381 498 400 20 300 0.015 0.68
638 695 400 20 300 0.015 0.68
377 487 400 20 300 0.015 0.7
232 331 400 20 300 0.015 0.7
254 347 400 20 300 0.015 0.7
743 740 400 20 300 0.015 0.7
8985 4227 400 20 400 0.005 0.6
10442 4923 400 20 400 0.005 0.6
18372 7617 400 20 400 0.005 0.6
10777 5162 400 20 400 0.005 0.6
3224 2197 400 20 400 0.005 0.62
4189 2616 400 20 400 0.005 0.62
8744 4035 400 20 400 0.005 0.62
4243 2545 400 20 400 0.005 0.62
3458 2104 400 20 400 0.005 0.64
7810 3994 400 20 400 0.005 0.64
7313 3712 400 20 400 0.005 0.64
4264 2634 400 20 400 0.005 0.64
1997 1566 400 20 400 0.005 0.66
3128 2056 400 20 400 0.005 0.66
3388 2134 400 20 400 0.005 0.66
1783 1255 400 20 400 0.005 0.66
2906 1891 400 20 400 0.005 0.68
1935 1546 400 20 400 0.005 0.68
2836 1925 400 20 400 0.005 0.68
2213 1705 400 20 400 0.005 0.68
1703 1417 400 20 400 0.005 0.7
608 700 400 20 400 0.005 0.7
1214 1112 400 20 400 0.005 0.7
1149 1056 400 20 400 0.005 0.7
1513 1212 400 20 400 0.01 0.6
1855 1283 400 20 400 0.01 0.6
3035 1757 400 20 400 0.01 0.6
1385 1082 400 20 400 0.01 0.6
1417 1074 400 20 400 0.01 0.62
1092 945 400 20 400 0.01 0.62
1441 971 400 20 400 0.01 0.62
1849 1373 400 20 400 0.01 0.62
939 940 400 20 400 0.01 0.64
1722 1081 400 20 400 0.01 0.64
1817 1372 400 20 400 0.01 0.64
1057 1022 400 20 400 0.01 0.64
700 720 400 20 400 0.01 0.66
562 641 400 20 400 0.01 0.66
1604 1206 400 20 400 0.01 0.66
561 628 400 20 400 0.01 0.66
617 638 400 20 400 0.01 0.68
543 592 400 20 400 0.01 0.68
512 590 400 20 400 0.01 0.68
792 738 400 20 400 0.01 0.68
425 491 400 20 400 0.01 0.7
402 438 400 20 400 0.01 0.7
413 499 400 20 400 0.01 0.7
684 694 400 20 400 0.01 0.7
1042 935 400 20 400 0.015 0.6
629 696 400 20 400 0.015 0.6
1934 1266 400 20 400 0.015 0.6
1082 945 400 20 400 0.015 0.6
281 362 400 20 400 0.015 0.62
496 567 400 20 400 0.015 0.62
681 642 400 20 400 0.015 0.62
611 637 400 20 400 0.015 0.62
672 700 400 20 400 0.015 0.64
863 857 400 20 400 0.015 0.64
1415 1044 400 20 400 0.015 0.64
606 662 400 20 400 0.015 0.64
597 529 400 20 400 0.015 0.66
942 831 400 20 400 0.015 0.66
1254 907 400 20 400 0.015 0.66
439 515 400 20 400 0.015 0.66
365 466 400 20 400 0.015 0.68
660 584 400 20 400 0.015 0.68
566 632 400 20 400 0.015 0.68
722 655 400 20 400 0.015 0.68
334 439 400 20 400 0.015 0.7
378 451 400 20 400 0.015 0.7
557 589 400 20 400 0.015 0.7
441 536 400 20 400 0.015 0.7
8638 9300 400 25 100 0.005 0.6
11329 12010 400 25 100 0.005 0.6
26862 28797 400 25 100 0.005 0.6
12043 13517 400 25 100 0.005 0.6
8908 9574 400 25 100 0.005 0.62
4958 5379 400 25 100 0.005 0.62
8983 9605 400 25 100 0.005 0.62
6916 7609 400 25 100 0.005 0.62
4629 5057 400 25 100 0.005 0.64
5819 6342 400 25 100 0.005 0.64
8307 8934 400 25 100 0.005 0.64
10370 11596 400 25 100 0.005 0.64
2504 2785 400 25 100 0.005 0.66
3565 3973 400 25 100 0.005 0.66
3788 4140 400 25 100 0.005 0.66
2464 2822 400 25 100 0.005 0.66
2317 2619 400 25 100 0.005 0.68
2875 3193 400 25 100 0.005 0.68
2649 2932 400 25 100 0.005 0.68
4999 5579 400 25 100 0.005 0.68
1496 1704 400 25 100 0.005 0.7
2515 1982 400 25 100 0.005 0.7
2213 2338 400 25 100 0.005 0.7
1998 1396 400 25 100 0.005 0.7
1773 2008 400 25 100 0.01 0.6
1598 1734 400 25 100 0.01 0.6
1797 2047 400 25 100 0.01 0.6
2070 2289 400 25 100 0.01 0.6
1303 1017 400 25 100 0.01 0.62
1251 968 400 25 100 0.01 0.62
2458 1621 400 25 100 0.01 0.62
656 778 400 25 100 0.01 0.62
1282 1482 400 25 100 0.01 0.64
839 1013 400 25 100 0.01 0.64
990 1185 400 25 100 0.01 0.64
1270 1457 400 25 100 0.01 0.64
1328 952 400 25 100 0.01 0.66
1123 732 400 25 100 0.01 0.66
1417 1126 400 25 100 0.01 0.66
1306 1106 400 25 100 0.01 0.66
509 619 400 25 100 0.01 0.68
717 849 400 25 100 0.01 0.68
560 680 400 25 100 0.01 0.68
745 901 400 25 100 0.01 0.68
529 626 400 25 100 0.01 0.7
459 556 400 25 100 0.01 0.7
557 647 400 25 100 0.01 0.7
518 619 400 25 100 0.01 0.7
627 690 400 25 100 0.015 0.6
702 831 400 25 100 0.015 0.6
647 712 400 25 100 0.015 0.6
734 854 400 25 100 0.015 0.6
558 669 400 25 100 0.015 0.62
698 829 400 25 100 0.015 0.62
868 998 400 25 100 0.015 0.62
522 647 400 25 100 0.015 0.62
371 450 400 25 100 0.015 0.64
654 771 400 25 100 0.015 0.64
681 801 400 25 100 0.015 0.64
803 974 400 25 100 0.015 0.64
340 420 400 25 100 0.015 0.66
401 496 400 25 100 0.015 0.66
512 616 400 25 100 0.015 0.66
620 785 400 25 100 0.015 0.66
464 554 400 25 100 0.015 0.68
378 459 400 25 100 0.015 0.68
466 579 400 25 100 0.015 0.68
399 495 400 25 100 0.015 0.68
391 464 400 25 100 0.015 0.7
299 355 400 25 100 0.015 0.7
582 666 400 25 100 0.015 0.7
305 393 400 25 100 0.015 0.7
22038 16153 400 25 200 0.005 0.6
13968 10414 400 25 200 0.005 0.6
13017 9808 400 25 200 0.005 0.6
29991 21968 400 25 200 0.005 0.6
10252 4941 400 25 200 0.005 0.62
12164 5966 400 25 200 0.005 0.62
15655 7532 400 25 200 0.005 0.62
11254 6816 400 25 200 0.005 0.62
16310 8799 400 25 200 0.005 0.64
10425 5058 400 25 200 0.005 0.64
17228 9192 400 25 200 0.005 0.64
17922 10994 400 25 200 0.005 0.64
4978 4014 400 25 200 0.005 0.66
3339 2880 400 25 200 0.005 0.66
8519 6514 400 25 200 0.005 0.66
4188 3587 400 25 200 0.005 0.66
7668 4485 400 25 200 0.005 0.68
5969 3752 400 25 200 0.005 0.68
5900 3886 400 25 200 0.005 0.68
12566 8276 400 25 200 0.005 0.68
2076 1863 400 25 200 0.005 0.7
1391 1391 400 25 200 0.005 0.7
1367 1356 400 25 200 0.005 0.7
2998 2533 400 25 200 0.005 0.7
1777 1689 400 25 200 0.01 0.6
2640 1758 400 25 200 0.01 0.6
3805 2780 400 25 200 0.01 0.6
2295 1834 400 25 200 0.01 0.6
3804 1837 400 25 200 0.01 0.62
2684 1367 400 25 200 0.01 0.62
5527 2542 400 25 200 0.01 0.62
1829 1313 400 25 200 0.01 0.62
1056 1101 400 25 200 0.01 0.64
1184 1212 400 25 200 0.01 0.64
1447 1334 400 25 200 0.01 0.64
1035 1083 400 25 200 0.01 0.64
586 668 400 25 200 0.01 0.66
670 731 400 25 200 0.01 0.66
927 937 400 25 200 0.01 0.66
601 692 400 25 200 0.01 0.66
836 872 400 25 200 0.01 0.68
737 753 400 25 200 0.01 0.68
1312 1273 400 25 200 0.01 0.68
834 858 400 25 200 0.01 0.68
710 738 400 25 200 0.01 0.7
508 566 400 25 200 0.01 0.7
667 752 400 25 200 0.01 0.7
812 821 400 25 200 0.01 0.7
737 722 400 25 200 0.015 0.6
598 678 400 25 200 0.015 0.6
634 633 400 25 200 0.015 0.6
846 865 400 25 200 0.015 0.6
582 637 400 25 200 0.015 0.62
851 807 400 25 200 0.015 0.62
802 809 400 25 200 0.015 0.62
1072 1043 400 25 200 0.015 0.62
430 478 400 25 200 0.015 0.64
828 857 400 25 200 0.015 0.64
736 738 400 25 200 0.015 0.64
642 679 400 25 200 0.015 0.64
522 539 400 25 200 0.015 0.66
582 596 400 25 200 0.015 0.66
742 698 400 25 200 0.015 0.66
598 664 400 25 200 0.015 0.66
543 613 400 25 200 0.015 0.68
444 513 400 25 200 0.015 0.68
832 758 400 25 200 0.015 0.68
410 476 400 25 200 0.015 0.68
353 395 400 25 200 0.015 0.7
346 428 400 25 200 0.015 0.7
398 451 400 25 200 0.015 0.7
318 392 400 25 200 0.015 0.7
23883 12093 400 25 300 0.005 0.6
22221 11364 400 25 300 0.005 0.6
18219 9354 400 25 300 0.005 0.6
36967 18233 400 25 300 0.005 0.6
15045 7971 400 25 300 0.005 0.62
11666 6456 400 25 300 0.005 0.62
15381 8309 400 25 300 0.005 0.62
15054 8207 400 25 300 0.005 0.62
7742 4581 400 25 300 0.005 0.64
12312 6649 400 25 300 0.005 0.64
20632 10515 400 25 300 0.005 0.64
16872 9052 400 25 300 0.005 0.64
7444 4344 400 25 300 0.005 0.66
5090 3304 400 25 300 0.005 0.66
7150 4320 400 25 300 0.005 0.66
6943 4221 400 25 300 0.005 0.66
3973 2667 400 25 300 0.005 0.68
6781 4107 400 25 300 0.005 0.68
8087 4734 400 25 300 0.005 0.68
5477 3438 400 25 300 0.005 0.68
1596 1359 400 25 300 0.005 0.7
2914 2050 400 25 300 0.005 0.7
2147 1635 400 25 300 0.005 0.7
2940 2092 400 25 300 0.005 0.7
1572 1295 400 25 300 0.01 0.6
1764 1496 400 25 300 0.01 0.6
4493 2815 400 25 300 0.01 0.6
2419 1803 400 25 300 0.01 0.6
1149 1003 400 25 300 0.01 0.62
1868 1417 400 25 300 0.01 0.62
3158 1967 400 25 300 0.01 0.62
2713 1827 400 25 300 0.01 0.62
1786 1452 400 25 300 0.01 0.64
1260 1104 400 25 300 0.01 0.64
1991 1554 400 25 300 0.01 0.64
1628 1303 400 25 300 0.01 0.64
931 855 400 25 300 0.01 0.66
742 786 400 25 300 0.01 0.66
1589 1244 400 25 300 0.01 0.66
1138 978 400 25 300 0.01 0.66
1298 1031 400 25 300 0.01 0.68
711 718 400 25 300 0.01 0.68
1491 1123 400 25 300 0.01 0.68
1351 1161 400 25 300 0.01 0.68
754 758 400 25 300 0.01 0.7
699 637 400 25 300 0.01 0.7
1124 901 400 25 300 0.01 0.7
567 640 400 25 300 0.01 0.7
1798 1099 400 25 300 0.015 0.6
1465 909 400 25 300 0.015 0.6
2000 1105 400 25 300 0.015 0.6
2050 1223 400 25 300 0.015 0.6
1024 881 400 25 300 0.015 0.62
947 828 400 25 300 0.015 0.62
882 801 400 25 300 0.015 0.62
1594 1177 400 25 300 0.015 0.62
676 660 400 25 300 0.015 0.64
781 775 400 25 300 0.015 0.64
1654 1244 400 25 300 0.015 0.64
1001 910 400 25 300 0.015 0.64
298 321 400 25 300 0.015 0.66
453 511 400 25 300 0.015 0.66
473 489 400 25 300 0.015 0.66
496 515 400 25 300 0.015 0.66
542 579 400 25 300 0.015 0.68
545 577 400 25 300 0.015 0.68
401 419 400 25 300 0.015 0.68
703 702 400 25 300 0.015 0.68
485 494 400 25 300 0.015 0.7
260 307 400 25 300 0.015 0.7
427 472 400 25 300 0.015 0.7
416 442 400 25 300 0.015 0.7
20491 8011 400 25 400 0.005 0.6
27493 10159 400 25 400 0.005 0.6
23601 8916 400 25 400 0.005 0.6
36206 12984 400 25 400 0.005 0.6
14272 5817 400 25 400 0.005 0.62
20864 7977 400 25 400 0.005 0.62
28358 10262 400 25 400 0.005 0.62
11866 5003 400 25 400 0.005 0.62
13935 5876 400 25 400 0.005 0.64
19100 7186 400 25 400 0.005 0.64
22693 8632 400 25 400 0.005 0.64
24340 9243 400 25 400 0.005 0.64
5690 2692 400 25 400 0.005 0.66
5780 2787 400 25 400 0.005 0.66
8354 3788 400 25 400 0.005 0.66
9075 4326 400 25 400 0.005 0.66
12716 4411 400 25 400 0.005 0.68
6543 2760 400 25 400 0.005 0.68
13378 4666 400 25 400 0.005 0.68
8774 3618 400 25 400 0.005 0.68
2115 1565 400 25 400 0.005 0.7
2618 1790 400 25 400 0.005 0.7
3220 1757 400 25 400 0.005 0.7
2901 2036 400 25 400 0.005 0.7
4466 2226 400 25 400 0.01 0.6
2315 1596 400 25 400 0.01 0.6
5254 2483 400 25 400 0.01 0.6
3168 1743 400 25 400 0.01 0.6
2431 1508 400 25 400 0.01 0.62
2231 1346 400 25 400 0.01 0.62
4348 2121 400 25 400 0.01 0.62
1478 1219 400 25 400 0.01 0.62
1648 1176 400 25 400 0.01 0.64
2204 1416 400 25 400 0.01 0.64
2964 1648 400 25 400 0.01 0.64
2438 1477 400 25 400 0.01 0.64
1087 899 400 25 400 0.01 0.66
1231 924 400 25 400 0.01 0.66
1457 1051 400 25 400 0.01 0.66
1252 960 400 25 400 0.01 0.66
759 684 400 25 400 0.01 0.68
908 833 400 25 400 0.01 0.68
832 663 400 25 400 0.01 0.68
948 882 400 25 400 0.01 0.68
760 682 400 25 400 0.01 0.7
685 533 400 25 400 0.01 0.7
971 835 400 25 400 0.01 0.7
665 624 400 25 400 0.01 0.7
1038 896 400 25 400 0.015 0.6
1033 808 400 25 400 0.015 0.6
1659 1063 400 25 400 0.015 0.6
1253 905 400 25 400 0.015 0.6
767 673 400 25 400 0.015 0.62
773 729 400 25 400 0.015 0.62
1054 863 400 25 400 0.015 0.62
625 576 400 25 400 0.015 0.62
850 658 400 25 400 0.015 0.64
798 632 400 25 400 0.015 0.64
1100 831 400 25 400 0.015 0.64
2012 1133 400 25 400 0.015 0.64
729 673 400 25 400 0.015 0.66
592 555 400 25 400 0.015 0.66
532 524 400 25 400 0.015 0.66
868 592 400 25 400 0.015 0.66
470 509 400 25 400 0.015 0.68
497 506 400 25 400 0.015 0.68
604 597 400 25 400 0.015 0.68
725 629 400 25 400 0.015 0.68
547 499 400 25 400 0.015 0.7
386 392 400 25 400 0.015 0.7
571 525 400 25 400 0.015 0.7
410 444 400 25 400 0.015 0.7
