1428 1971 500 10 125 0.005 0.6
1246 1826 500 10 125 0.005 0.6
1477 2043 500 10 125 0.005 0.6
1209 1723 500 10 125 0.005 0.6
870 1360 500 10 125 0.005 0.62
1049 1586 500 10 125 0.005 0.62
872 1374 500 10 125 0.005 0.62
1198 1765 500 10 125 0.005 0.62
872 1347 500 10 125 0.005 0.64
968 1485 500 10 125 0.005 0.64
1159 1658 500 10 125 0.005 0.64
886 1441 500 10 125 0.005 0.64
793 1245 500 10 125 0.005 0.66
782 1239 500 10 125 0.005 0.66
1189 1808 500 10 125 0.005 0.66
788 1374 500 10 125 0.005 0.66
848 1351 500 10 125 0.005 0.68
756 1197 500 10 125 0.005 0.68
922 1417 500 10 125 0.005 0.68
850 1370 500 10 125 0.005 0.68
585 933 500 10 125 0.005 0.7
483 813 500 10 125 0.005 0.7
646 1072 500 10 125 0.005 0.7
578 1029 500 10 125 0.005 0.7
997 1157 500 10 125 0.01 0.6
1208 1377 500 10 125 0.01 0.6
952 1160 500 10 125 0.01 0.6
1338 1556 500 10 125 0.01 0.6
559 936 500 10 125 0.01 0.62
541 903 500 10 125 0.01 0.62
651 1093 500 10 125 0.01 0.62
545 946 500 10 125 0.01 0.62
540 909 500 10 125 0.01 0.64
524 905 500 10 125 0.01 0.64
567 956 500 10 125 0.01 0.64
538 905 500 10 125 0.01 0.64
438 744 500 10 125 0.01 0.66
568 946 500 10 125 0.01 0.66
497 850 500 10 125 0.01 0.66
637 1099 500 10 125 0.01 0.66
443 760 500 10 125 0.01 0.68
679 1108 500 10 125 0.01 0.68
652 1045 500 10 125 0.01 0.68
572 961 500 10 125 0.01 0.68
431 782 500 10 125 0.01 0.7
521 953 500 10 125 0.01 0.7
739 1301 500 10 125 0.01 0.7
755 1438 500 10 125 0.01 0.7
1954 2873 500 10 125 0.015 0.6
1388 2166 500 10 125 0.015 0.6
1792 2717 500 10 125 0.015 0.6
1681 2629 500 10 125 0.015 0.6
1234 2071 500 10 125 0.015 0.62
978 1660 500 10 125 0.015 0.62
992 1718 500 10 125 0.015 0.62
1239 2093 500 10 125 0.015 0.62
867 1494 500 10 125 0.015 0.64
942 1575 500 10 125 0.015 0.64
886 1520 500 10 125 0.015 0.64
1362 2358 500 10 125 0.015 0.64
825 1394 500 10 125 0.015 0.66
1507 2499 500 10 125 0.015 0.66
980 1679 500 10 125 0.015 0.66
1707 2860 500 10 125 0.015 0.66
745 1282 500 10 125 0.015 0.68
1165 1952 500 10 125 0.015 0.68
1014 1738 500 10 125 0.015 0.68
1296 2247 500 10 125 0.015 0.68
928 1650 500 10 125 0.015 0.7
1391 2475 500 10 125 0.015 0.7
1073 1897 500 10 125 0.015 0.7
1277 2331 500 10 125 0.015 0.7
1803 1961 500 10 250 0.005 0.6
2242 2328 500 10 250 0.005 0.6
2018 2148 500 10 250 0.005 0.6
2568 2653 500 10 250 0.005 0.6
1153 1464 500 10 250 0.005 0.62
929 1250 500 10 250 0.005 0.62
1459 1724 500 10 250 0.005 0.62
837 1213 500 10 250 0.005 0.62
992 1307 500 10 250 0.005 0.64
841 1221 500 10 250 0.005 0.64
786 1107 500 10 250 0.005 0.64
1088 1444 500 10 250 0.005 0.64
671 914 500 10 250 0.005 0.66
1322 1611 500 10 250 0.005 0.66
1014 1334 500 10 250 0.005 0.66
1222 1538 500 10 250 0.005 0.66
1148 1530 500 10 250 0.005 0.68
761 1115 500 10 250 0.005 0.68
1234 1560 500 10 250 0.005 0.68
904 1245 500 10 250 0.005 0.68
465 766 500 10 250 0.005 0.7
448 744 500 10 250 0.005 0.7
613 966 500 10 250 0.005 0.7
615 1020 500 10 250 0.005 0.7
1099 1412 500 10 250 0.01 0.6
1466 1644 500 10 250 0.01 0.6
1065 1320 500 10 250 0.01 0.6
1543 1714 500 10 250 0.01 0.6
828 1145 500 10 250 0.01 0.62
509 800 500 10 250 0.01 0.62
558 838 500 10 250 0.01 0.62
1077 1359 500 10 250 0.01 0.62
539 840 500 10 250 0.01 0.64
659 1018 500 10 250 0.01 0.64
1108 1433 500 10 250 0.01 0.64
1162 1624 500 10 250 0.01 0.64
1352 1436 500 10 250 0.01 0.66
952 1034 500 10 250 0.01 0.66
1669 1581 500 10 250 0.01 0.66
1409 1626 500 10 250 0.01 0.66
750 1049 500 10 250 0.01 0.68
629 951 500 10 250 0.01 0.68
780 1111 500 10 250 0.01 0.68
648 975 500 10 250 0.01 0.68
463 697 500 10 250 0.01 0.7
536 692 500 10 250 0.01 0.7
872 1084 500 10 250 0.01 0.7
425 705 500 10 250 0.01 0.7
1446 1965 500 10 250 0.015 0.6
1458 1981 500 10 250 0.015 0.6
1981 2508 500 10 250 0.015 0.6
3520 4045 500 10 250 0.015 0.6
726 1119 500 10 250 0.015 0.62
1047 1604 500 10 250 0.015 0.62
1053 1630 500 10 250 0.015 0.62
1136 1776 500 10 250 0.015 0.62
765 1260 500 10 250 0.015 0.64
1058 1579 500 10 250 0.015 0.64
1277 1885 500 10 250 0.015 0.64
1138 1859 500 10 250 0.015 0.64
953 1481 500 10 250 0.015 0.66
964 1448 500 10 250 0.015 0.66
939 1458 500 10 250 0.015 0.66
1011 1563 500 10 250 0.015 0.66
1249 1762 500 10 250 0.015 0.68
922 1494 500 10 250 0.015 0.68
986 1568 500 10 250 0.015 0.68
1380 2034 500 10 250 0.015 0.68
920 1530 500 10 250 0.015 0.7
608 1026 500 10 250 0.015 0.7
651 1118 500 10 250 0.015 0.7
880 1495 500 10 250 0.015 0.7
3697 2713 500 10 375 0.005 0.6
2726 2238 500 10 375 0.005 0.6
3248 2448 500 10 375 0.005 0.6
3754 2935 500 10 375 0.005 0.6
1079 1224 500 10 375 0.005 0.62
936 1187 500 10 375 0.005 0.62
1071 1191 500 10 375 0.005 0.62
1005 1195 500 10 375 0.005 0.62
1190 1349 500 10 375 0.005 0.64
1077 1259 500 10 375 0.005 0.64
1654 1748 500 10 375 0.005 0.64
1196 1317 500 10 375 0.005 0.64
1126 1268 500 10 375 0.005 0.66
874 1127 500 10 375 0.005 0.66
1412 1473 500 10 375 0.005 0.66
786 994 500 10 375 0.005 0.66
1101 1266 500 10 375 0.005 0.68
1474 1539 500 10 375 0.005 0.68
1225 1337 500 10 375 0.005 0.68
1962 1871 500 10 375 0.005 0.68
744 1054 500 10 375 0.005 0.7
487 742 500 10 375 0.005 0.7
621 932 500 10 375 0.005 0.7
631 944 500 10 375 0.005 0.7
1531 1560 500 10 375 0.01 0.6
2478 1958 500 10 375 0.01 0.6
4054 2874 500 10 375 0.01 0.6
2133 1802 500 10 375 0.01 0.6
752 961 500 10 375 0.01 0.62
1162 1307 500 10 375 0.01 0.62
1048 1215 500 10 375 0.01 0.62
943 1220 500 10 375 0.01 0.62
671 908 500 10 375 0.01 0.64
900 1076 500 10 375 0.01 0.64
741 1028 500 10 375 0.01 0.64
836 1120 500 10 375 0.01 0.64
683 886 500 10 375 0.01 0.66
794 1046 500 10 375 0.01 0.66
1028 1229 500 10 375 0.01 0.66
817 1127 500 10 375 0.01 0.66
665 848 500 10 375 0.01 0.68
799 1047 500 10 375 0.01 0.68
729 981 500 10 375 0.01 0.68
925 1175 500 10 375 0.01 0.68
453 709 500 10 375 0.01 0.7
794 1136 500 10 375 0.01 0.7
795 1133 500 10 375 0.01 0.7
517 829 500 10 375 0.01 0.7
2388 2473 500 10 375 0.015 0.6
2278 2548 500 10 375 0.015 0.6
3320 2854 500 10 375 0.015 0.6
2670 2822 500 10 375 0.015 0.6
959 1425 500 10 375 0.015 0.62
1005 1485 500 10 375 0.015 0.62
2097 2462 500 10 375 0.015 0.62
1088 1613 500 10 375 0.015 0.62
928 1257 500 10 375 0.015 0.64
605 944 500 10 375 0.015 0.64
1455 1764 500 10 375 0.015 0.64
756 1235 500 10 375 0.015 0.64
1168 1542 500 10 375 0.015 0.66
1342 1731 500 10 375 0.015 0.66
1044 1419 500 10 375 0.015 0.66
2214 2685 500 10 375 0.015 0.66
1799 1490 500 10 375 0.015 0.68
3005 2258 500 10 375 0.015 0.68
1660 1505 500 10 375 0.015 0.68
3432 2645 500 10 375 0.015 0.68
842 1282 500 10 375 0.015 0.7
972 1511 500 10 375 0.015 0.7
789 1174 500 10 375 0.015 0.7
1157 1711 500 10 375 0.015 0.7
3877 2432 500 10 500 0.005 0.6
3172 2149 500 10 500 0.005 0.6
5637 2999 500 10 500 0.005 0.6
3303 2196 500 10 500 0.005 0.6
1489 1412 500 10 500 0.005 0.62
1226 1330 500 10 500 0.005 0.62
1350 1274 500 10 500 0.005 0.62
1792 1664 500 10 500 0.005 0.62
1535 1439 500 10 500 0.005 0.64
851 1009 500 10 500 0.005 0.64
1243 1317 500 10 500 0.005 0.64
1774 1679 500 10 500 0.005 0.64
1706 1498 500 10 500 0.005 0.66
1440 1470 500 10 500 0.005 0.66
1246 1272 500 10 500 0.005 0.66
2064 1695 500 10 500 0.005 0.66
1207 1258 500 10 500 0.005 0.68
1374 1412 500 10 500 0.005 0.68
1009 1108 500 10 500 0.005 0.68
2399 1915 500 10 500 0.005 0.68
819 993 500 10 500 0.005 0.7
653 877 500 10 500 0.005 0.7
904 1105 500 10 500 0.005 0.7
710 932 500 10 500 0.005 0.7
2150 1627 500 10 500 0.01 0.6
2098 1669 500 10 500 0.01 0.6
3268 2028 500 10 500 0.01 0.6
2964 1879 500 10 500 0.01 0.6
755 942 500 10 500 0.01 0.62
697 928 500 10 500 0.01 0.62
703 915 500 10 500 0.01 0.62
816 1051 500 10 500 0.01 0.62
549 775 500 10 500 0.01 0.64
769 1042 500 10 500 0.01 0.64
883 1001 500 10 500 0.01 0.64
940 1076 500 10 500 0.01 0.64
1377 1254 500 10 500 0.01 0.66
895 979 500 10 500 0.01 0.66
1529 1521 500 10 500 0.01 0.66
1110 1235 500 10 500 0.01 0.66
1455 1375 500 10 500 0.01 0.68
725 904 500 10 500 0.01 0.68
1030 1190 500 10 500 0.01 0.68
1226 1167 500 10 500 0.01 0.68
499 720 500 10 500 0.01 0.7
790 1054 500 10 500 0.01 0.7
719 942 500 10 500 0.01 0.7
625 924 500 10 500 0.01 0.7
2667 2372 500 10 500 0.015 0.6
2535 2243 500 10 500 0.015 0.6
2797 2575 500 10 500 0.015 0.6
4055 3164 500 10 500 0.015 0.6
822 1119 500 10 500 0.015 0.62
1346 1583 500 10 500 0.015 0.62
927 1228 500 10 500 0.015 0.62
1754 1935 500 10 500 0.015 0.62
920 1223 500 10 500 0.015 0.64
1085 1418 500 10 500 0.015 0.64
1089 1438 500 10 500 0.015 0.64
1389 1737 500 10 500 0.015 0.64
1112 1384 500 10 500 0.015 0.66
1727 1738 500 10 500 0.015 0.66
1522 1747 500 10 500 0.015 0.66
1389 1735 500 10 500 0.015 0.66
1065 1288 500 10 500 0.015 0.68
772 1042 500 10 500 0.015 0.68
1196 1477 500 10 500 0.015 0.68
1020 1363 500 10 500 0.015 0.68
655 941 500 10 500 0.015 0.7
1265 1692 500 10 500 0.015 0.7
1682 2016 500 10 500 0.015 0.7
806 1223 500 10 500 0.015 0.7
2801 3133 500 15 125 0.005 0.6
2946 3269 500 15 125 0.005 0.6
4020 4347 500 15 125 0.005 0.6
2646 3077 500 15 125 0.005 0.6
1221 1442 500 15 125 0.005 0.62
1407 1732 500 15 125 0.005 0.62
1577 1866 500 15 125 0.005 0.62
1156 1447 500 15 125 0.005 0.62
1491 1806 500 15 125 0.005 0.64
1157 1484 500 15 125 0.005 0.64
1799 2112 500 15 125 0.005 0.64
998 1307 500 15 125 0.005 0.64
1240 1547 500 15 125 0.005 0.66
1295 1538 500 15 125 0.005 0.66
1668 1945 500 15 125 0.005 0.66
1055 1381 500 15 125 0.005 0.66
881 1135 500 15 125 0.005 0.68
750 1002 500 15 125 0.005 0.68
640 840 500 15 125 0.005 0.68
1252 1505 500 15 125 0.005 0.68
862 1126 500 15 125 0.005 0.7
672 927 500 15 125 0.005 0.7
909 1141 500 15 125 0.005 0.7
695 934 500 15 125 0.005 0.7
1031 1237 500 15 125 0.01 0.6
840 1105 500 15 125 0.01 0.6
1293 1539 500 15 125 0.01 0.6
1061 1310 500 15 125 0.01 0.6
938 1123 500 15 125 0.01 0.62
772 1003 500 15 125 0.01 0.62
867 1014 500 15 125 0.01 0.62
889 1115 500 15 125 0.01 0.62
744 940 500 15 125 0.01 0.64
722 934 500 15 125 0.01 0.64
997 1206 500 15 125 0.01 0.64
781 1002 500 15 125 0.01 0.64
793 942 500 15 125 0.01 0.66
560 753 500 15 125 0.01 0.66
1065 1247 500 15 125 0.01 0.66
682 924 500 15 125 0.01 0.66
423 583 500 15 125 0.01 0.68
449 631 500 15 125 0.01 0.68
617 807 500 15 125 0.01 0.68
406 593 500 15 125 0.01 0.68
488 660 500 15 125 0.01 0.7
529 699 500 15 125 0.01 0.7
525 715 500 15 125 0.01 0.7
543 734 500 15 125 0.01 0.7
571 760 500 15 125 0.015 0.6
817 1065 500 15 125 0.015 0.6
855 1105 500 15 125 0.015 0.6
1218 1572 500 15 125 0.015 0.6
1182 1501 500 15 125 0.015 0.62
611 856 500 15 125 0.015 0.62
933 1208 500 15 125 0.015 0.62
969 1274 500 15 125 0.015 0.62
641 871 500 15 125 0.015 0.64
463 659 500 15 125 0.015 0.64
1001 1328 500 15 125 0.015 0.64
559 837 500 15 125 0.015 0.64
669 901 500 15 125 0.015 0.66
582 805 500 15 125 0.015 0.66
674 911 500 15 125 0.015 0.66
721 997 500 15 125 0.015 0.66
732 1020 500 15 125 0.015 0.68
509 739 500 15 125 0.015 0.68
704 969 500 15 125 0.015 0.68
545 782 500 15 125 0.015 0.68
860 1192 500 15 125 0.015 0.7
537 779 500 15 125 0.015 0.7
763 1085 500 15 125 0.015 0.7
639 873 500 15 125 0.015 0.7
3796 2974 500 15 250 0.005 0.6
3979 2701 500 15 250 0.005 0.6
3946 2862 500 15 250 0.005 0.6
4167 2765 500 15 250 0.005 0.6
1545 1497 500 15 250 0.005 0.62
1704 1677 500 15 250 0.005 0.62
2058 1855 500 15 250 0.005 0.62
1603 1544 500 15 250 0.005 0.62
1819 1822 500 15 250 0.005 0.64
1640 1637 500 15 250 0.005 0.64
1972 1852 500 15 250 0.005 0.64
1668 1643 500 15 250 0.005 0.64
2037 1910 500 15 250 0.005 0.66
1990 1899 500 15 250 0.005 0.66
1882 1776 500 15 250 0.005 0.66
2297 2071 500 15 250 0.005 0.66
888 1018 500 15 250 0.005 0.68
1113 1176 500 15 250 0.005 0.68
963 1058 500 15 250 0.005 0.68
1252 1336 500 15 250 0.005 0.68
943 1097 500 15 250 0.005 0.7
918 1024 500 15 250 0.005 0.7
1138 1169 500 15 250 0.005 0.7
1121 1225 500 15 250 0.005 0.7
1333 1295 500 15 250 0.01 0.6
1711 1577 500 15 250 0.01 0.6
1577 1402 500 15 250 0.01 0.6
1696 1566 500 15 250 0.01 0.6
1078 1106 500 15 250 0.01 0.62
975 947 500 15 250 0.01 0.62
1075 1120 500 15 250 0.01 0.62
1137 1094 500 15 250 0.01 0.62
952 1013 500 15 250 0.01 0.64
760 866 500 15 250 0.01 0.64
1101 1086 500 15 250 0.01 0.64
1245 1301 500 15 250 0.01 0.64
1377 1020 500 15 250 0.01 0.66
934 757 500 15 250 0.01 0.66
1477 1184 500 15 250 0.01 0.66
1001 832 500 15 250 0.01 0.66
532 517 500 15 250 0.01 0.68
759 711 500 15 250 0.01 0.68
1429 1033 500 15 250 0.01 0.68
891 1029 500 15 250 0.01 0.68
412 535 500 15 250 0.01 0.7
449 600 500 15 250 0.01 0.7
714 839 500 15 250 0.01 0.7
861 941 500 15 250 0.01 0.7
1550 1319 500 15 250 0.015 0.6
930 770 500 15 250 0.015 0.6
1184 1082 500 15 250 0.015 0.6
1936 1569 500 15 250 0.015 0.6
816 963 500 15 250 0.015 0.62
700 902 500 15 250 0.015 0.62
791 928 500 15 250 0.015 0.62
826 1032 500 15 250 0.015 0.62
742 927 500 15 250 0.015 0.64
654 804 500 15 250 0.015 0.64
861 1014 500 15 250 0.015 0.64
670 884 500 15 250 0.015 0.64
586 750 500 15 250 0.015 0.66
639 809 500 15 250 0.015 0.66
650 850 500 15 250 0.015 0.66
831 1050 500 15 250 0.015 0.66
565 748 500 15 250 0.015 0.68
693 890 500 15 250 0.015 0.68
746 968 500 15 250 0.015 0.68
580 772 500 15 250 0.015 0.68
537 611 500 15 250 0.015 0.7
992 830 500 15 250 0.015 0.7
639 681 500 15 250 0.015 0.7
1084 1062 500 15 250 0.015 0.7
5484 3201 500 15 375 0.005 0.6
6167 3294 500 15 375 0.005 0.6
5946 3276 500 15 375 0.005 0.6
7767 4045 500 15 375 0.005 0.6
2809 2010 500 15 375 0.005 0.62
1993 1692 500 15 375 0.005 0.62
3145 2256 500 15 375 0.005 0.62
2710 1875 500 15 375 0.005 0.62
2023 1582 500 15 375 0.005 0.64
1474 1301 500 15 375 0.005 0.64
1965 1585 500 15 375 0.005 0.64
2582 1979 500 15 375 0.005 0.64
1919 1663 500 15 375 0.005 0.66
2097 1615 500 15 375 0.005 0.66
2400 1897 500 15 375 0.005 0.66
2943 1994 500 15 375 0.005 0.66
846 906 500 15 375 0.005 0.68
1090 1107 500 15 375 0.005 0.68
1370 1127 500 15 375 0.005 0.68
1585 1343 500 15 375 0.005 0.68
1445 1301 500 15 375 0.005 0.7
941 979 500 15 375 0.005 0.7
1527 1295 500 15 375 0.005 0.7
1257 1095 500 15 375 0.005 0.7
1357 1134 500 15 375 0.01 0.6
1700 1273 500 15 375 0.01 0.6
2861 1841 500 15 375 0.01 0.6
1241 1216 500 15 375 0.01 0.6
1395 1076 500 15 375 0.01 0.62
722 808 500 15 375 0.01 0.62
1270 1179 500 15 375 0.01 0.62
2054 1402 500 15 375 0.01 0.62
725 759 500 15 375 0.01 0.64
778 810 500 15 375 0.01 0.64
775 785 500 15 375 0.01 0.64
1552 1206 500 15 375 0.01 0.64
753 772 500 15 375 0.01 0.66
1033 923 500 15 375 0.01 0.66
1164 1083 500 15 375 0.01 0.66
1607 1174 500 15 375 0.01 0.66
829 793 500 15 375 0.01 0.68
970 806 500 15 375 0.01 0.68
980 953 500 15 375 0.01 0.68
906 879 500 15 375 0.01 0.68
805 858 500 15 375 0.01 0.7
602 744 500 15 375 0.01 0.7
357 470 500 15 375 0.01 0.7
1283 1002 500 15 375 0.01 0.7
1532 1428 500 15 375 0.015 0.6
2653 1819 500 15 375 0.015 0.6
1633 1446 500 15 375 0.015 0.6
2766 2013 500 15 375 0.015 0.6
1052 1154 500 15 375 0.015 0.62
976 1063 500 15 375 0.015 0.62
1766 1532 500 15 375 0.015 0.62
899 988 500 15 375 0.015 0.62
788 918 500 15 375 0.015 0.64
855 991 500 15 375 0.015 0.64
722 851 500 15 375 0.015 0.64
1209 1215 500 15 375 0.015 0.64
966 996 500 15 375 0.015 0.66
663 789 500 15 375 0.015 0.66
1183 1258 500 15 375 0.015 0.66
1310 1107 500 15 375 0.015 0.66
777 928 500 15 375 0.015 0.68
571 742 500 15 375 0.015 0.68
720 899 500 15 375 0.015 0.68
722 881 500 15 375 0.015 0.68
551 701 500 15 375 0.015 0.7
531 686 500 15 375 0.015 0.7
752 913 500 15 375 0.015 0.7
568 741 500 15 375 0.015 0.7
4459 2376 500 15 500 0.005 0.6
4796 2490 500 15 500 0.005 0.6
5593 2662 500 15 500 0.005 0.6
4756 2502 500 15 500 0.005 0.6
2931 1849 500 15 500 0.005 0.62
2666 1726 500 15 500 0.005 0.62
4308 2258 500 15 500 0.005 0.62
2979 1905 500 15 500 0.005 0.62
3034 1908 500 15 500 0.005 0.64
2527 1747 500 15 500 0.005 0.64
2015 1461 500 15 500 0.005 0.64
3562 2067 500 15 500 0.005 0.64
1621 1418 500 15 500 0.005 0.66
3048 1831 500 15 500 0.005 0.66
2760 1633 500 15 500 0.005 0.66
2358 1578 500 15 500 0.005 0.66
1265 1062 500 15 500 0.005 0.68
692 764 500 15 500 0.005 0.68
1302 1037 500 15 500 0.005 0.68
1345 1134 500 15 500 0.005 0.68
1353 1120 500 15 500 0.005 0.7
1062 1011 500 15 500 0.005 0.7
1472 1162 500 15 500 0.005 0.7
1250 1059 500 15 500 0.005 0.7
2032 1261 500 15 500 0.01 0.6
2240 1365 500 15 500 0.01 0.6
1300 1096 500 15 500 0.01 0.6
3059 1712 500 15 500 0.01 0.6
865 823 500 15 500 0.01 0.62
1573 1173 500 15 500 0.01 0.62
1752 1095 500 15 500 0.01 0.62
1199 1045 500 15 500 0.01 0.62
1216 1052 500 15 500 0.01 0.64
1056 867 500 15 500 0.01 0.64
1429 1122 500 15 500 0.01 0.64
1219 975 500 15 500 0.01 0.64
1152 968 500 15 500 0.01 0.66
839 837 500 15 500 0.01 0.66
873 815 500 15 500 0.01 0.66
1586 1144 500 15 500 0.01 0.66
1456 1031 500 15 500 0.01 0.68
792 824 500 15 500 0.01 0.68
1672 992 500 15 500 0.01 0.68
601 660 500 15 500 0.01 0.68
784 788 500 15 500 0.01 0.7
497 565 500 15 500 0.01 0.7
741 703 500 15 500 0.01 0.7
597 634 500 15 500 0.01 0.7
2001 1483 500 15 500 0.015 0.6
2223 1558 500 15 500 0.015 0.6
3336 1768 500 15 500 0.015 0.6
3088 1791 500 15 500 0.015 0.6
693 761 500 15 500 0.015 0.62
897 931 500 15 500 0.015 0.62
2498 1539 500 15 500 0.015 0.62
1065 1063 500 15 500 0.015 0.62
1055 1077 500 15 500 0.015 0.64
674 758 500 15 500 0.015 0.64
799 845 500 15 500 0.015 0.64
965 1064 500 15 500 0.015 0.64
1248 1158 500 15 500 0.015 0.66
1153 1168 500 15 500 0.015 0.66
1096 1156 500 15 500 0.015 0.66
1777 1392 500 15 500 0.015 0.66
502 625 500 15 500 0.015 0.68
655 778 500 15 500 0.015 0.68
483 601 500 15 500 0.015 0.68
780 902 500 15 500 0.015 0.68
640 765 500 15 500 0.015 0.7
463 565 500 15 500 0.015 0.7
670 807 500 15 500 0.015 0.7
499 621 500 15 500 0.015 0.7
3825 3653 500 20 125 0.005 0.6
4955 4637 500 20 125 0.005 0.6
5229 4864 500 20 125 0.005 0.6
4065 3896 500 20 125 0.005 0.6
2328 2371 500 20 125 0.005 0.62
2511 2489 500 20 125 0.005 0.62
3356 3163 500 20 125 0.005 0.62
3018 3020 500 20 125 0.005 0.62
2054 2060 500 20 125 0.005 0.64
2530 2533 500 20 125 0.005 0.64
2010 2042 500 20 125 0.005 0.64
3020 2997 500 20 125 0.005 0.64
1703 1739 500 20 125 0.005 0.66
1096 1202 500 20 125 0.005 0.66
1460 1549 500 20 125 0.005 0.66
1695 1774 500 20 125 0.005 0.66
1356 1429 500 20 125 0.005 0.68
1347 1451 500 20 125 0.005 0.68
1884 1874 500 20 125 0.005 0.68
1962 2044 500 20 125 0.005 0.68
763 831 500 20 125 0.005 0.7
659 746 500 20 125 0.005 0.7
1021 1095 500 20 125 0.005 0.7
880 986 500 20 125 0.005 0.7
1205 1234 500 20 125 0.01 0.6
1045 1110 500 20 125 0.01 0.6
1491 1476 500 20 125 0.01 0.6
1884 1911 500 20 125 0.01 0.6
914 973 500 20 125 0.01 0.62
843 885 500 20 125 0.01 0.62
984 1041 500 20 125 0.01 0.62
1220 1251 500 20 125 0.01 0.62
785 847 500 20 125 0.01 0.64
760 833 500 20 125 0.01 0.64
1075 1145 500 20 125 0.01 0.64
728 831 500 20 125 0.01 0.64
598 652 500 20 125 0.01 0.66
616 715 500 20 125 0.01 0.66
1014 1019 500 20 125 0.01 0.66
1030 1108 500 20 125 0.01 0.66
624 671 500 20 125 0.01 0.68
601 667 500 20 125 0.01 0.68
1023 1065 500 20 125 0.01 0.68
632 739 500 20 125 0.01 0.68
691 747 500 20 125 0.01 0.7
561 642 500 20 125 0.01 0.7
542 605 500 20 125 0.01 0.7
832 884 500 20 125 0.01 0.7
804 896 500 20 125 0.015 0.6
858 950 500 20 125 0.015 0.6
1115 1174 500 20 125 0.015 0.6
993 1074 500 20 125 0.015 0.6
772 860 500 20 125 0.015 0.62
874 908 500 20 125 0.015 0.62
1110 1163 500 20 125 0.015 0.62
706 798 500 20 125 0.015 0.62
782 879 500 20 125 0.015 0.64
920 993 500 20 125 0.015 0.64
713 789 500 20 125 0.015 0.64
1005 1101 500 20 125 0.015 0.64
560 624 500 20 125 0.015 0.66
910 988 500 20 125 0.015 0.66
1108 1183 500 20 125 0.015 0.66
530 639 500 20 125 0.015 0.66
592 696 500 20 125 0.015 0.68
617 696 500 20 125 0.015 0.68
520 592 500 20 125 0.015 0.68
952 1040 500 20 125 0.015 0.68
448 537 500 20 125 0.015 0.7
542 644 500 20 125 0.015 0.7
520 611 500 20 125 0.015 0.7
880 1009 500 20 125 0.015 0.7
6332 4004 500 20 250 0.005 0.6
7137 4407 500 20 250 0.005 0.6
6471 4110 500 20 250 0.005 0.6
12464 7483 500 20 250 0.005 0.6
3471 2535 500 20 250 0.005 0.62
3959 2865 500 20 250 0.005 0.62
5455 3577 500 20 250 0.005 0.62
3174 2360 500 20 250 0.005 0.62
4246 2872 500 20 250 0.005 0.64
3017 2291 500 20 250 0.005 0.64
3493 2556 500 20 250 0.005 0.64
4972 3419 500 20 250 0.005 0.64
2079 1688 500 20 250 0.005 0.66
1743 1581 500 20 250 0.005 0.66
2749 2020 500 20 250 0.005 0.66
2209 1762 500 20 250 0.005 0.66
1431 1251 500 20 250 0.005 0.68
1130 1132 500 20 250 0.005 0.68
2698 2001 500 20 250 0.005 0.68
1491 1454 500 20 250 0.005 0.68
1277 1101 500 20 250 0.005 0.7
1166 1064 500 20 250 0.005 0.7
1265 1092 500 20 250 0.005 0.7
1207 968 500 20 250 0.005 0.7
1483 1241 500 20 250 0.01 0.6
1637 1343 500 20 250 0.01 0.6
1803 1460 500 20 250 0.01 0.6
2511 1761 500 20 250 0.01 0.6
994 920 500 20 250 0.01 0.62
791 774 500 20 250 0.01 0.62
832 829 500 20 250 0.01 0.62
2539 1753 500 20 250 0.01 0.62
1474 1189 500 20 250 0.01 0.64
1205 1046 500 20 250 0.01 0.64
1579 1253 500 20 250 0.01 0.64
1563 1335 500 20 250 0.01 0.64
584 594 500 20 250 0.01 0.66
543 561 500 20 250 0.01 0.66
950 862 500 20 250 0.01 0.66
679 728 500 20 250 0.01 0.66
897 855 500 20 250 0.01 0.68
853 854 500 20 250 0.01 0.68
936 837 500 20 250 0.01 0.68
1202 1012 500 20 250 0.01 0.68
494 533 500 20 250 0.01 0.7
626 661 500 20 250 0.01 0.7
750 705 500 20 250 0.01 0.7
548 604 500 20 250 0.01 0.7
1134 1030 500 20 250 0.015 0.6
1198 1091 500 20 250 0.015 0.6
1115 1061 500 20 250 0.015 0.6
1426 1305 500 20 250 0.015 0.6
874 835 500 20 250 0.015 0.62
680 718 500 20 250 0.015 0.62
1163 1049 500 20 250 0.015 0.62
1014 988 500 20 250 0.015 0.62
1069 1039 500 20 250 0.015 0.64
707 744 500 20 250 0.015 0.64
813 829 500 20 250 0.015 0.64
1362 1124 500 20 250 0.015 0.64
562 610 500 20 250 0.015 0.66
760 784 500 20 250 0.015 0.66
749 729 500 20 250 0.015 0.66
733 783 500 20 250 0.015 0.66
499 560 500 20 250 0.015 0.68
592 638 500 20 250 0.015 0.68
555 595 500 20 250 0.015 0.68
661 708 500 20 250 0.015 0.68
598 608 500 20 250 0.015 0.7
457 542 500 20 250 0.015 0.7
844 806 500 20 250 0.015 0.7
553 599 500 20 250 0.015 0.7
8258 3854 500 20 375 0.005 0.6
10287 4345 500 20 375 0.005 0.6
10722 4661 500 20 375 0.005 0.6
8442 4134 500 20 375 0.005 0.6
2648 1723 500 20 375 0.005 0.62
7350 3566 500 20 375 0.005 0.62
5683 2787 500 20 375 0.005 0.62
5942 3044 500 20 375 0.005 0.62
4502 2484 500 20 375 0.005 0.64
5485 2793 500 20 375 0.005 0.64
5045 2466 500 20 375 0.005 0.64
5837 3128 500 20 375 0.005 0.64
1514 1308 500 20 375 0.005 0.66
2053 1531 500 20 375 0.005 0.66
1964 1397 500 20 375 0.005 0.66
2290 1557 500 20 375 0.005 0.66
1711 1295 500 20 375 0.005 0.68
1679 1387 500 20 375 0.005 0.68
1417 1159 500 20 375 0.005 0.68
2342 1505 500 20 375 0.005 0.68
1603 1192 500 20 375 0.005 0.7
1066 897 500 20 375 0.005 0.7
1634 1202 500 20 375 0.005 0.7
1197 1024 500 20 375 0.005 0.7
1131 957 500 20 375 0.01 0.6
3210 1854 500 20 375 0.01 0.6
2756 1564 500 20 375 0.01 0.6
2437 1541 500 20 375 0.01 0.6
1209 980 500 20 375 0.01 0.62
866 802 500 20 375 0.01 0.62
1768 1077 500 20 375 0.01 0.62
902 854 500 20 375 0.01 0.62
978 887 500 20 375 0.01 0.64
2099 1380 500 20 375 0.01 0.64
1391 1028 500 20 375 0.01 0.64
2609 1410 500 20 375 0.01 0.64
629 625 500 20 375 0.01 0.66
939 804 500 20 375 0.01 0.66
713 706 500 20 375 0.01 0.66
930 824 500 20 375 0.01 0.66
852 732 500 20 375 0.01 0.68
886 804 500 20 375 0.01 0.68
1409 987 500 20 375 0.01 0.68
988 830 500 20 375 0.01 0.68
575 594 500 20 375 0.01 0.7
687 674 500 20 375 0.01 0.7
916 690 500 20 375 0.01 0.7
423 450 500 20 375 0.01 0.7
1923 1289 500 20 375 0.015 0.6
970 897 500 20 375 0.015 0.6
1404 1083 500 20 375 0.015 0.6
2018 1293 500 20 375 0.015 0.6
749 726 500 20 375 0.015 0.62
836 834 500 20 375 0.015 0.62
1064 974 500 20 375 0.015 0.62
1379 1011 500 20 375 0.015 0.62
745 692 500 20 375 0.015 0.64
1169 1070 500 20 375 0.015 0.64
799 770 500 20 375 0.015 0.64
1733 1156 500 20 375 0.015 0.64
747 727 500 20 375 0.015 0.66
815 761 500 20 375 0.015 0.66
688 706 500 20 375 0.015 0.66
1607 1025 500 20 375 0.015 0.66
553 445 500 20 375 0.015 0.68
1295 788 500 20 375 0.015 0.68
1003 621 500 20 375 0.015 0.68
1186 822 500 20 375 0.015 0.68
918 624 500 20 375 0.015 0.7
922 656 500 20 375 0.015 0.7
897 560 500 20 375 0.015 0.7
993 679 500 20 375 0.015 0.7
14862 4728 500 20 500 0.005 0.6
16255 5265 500 20 500 0.005 0.6
28282 7761 500 20 500 0.005 0.6
11404 4067 500 20 500 0.005 0.6
5731 2716 500 20 500 0.005 0.62
6038 2712 500 20 500 0.005 0.62
4798 2260 500 20 500 0.005 0.62
7742 3068 500 20 500 0.005 0.62
8369 2728 500 20 500 0.005 0.64
9305 3044 500 20 500 0.005 0.64
6889 2526 500 20 500 0.005 0.64
12208 3851 500 20 500 0.005 0.64
3266 1688 500 20 500 0.005 0.66
2691 1640 500 20 500 0.005 0.66
2594 1534 500 20 500 0.005 0.66
3867 1986 500 20 500 0.005 0.66
2577 1571 500 20 500 0.005 0.68
3963 2060 500 20 500 0.005 0.68
3806 1761 500 20 500 0.005 0.68
3284 1784 500 20 500 0.005 0.68
1557 1053 500 20 500 0.005 0.7
1432 1128 500 20 500 0.005 0.7
2724 1481 500 20 500 0.005 0.7
1408 1070 500 20 500 0.005 0.7
3713 1543 500 20 500 0.01 0.6
2359 1159 500 20 500 0.01 0.6
4685 1901 500 20 500 0.01 0.6
3321 1544 500 20 500 0.01 0.6
1911 984 500 20 500 0.01 0.62
1382 972 500 20 500 0.01 0.62
2435 1257 500 20 500 0.01 0.62
1656 980 500 20 500 0.01 0.62
1719 1057 500 20 500 0.01 0.64
2122 1185 500 20 500 0.01 0.64
3543 1574 500 20 500 0.01 0.64
1796 1051 500 20 500 0.01 0.64
1068 877 500 20 500 0.01 0.66
2016 1014 500 20 500 0.01 0.66
1177 878 500 20 500 0.01 0.66
2133 1198 500 20 500 0.01 0.66
1657 1123 500 20 500 0.01 0.68
864 681 500 20 500 0.01 0.68
1866 946 500 20 500 0.01 0.68
1513 976 500 20 500 0.01 0.68
1142 794 500 20 500 0.01 0.7
550 550 500 20 500 0.01 0.7
1264 843 500 20 500 0.01 0.7
579 567 500 20 500 0.01 0.7
1758 1140 500 20 500 0.015 0.6
1904 1178 500 20 500 0.015 0.6
2336 1223 500 20 500 0.015 0.6
2004 1225 500 20 500 0.015 0.6
840 763 500 20 500 0.015 0.62
1343 922 500 20 500 0.015 0.62
1388 1000 500 20 500 0.015 0.62
1040 918 500 20 500 0.015 0.62
1069 717 500 20 500 0.015 0.64
1230 817 500 20 500 0.015 0.64
2030 1026 500 20 500 0.015 0.64
1182 836 500 20 500 0.015 0.64
724 716 500 20 500 0.015 0.66
862 785 500 20 500 0.015 0.66
966 867 500 20 500 0.015 0.66
901 844 500 20 500 0.015 0.66
497 520 500 20 500 0.015 0.68
626 628 500 20 500 0.015 0.68
573 574 500 20 500 0.015 0.68
606 633 500 20 500 0.015 0.68
610 621 500 20 500 0.015 0.7
510 527 500 20 500 0.015 0.7
853 830 500 20 500 0.015 0.7
517 540 500 20 500 0.015 0.7
14465 11304 500 25 125 0.005 0.6
17980 14090 500 25 125 0.005 0.6
18329 14407 500 25 125 0.005 0.6
21235 16852 500 25 125 0.005 0.6
4516 3782 500 25 125 0.005 0.62
5465 4501 500 25 125 0.005 0.62
5345 4396 500 25 125 0.005 0.62
4914 4081 500 25 125 0.005 0.62
6090 4931 500 25 125 0.005 0.64
4187 3507 500 25 125 0.005 0.64
5671 4590 500 25 125 0.005 0.64
5295 4378 500 25 125 0.005 0.64
5720 2156 500 25 125 0.005 0.66
6797 3022 500 25 125 0.005 0.66
8254 3122 500 25 125 0.005 0.66
5767 3294 500 25 125 0.005 0.66
2904 2481 500 25 125 0.005 0.68
2286 1995 500 25 125 0.005 0.68
3198 2708 500 25 125 0.005 0.68
3702 3195 500 25 125 0.005 0.68
1704 1517 500 25 125 0.005 0.7
2277 1993 500 25 125 0.005 0.7
2553 2197 500 25 125 0.005 0.7
1922 1734 500 25 125 0.005 0.7
1912 1693 500 25 125 0.01 0.6
1542 1383 500 25 125 0.01 0.6
2388 2026 500 25 125 0.01 0.6
1185 1107 500 25 125 0.01 0.6
1276 1202 500 25 125 0.01 0.62
1249 1146 500 25 125 0.01 0.62
1441 1292 500 25 125 0.01 0.62
1155 1062 500 25 125 0.01 0.62
1088 1021 500 25 125 0.01 0.64
1011 957 500 25 125 0.01 0.64
1024 954 500 25 125 0.01 0.64
1419 1276 500 25 125 0.01 0.64
947 871 500 25 125 0.01 0.66
548 541 500 25 125 0.01 0.66
676 649 500 25 125 0.01 0.66
894 843 500 25 125 0.01 0.66
991 910 500 25 125 0.01 0.68
727 720 500 25 125 0.01 0.68
1390 1253 500 25 125 0.01 0.68
770 749 500 25 125 0.01 0.68
572 550 500 25 125 0.01 0.7
838 800 500 25 125 0.01 0.7
1386 1229 500 25 125 0.01 0.7
640 667 500 25 125 0.01 0.7
1299 1147 500 25 125 0.015 0.6
960 911 500 25 125 0.015 0.6
1039 965 500 25 125 0.015 0.6
1527 1355 500 25 125 0.015 0.6
743 697 500 25 125 0.015 0.62
874 806 500 25 125 0.015 0.62
870 789 500 25 125 0.015 0.62
964 862 500 25 125 0.015 0.62
1032 939 500 25 125 0.015 0.64
743 710 500 25 125 0.015 0.64
1063 1000 500 25 125 0.015 0.64
912 874 500 25 125 0.015 0.64
652 640 500 25 125 0.015 0.66
551 552 500 25 125 0.015 0.66
855 806 500 25 125 0.015 0.66
665 648 500 25 125 0.015 0.66
765 716 500 25 125 0.015 0.68
539 537 500 25 125 0.015 0.68
840 776 500 25 125 0.015 0.68
859 827 500 25 125 0.015 0.68
562 531 500 25 125 0.015 0.7
579 556 500 25 125 0.015 0.7
1321 1196 500 25 125 0.015 0.7
481 511 500 25 125 0.015 0.7
18449 9375 500 25 250 0.005 0.6
19190 9751 500 25 250 0.005 0.6
20745 10587 500 25 250 0.005 0.6
20636 10552 500 25 250 0.005 0.6
9453 5131 500 25 250 0.005 0.62
10904 5941 500 25 250 0.005 0.62
13336 7198 500 25 250 0.005 0.62
10827 5893 500 25 250 0.005 0.62
10168 5395 500 25 250 0.005 0.64
7997 4533 500 25 250 0.005 0.64
12907 6913 500 25 250 0.005 0.64
8856 4922 500 25 250 0.005 0.64
2525 1881 500 25 250 0.005 0.66
3867 2570 500 25 250 0.005 0.66
4448 2789 500 25 250 0.005 0.66
6814 4013 500 25 250 0.005 0.66
5589 3312 500 25 250 0.005 0.68
3148 2155 500 25 250 0.005 0.68
5196 3186 500 25 250 0.005 0.68
8363 4759 500 25 250 0.005 0.68
2442 1570 500 25 250 0.005 0.7
1640 1271 500 25 250 0.005 0.7
2484 1621 500 25 250 0.005 0.7
2141 1563 500 25 250 0.005 0.7
2611 1690 500 25 250 0.01 0.6
2288 1589 500 25 250 0.01 0.6
4344 2635 500 25 250 0.01 0.6
1952 1535 500 25 250 0.01 0.6
1337 1043 500 25 250 0.01 0.62
1286 1062 500 25 250 0.01 0.62
1473 1092 500 25 250 0.01 0.62
1312 1044 500 25 250 0.01 0.62
2194 1492 500 25 250 0.01 0.64
1637 1206 500 25 250 0.01 0.64
1723 1223 500 25 250 0.01 0.64
2134 1536 500 25 250 0.01 0.64
1067 903 500 25 250 0.01 0.66
1002 821 500 25 250 0.01 0.66
1166 873 500 25 250 0.01 0.66
1604 1163 500 25 250 0.01 0.66
827 724 500 25 250 0.01 0.68
1117 948 500 25 250 0.01 0.68
1144 922 500 25 250 0.01 0.68
1097 916 500 25 250 0.01 0.68
939 714 500 25 250 0.01 0.7
610 576 500 25 250 0.01 0.7
1163 871 500 25 250 0.01 0.7
960 771 500 25 250 0.01 0.7
1318 980 500 25 250 0.015 0.6
1131 896 500 25 250 0.015 0.6
1950 1304 500 25 250 0.015 0.6
1864 1364 500 25 250 0.015 0.6
729 648 500 25 250 0.015 0.62
1952 1350 500 25 250 0.015 0.62
1847 1255 500 25 250 0.015 0.62
968 811 500 25 250 0.015 0.62
1026 848 500 25 250 0.015 0.64
1147 883 500 25 250 0.015 0.64
1012 868 500 25 250 0.015 0.64
1251 1002 500 25 250 0.015 0.64
888 736 500 25 250 0.015 0.66
1135 872 500 25 250 0.015 0.66
1567 1069 500 25 250 0.015 0.66
536 536 500 25 250 0.015 0.66
749 661 500 25 250 0.015 0.68
684 605 500 25 250 0.015 0.68
892 803 500 25 250 0.015 0.68
1047 818 500 25 250 0.015 0.68
728 645 500 25 250 0.015 0.7
389 383 500 25 250 0.015 0.7
478 459 500 25 250 0.015 0.7
840 758 500 25 250 0.015 0.7
25228 8486 500 25 375 0.005 0.6
16973 6311 500 25 375 0.005 0.6
26380 9138 500 25 375 0.005 0.6
21424 7584 500 25 375 0.005 0.6
22897 7354 500 25 375 0.005 0.62
9488 3289 500 25 375 0.005 0.62
17076 5857 500 25 375 0.005 0.62
18406 5824 500 25 375 0.005 0.62
11923 4750 500 25 375 0.005 0.64
11908 4555 500 25 375 0.005 0.64
16129 5737 500 25 375 0.005 0.64
13501 5359 500 25 375 0.005 0.64
5237 2179 500 25 375 0.005 0.66
8219 2782 500 25 375 0.005 0.66
10060 3250 500 25 375 0.005 0.66
7350 2835 500 25 375 0.005 0.66
3791 2174 500 25 375 0.005 0.68
7704 3320 500 25 375 0.005 0.68
10286 4006 500 25 375 0.005 0.68
7728 3372 500 25 375 0.005 0.68
2104 1461 500 25 375 0.005 0.7
2232 1380 500 25 375 0.005 0.7
2642 1555 500 25 375 0.005 0.7
2938 1744 500 25 375 0.005 0.7
3320 1721 500 25 375 0.01 0.6
2195 1357 500 25 375 0.01 0.6
4142 1948 500 25 375 0.01 0.6
2655 1481 500 25 375 0.01 0.6
2468 1469 500 25 375 0.01 0.62
1609 1149 500 25 375 0.01 0.62
2244 1350 500 25 375 0.01 0.62
1895 1130 500 25 375 0.01 0.62
1997 1223 500 25 375 0.01 0.64
1338 979 500 25 375 0.01 0.64
1799 1198 500 25 375 0.01 0.64
3500 1624 500 25 375 0.01 0.64
1516 1054 500 25 375 0.01 0.66
807 686 500 25 375 0.01 0.66
1519 938 500 25 375 0.01 0.66
1245 871 500 25 375 0.01 0.66
1531 1003 500 25 375 0.01 0.68
1307 889 500 25 375 0.01 0.68
1553 1095 500 25 375 0.01 0.68
3046 1562 500 25 375 0.01 0.68
833 669 500 25 375 0.01 0.7
786 652 500 25 375 0.01 0.7
796 621 500 25 375 0.01 0.7
1144 811 500 25 375 0.01 0.7
1878 1121 500 25 375 0.015 0.6
1292 960 500 25 375 0.015 0.6
1927 1180 500 25 375 0.015 0.6
1289 966 500 25 375 0.015 0.6
941 773 500 25 375 0.015 0.62
1398 1002 500 25 375 0.015 0.62
1005 747 500 25 375 0.015 0.62
1502 985 500 25 375 0.015 0.62
1530 1071 500 25 375 0.015 0.64
925 759 500 25 375 0.015 0.64
1148 796 500 25 375 0.015 0.64
2358 1308 500 25 375 0.015 0.64
598 550 500 25 375 0.015 0.66
507 469 500 25 375 0.015 0.66
1254 731 500 25 375 0.015 0.66
510 477 500 25 375 0.015 0.66
669 558 500 25 375 0.015 0.68
993 707 500 25 375 0.015 0.68
917 759 500 25 375 0.015 0.68
833 692 500 25 375 0.015 0.68
510 475 500 25 375 0.015 0.7
526 491 500 25 375 0.015 0.7
954 719 500 25 375 0.015 0.7
442 437 500 25 375 0.015 0.7
33183 8435 500 25 500 0.005 0.6
29948 7427 500 25 500 0.005 0.6
70366 15959 500 25 500 0.005 0.6
20879 5716 500 25 500 0.005 0.6
15958 4634 500 25 500 0.005 0.62
14520 4496 500 25 500 0.005 0.62
19940 5659 500 25 500 0.005 0.62
17856 5136 500 25 500 0.005 0.62
13507 4095 500 25 500 0.005 0.64
21573 5791 500 25 500 0.005 0.64
20643 5548 500 25 500 0.005 0.64
33095 8174 500 25 500 0.005 0.64
5873 2478 500 25 500 0.005 0.66
6793 2660 500 25 500 0.005 0.66
8462 3083 500 25 500 0.005 0.66
7682 2674 500 25 500 0.005 0.66
5484 2200 500 25 500 0.005 0.68
7248 2623 500 25 500 0.005 0.68
9091 3172 500 25 500 0.005 0.68
4935 2279 500 25 500 0.005 0.68
3650 1813 500 25 500 0.005 0.7
2680 1492 500 25 500 0.005 0.7
2584 1482 500 25 500 0.005 0.7
5348 2232 500 25 500 0.005 0.7
3050 1455 500 25 500 0.01 0.6
4116 1765 500 25 500 0.01 0.6
2453 1318 500 25 500 0.01 0.6
5115 1912 500 25 500 0.01 0.6
1083 774 500 25 500 0.01 0.62
1298 896 500 25 500 0.01 0.62
2700 1190 500 25 500 0.01 0.62
1851 1084 500 25 500 0.01 0.62
2052 1105 500 25 500 0.01 0.64
1608 994 500 25 500 0.01 0.64
2001 1109 500 25 500 0.01 0.64
2999 1457 500 25 500 0.01 0.64
1429 943 500 25 500 0.01 0.66
1013 719 500 25 500 0.01 0.66
1839 1067 500 25 500 0.01 0.66
2327 1168 500 25 500 0.01 0.66
1161 750 500 25 500 0.01 0.68
990 741 500 25 500 0.01 0.68
1458 915 500 25 500 0.01 0.68
1204 898 500 25 500 0.01 0.68
862 584 500 25 500 0.01 0.7
631 515 500 25 500 0.01 0.7
998 716 500 25 500 0.01 0.7
1288 871 500 25 500 0.01 0.7
1261 823 500 25 500 0.015 0.6
1921 1100 500 25 500 0.015 0.6
1856 1100 500 25 500 0.015 0.6
1367 963 500 25 500 0.015 0.6
1098 729 500 25 500 0.015 0.62
1019 749 500 25 500 0.015 0.62
1463 855 500 25 500 0.015 0.62
2139 891 500 25 500 0.015 0.62
1480 971 500 25 500 0.015 0.64
1052 770 500 25 500 0.015 0.64
2086 1015 500 25 500 0.015 0.64
754 633 500 25 500 0.015 0.64
1496 869 500 25 500 0.015 0.66
1292 842 500 25 500 0.015 0.66
1561 914 500 25 500 0.015 0.66
1764 940 500 25 500 0.015 0.66
841 629 500 25 500 0.015 0.68
891 668 500 25 500 0.015 0.68
1247 821 500 25 500 0.015 0.68
1450 872 500 25 500 0.015 0.68
716 619 500 25 500 0.015 0.7
535 495 500 25 500 0.015 0.7
1416 749 500 25 500 0.015 0.7
460 440 500 25 500 0.015 0.7
