1865 2043 600 10 150 0.005 0.6
2082 2226 600 10 150 0.005 0.6
3362 3224 600 10 150 0.005 0.6
1638 1927 600 10 150 0.005 0.6
1151 1426 600 10 150 0.005 0.62
1052 1338 600 10 150 0.005 0.62
1456 1698 600 10 150 0.005 0.62
994 1310 600 10 150 0.005 0.62
926 1216 600 10 150 0.005 0.64
990 1243 600 10 150 0.005 0.64
1166 1422 600 10 150 0.005 0.64
1933 2238 600 10 150 0.005 0.64
1212 1479 600 10 150 0.005 0.66
1426 1635 600 10 150 0.005 0.66
937 1196 600 10 150 0.005 0.66
1987 2185 600 10 150 0.005 0.66
867 1122 600 10 150 0.005 0.68
1129 1377 600 10 150 0.005 0.68
1131 1315 600 10 150 0.005 0.68
1080 1368 600 10 150 0.005 0.68
683 933 600 10 150 0.005 0.7
837 1159 600 10 150 0.005 0.7
849 1165 600 10 150 0.005 0.7
1091 1497 600 10 150 0.005 0.7
1136 1376 600 10 150 0.01 0.6
1591 1917 600 10 150 0.01 0.6
1661 1887 600 10 150 0.01 0.6
1472 1860 600 10 150 0.01 0.6
1047 1422 600 10 150 0.01 0.62
1240 1631 600 10 150 0.01 0.62
2074 2498 600 10 150 0.01 0.62
814 1219 600 10 150 0.01 0.62
863 1171 600 10 150 0.01 0.64
1266 1664 600 10 150 0.01 0.64
1063 1436 600 10 150 0.01 0.64
1067 1438 600 10 150 0.01 0.64
818 1134 600 10 150 0.01 0.66
1234 1633 600 10 150 0.01 0.66
1595 2037 600 10 150 0.01 0.66
1307 1790 600 10 150 0.01 0.66
757 1051 600 10 150 0.01 0.68
1061 1404 600 10 150 0.01 0.68
1066 1442 600 10 150 0.01 0.68
921 1265 600 10 150 0.01 0.68
835 1231 600 10 150 0.01 0.7
774 1147 600 10 150 0.01 0.7
1351 1896 600 10 150 0.01 0.7
1015 1578 600 10 150 0.01 0.7
4139 5123 600 10 150 0.015 0.6
4317 5397 600 10 150 0.015 0.6
6335 7177 600 10 150 0.015 0.6
4007 5137 600 10 150 0.015 0.6
3147 3073 600 10 150 0.015 0.62
4976 4660 600 10 150 0.015 0.62
2865 3004 600 10 150 0.015 0.62
6050 6517 600 10 150 0.015 0.62
5257 3661 600 10 150 0.015 0.64
4491 3377 600 10 150 0.015 0.64
6957 4763 600 10 150 0.015 0.64
5118 5358 600 10 150 0.015 0.64
2544 3471 600 10 150 0.015 0.66
3141 4292 600 10 150 0.015 0.66
2884 3917 600 10 150 0.015 0.66
3298 4592 600 10 150 0.015 0.66
3715 4890 600 10 150 0.015 0.68
2425 3418 600 10 150 0.015 0.68
2647 3614 600 10 150 0.015 0.68
3549 4784 600 10 150 0.015 0.68
2525 3676 600 10 150 0.015 0.7
2878 4151 600 10 150 0.015 0.7
3192 4589 600 10 150 0.015 0.7
3877 5855 600 10 150 0.015 0.7
2659 2111 600 10 300 0.005 0.6
1870 1587 600 10 300 0.005 0.6
2511 2028 600 10 300 0.005 0.6
2533 2018 600 10 300 0.005 0.6
1298 1330 600 10 300 0.005 0.62
1495 1486 600 10 300 0.005 0.62
1872 1589 600 10 300 0.005 0.62
938 1147 600 10 300 0.005 0.62
1696 1695 600 10 300 0.005 0.64
1084 1216 600 10 300 0.005 0.64
1685 1590 600 10 300 0.005 0.64
2204 1849 600 10 300 0.005 0.64
1252 1318 600 10 300 0.005 0.66
954 1123 600 10 300 0.005 0.66
1657 1569 600 10 300 0.005 0.66
1216 1336 600 10 300 0.005 0.66
1332 1350 600 10 300 0.005 0.68
1050 1183 600 10 300 0.005 0.68
1312 1337 600 10 300 0.005 0.68
1181 1239 600 10 300 0.005 0.68
1004 1213 600 10 300 0.005 0.7
781 1010 600 10 300 0.005 0.7
630 836 600 10 300 0.005 0.7
1205 1294 600 10 300 0.005 0.7
1640 1668 600 10 300 0.01 0.6
2529 2246 600 10 300 0.01 0.6
4050 2932 600 10 300 0.01 0.6
3350 2731 600 10 300 0.01 0.6
896 1126 600 10 300 0.01 0.62
1243 1535 600 10 300 0.01 0.62
1632 1678 600 10 300 0.01 0.62
700 986 600 10 300 0.01 0.62
1564 1502 600 10 300 0.01 0.64
1145 1329 600 10 300 0.01 0.64
2517 2245 600 10 300 0.01 0.64
760 1089 600 10 300 0.01 0.64
1012 1159 600 10 300 0.01 0.66
1686 1828 600 10 300 0.01 0.66
1215 1414 600 10 300 0.01 0.66
1487 1644 600 10 300 0.01 0.66
1252 1461 600 10 300 0.01 0.68
1092 1289 600 10 300 0.01 0.68
1086 1272 600 10 300 0.01 0.68
1709 1721 600 10 300 0.01 0.68
704 951 600 10 300 0.01 0.7
783 1062 600 10 300 0.01 0.7
1037 1366 600 10 300 0.01 0.7
820 1191 600 10 300 0.01 0.7
3561 3694 600 10 300 0.015 0.6
6104 6152 600 10 300 0.015 0.6
7457 6297 600 10 300 0.015 0.6
10409 8758 600 10 300 0.015 0.6
4748 5014 600 10 300 0.015 0.62
1958 2560 600 10 300 0.015 0.62
3545 4057 600 10 300 0.015 0.62
3404 3837 600 10 300 0.015 0.62
1770 2260 600 10 300 0.015 0.64
3260 3662 600 10 300 0.015 0.64
3386 3560 600 10 300 0.015 0.64
3474 4362 600 10 300 0.015 0.64
3097 3648 600 10 300 0.015 0.66
3059 3664 600 10 300 0.015 0.66
2830 3304 600 10 300 0.015 0.66
4048 4387 600 10 300 0.015 0.66
5359 5327 600 10 300 0.015 0.68
2485 2986 600 10 300 0.015 0.68
3219 3679 600 10 300 0.015 0.68
4648 5219 600 10 300 0.015 0.68
2547 3286 600 10 300 0.015 0.7
2774 3630 600 10 300 0.015 0.7
2485 3208 600 10 300 0.015 0.7
3405 4233 600 10 300 0.015 0.7
4411 2383 600 10 450 0.005 0.6
4804 2631 600 10 450 0.005 0.6
5270 2760 600 10 450 0.005 0.6
4968 2469 600 10 450 0.005 0.6
1283 1318 600 10 450 0.005 0.62
1913 1632 600 10 450 0.005 0.62
2332 1665 600 10 450 0.005 0.62
2248 1629 600 10 450 0.005 0.62
2157 1609 600 10 450 0.005 0.64
1812 1436 600 10 450 0.005 0.64
2525 1859 600 10 450 0.005 0.64
2450 1651 600 10 450 0.005 0.64
2011 1531 600 10 450 0.005 0.66
1936 1553 600 10 450 0.005 0.66
2148 1606 600 10 450 0.005 0.66
2931 2024 600 10 450 0.005 0.66
2442 1680 600 10 450 0.005 0.68
1103 1184 600 10 450 0.005 0.68
1582 1373 600 10 450 0.005 0.68
2706 1908 600 10 450 0.005 0.68
885 989 600 10 450 0.005 0.7
831 1002 600 10 450 0.005 0.7
1138 1195 600 10 450 0.005 0.7
951 1091 600 10 450 0.005 0.7
3591 2455 600 10 450 0.01 0.6
3769 2385 600 10 450 0.01 0.6
4404 2773 600 10 450 0.01 0.6
3852 2525 600 10 450 0.01 0.6
917 1083 600 10 450 0.01 0.62
1305 1400 600 10 450 0.01 0.62
2377 1725 600 10 450 0.01 0.62
1479 1521 600 10 450 0.01 0.62
1414 1340 600 10 450 0.01 0.64
1666 1626 600 10 450 0.01 0.64
1767 1532 600 10 450 0.01 0.64
1350 1364 600 10 450 0.01 0.64
1422 1392 600 10 450 0.01 0.66
1521 1552 600 10 450 0.01 0.66
1180 1250 600 10 450 0.01 0.66
1981 1833 600 10 450 0.01 0.66
1532 1608 600 10 450 0.01 0.68
1407 1504 600 10 450 0.01 0.68
1458 1475 600 10 450 0.01 0.68
1709 1391 600 10 450 0.01 0.68
753 966 600 10 450 0.01 0.7
1052 1237 600 10 450 0.01 0.7
805 1007 600 10 450 0.01 0.7
1210 1297 600 10 450 0.01 0.7
4348 3610 600 10 450 0.015 0.6
9258 6581 600 10 450 0.015 0.6
11887 6998 600 10 450 0.015 0.6
6849 5432 600 10 450 0.015 0.6
3940 3649 600 10 450 0.015 0.62
3144 3201 600 10 450 0.015 0.62
4602 4032 600 10 450 0.015 0.62
3556 3585 600 10 450 0.015 0.62
2506 2497 600 10 450 0.015 0.64
3048 2955 600 10 450 0.015 0.64
3894 3856 600 10 450 0.015 0.64
2599 2845 600 10 450 0.015 0.64
2758 2951 600 10 450 0.015 0.66
2627 2835 600 10 450 0.015 0.66
2103 2350 600 10 450 0.015 0.66
3986 3719 600 10 450 0.015 0.66
2057 2194 600 10 450 0.015 0.68
5886 4941 600 10 450 0.015 0.68
4316 4130 600 10 450 0.015 0.68
4588 4339 600 10 450 0.015 0.68
1625 1957 600 10 450 0.015 0.7
2298 2697 600 10 450 0.015 0.7
4151 3928 600 10 450 0.015 0.7
2306 2817 600 10 450 0.015 0.7
5159 2187 600 10 600 0.005 0.6
5744 2374 600 10 600 0.005 0.6
8100 2555 600 10 600 0.005 0.6
13192 3893 600 10 600 0.005 0.6
1619 1289 600 10 600 0.005 0.62
2266 1532 600 10 600 0.005 0.62
2814 1581 600 10 600 0.005 0.62
2159 1571 600 10 600 0.005 0.62
1800 1371 600 10 600 0.005 0.64
2061 1441 600 10 600 0.005 0.64
2365 1477 600 10 600 0.005 0.64
4985 2125 600 10 600 0.005 0.64
2090 1546 600 10 600 0.005 0.66
1875 1521 600 10 600 0.005 0.66
2552 1792 600 10 600 0.005 0.66
2589 1620 600 10 600 0.005 0.66
2598 1664 600 10 600 0.005 0.68
1711 1284 600 10 600 0.005 0.68
2324 1434 600 10 600 0.005 0.68
2596 1534 600 10 600 0.005 0.68
1017 1092 600 10 600 0.005 0.7
732 848 600 10 600 0.005 0.7
901 1004 600 10 600 0.005 0.7
1178 1241 600 10 600 0.005 0.7
5742 2572 600 10 600 0.01 0.6
4217 2357 600 10 600 0.01 0.6
6928 2837 600 10 600 0.01 0.6
3635 2254 600 10 600 0.01 0.6
1457 1471 600 10 600 0.01 0.62
1458 1425 600 10 600 0.01 0.62
2777 1815 600 10 600 0.01 0.62
1448 1347 600 10 600 0.01 0.62
1018 1119 600 10 600 0.01 0.64
1235 1287 600 10 600 0.01 0.64
3126 2095 600 10 600 0.01 0.64
1524 1432 600 10 600 0.01 0.64
1265 1288 600 10 600 0.01 0.66
2787 1851 600 10 600 0.01 0.66
961 1082 600 10 600 0.01 0.66
3408 2255 600 10 600 0.01 0.66
899 985 600 10 600 0.01 0.68
1372 1386 600 10 600 0.01 0.68
1686 1442 600 10 600 0.01 0.68
1532 1490 600 10 600 0.01 0.68
1089 1232 600 10 600 0.01 0.7
1033 1194 600 10 600 0.01 0.7
1301 1332 600 10 600 0.01 0.7
856 1030 600 10 600 0.01 0.7
7554 4772 600 10 600 0.015 0.6
8501 5129 600 10 600 0.015 0.6
7153 4788 600 10 600 0.015 0.6
15489 7091 600 10 600 0.015 0.6
2956 2935 600 10 600 0.015 0.62
1951 1938 600 10 600 0.015 0.62
7011 4561 600 10 600 0.015 0.62
4377 3638 600 10 600 0.015 0.62
2471 2502 600 10 600 0.015 0.64
5601 3836 600 10 600 0.015 0.64
4222 3575 600 10 600 0.015 0.64
3914 3180 600 10 600 0.015 0.64
6856 3845 600 10 600 0.015 0.66
2371 2430 600 10 600 0.015 0.66
5756 4530 600 10 600 0.015 0.66
3816 3410 600 10 600 0.015 0.66
2275 2149 600 10 600 0.015 0.68
2500 2454 600 10 600 0.015 0.68
3701 3127 600 10 600 0.015 0.68
3984 3368 600 10 600 0.015 0.68
2198 2345 600 10 600 0.015 0.7
3283 2938 600 10 600 0.015 0.7
4175 3854 600 10 600 0.015 0.7
1335 1593 600 10 600 0.015 0.7
3677 3036 600 15 150 0.005 0.6
2915 2580 600 15 150 0.005 0.6
2578 2277 600 15 150 0.005 0.6
4387 3646 600 15 150 0.005 0.6
1627 1540 600 15 150 0.005 0.62
1679 1585 600 15 150 0.005 0.62
1334 1329 600 15 150 0.005 0.62
2763 2468 600 15 150 0.005 0.62
1955 1844 600 15 150 0.005 0.64
1580 1544 600 15 150 0.005 0.64
1606 1548 600 15 150 0.005 0.64
2381 2172 600 15 150 0.005 0.64
1744 1673 600 15 150 0.005 0.66
1807 1715 600 15 150 0.005 0.66
1704 1532 600 15 150 0.005 0.66
2535 2175 600 15 150 0.005 0.66
999 1031 600 15 150 0.005 0.68
1392 1380 600 15 150 0.005 0.68
1279 1261 600 15 150 0.005 0.68
1421 1407 600 15 150 0.005 0.68
1018 1084 600 15 150 0.005 0.7
812 900 600 15 150 0.005 0.7
776 855 600 15 150 0.005 0.7
1528 1514 600 15 150 0.005 0.7
1112 1132 600 15 150 0.01 0.6
1258 1254 600 15 150 0.01 0.6
1649 1554 600 15 150 0.01 0.6
1916 1857 600 15 150 0.01 0.6
873 936 600 15 150 0.01 0.62
1151 1134 600 15 150 0.01 0.62
1284 1216 600 15 150 0.01 0.62
789 841 600 15 150 0.01 0.62
1082 1175 600 15 150 0.01 0.64
1101 1064 600 15 150 0.01 0.64
1375 1290 600 15 150 0.01 0.64
1710 1640 600 15 150 0.01 0.64
962 1047 600 15 150 0.01 0.66
799 859 600 15 150 0.01 0.66
922 979 600 15 150 0.01 0.66
1067 1106 600 15 150 0.01 0.66
758 859 600 15 150 0.01 0.68
792 844 600 15 150 0.01 0.68
782 879 600 15 150 0.01 0.68
777 892 600 15 150 0.01 0.68
1005 1042 600 15 150 0.01 0.7
796 893 600 15 150 0.01 0.7
886 972 600 15 150 0.01 0.7
1546 1587 600 15 150 0.01 0.7
2918 2865 600 15 150 0.015 0.6
3061 2905 600 15 150 0.015 0.6
3075 2993 600 15 150 0.015 0.6
3240 3254 600 15 150 0.015 0.6
1625 1750 600 15 150 0.015 0.62
1482 1622 600 15 150 0.015 0.62
1487 1634 600 15 150 0.015 0.62
1691 1819 600 15 150 0.015 0.62
1616 1765 600 15 150 0.015 0.64
1530 1735 600 15 150 0.015 0.64
3237 3195 600 15 150 0.015 0.64
1213 1514 600 15 150 0.015 0.64
2009 2105 600 15 150 0.015 0.66
1461 1640 600 15 150 0.015 0.66
1610 1757 600 15 150 0.015 0.66
2359 2449 600 15 150 0.015 0.66
1228 1426 600 15 150 0.015 0.68
1313 1477 600 15 150 0.015 0.68
1638 1884 600 15 150 0.015 0.68
1239 1424 600 15 150 0.015 0.68
1238 1440 600 15 150 0.015 0.7
1508 1782 600 15 150 0.015 0.7
1684 1904 600 15 150 0.015 0.7
1454 1745 600 15 150 0.015 0.7
4628 2734 600 15 300 0.005 0.6
3872 2444 600 15 300 0.005 0.6
4499 2778 600 15 300 0.005 0.6
8690 4363 600 15 300 0.005 0.6
2601 1868 600 15 300 0.005 0.62
2322 1747 600 15 300 0.005 0.62
2366 1821 600 15 300 0.005 0.62
2757 1851 600 15 300 0.005 0.62
1868 1512 600 15 300 0.005 0.64
2105 1630 600 15 300 0.005 0.64
1829 1459 600 15 300 0.005 0.64
3147 2172 600 15 300 0.005 0.64
1732 1447 600 15 300 0.005 0.66
1857 1463 600 15 300 0.005 0.66
3358 2103 600 15 300 0.005 0.66
1577 1452 600 15 300 0.005 0.66
796 826 600 15 300 0.005 0.68
1236 1133 600 15 300 0.005 0.68
1472 1224 600 15 300 0.005 0.68
1131 1116 600 15 300 0.005 0.68
1064 981 600 15 300 0.005 0.7
1370 1176 600 15 300 0.005 0.7
1488 1196 600 15 300 0.005 0.7
1823 1299 600 15 300 0.005 0.7
3436 1768 600 15 300 0.01 0.6
2260 1399 600 15 300 0.01 0.6
2861 1558 600 15 300 0.01 0.6
3804 2070 600 15 300 0.01 0.6
1425 1225 600 15 300 0.01 0.62
882 906 600 15 300 0.01 0.62
2093 1525 600 15 300 0.01 0.62
802 873 600 15 300 0.01 0.62
1377 1143 600 15 300 0.01 0.64
1568 1403 600 15 300 0.01 0.64
934 935 600 15 300 0.01 0.64
2340 1633 600 15 300 0.01 0.64
1254 1028 600 15 300 0.01 0.66
1345 1154 600 15 300 0.01 0.66
1599 1247 600 15 300 0.01 0.66
1191 1059 600 15 300 0.01 0.66
876 897 600 15 300 0.01 0.68
641 708 600 15 300 0.01 0.68
750 766 600 15 300 0.01 0.68
870 916 600 15 300 0.01 0.68
764 824 600 15 300 0.01 0.7
830 890 600 15 300 0.01 0.7
815 861 600 15 300 0.01 0.7
982 948 600 15 300 0.01 0.7
3121 2407 600 15 300 0.015 0.6
2382 2203 600 15 300 0.015 0.6
4277 3157 600 15 300 0.015 0.6
2281 2031 600 15 300 0.015 0.6
2545 2275 600 15 300 0.015 0.62
2051 2036 600 15 300 0.015 0.62
3618 2659 600 15 300 0.015 0.62
1189 1289 600 15 300 0.015 0.62
1469 1173 600 15 300 0.015 0.64
2060 1484 600 15 300 0.015 0.64
2241 1560 600 15 300 0.015 0.64
1433 1009 600 15 300 0.015 0.64
1652 1549 600 15 300 0.015 0.66
1380 1483 600 15 300 0.015 0.66
2012 1958 600 15 300 0.015 0.66
1223 1292 600 15 300 0.015 0.66
1348 1399 600 15 300 0.015 0.68
882 1021 600 15 300 0.015 0.68
3615 2930 600 15 300 0.015 0.68
956 1157 600 15 300 0.015 0.68
1468 1489 600 15 300 0.015 0.7
923 1061 600 15 300 0.015 0.7
2921 2778 600 15 300 0.015 0.7
1000 1194 600 15 300 0.015 0.7
8488 3059 600 15 450 0.005 0.6
5564 2521 600 15 450 0.005 0.6
8611 3149 600 15 450 0.005 0.6
11822 4039 600 15 450 0.005 0.6
2967 1758 600 15 450 0.005 0.62
2316 1513 600 15 450 0.005 0.62
2720 1582 600 15 450 0.005 0.62
3619 1963 600 15 450 0.005 0.62
3185 1845 600 15 450 0.005 0.64
3272 1907 600 15 450 0.005 0.64
3177 1889 600 15 450 0.005 0.64
4035 1995 600 15 450 0.005 0.64
3819 1954 600 15 450 0.005 0.66
1629 1326 600 15 450 0.005 0.66
3285 1799 600 15 450 0.005 0.66
3960 1950 600 15 450 0.005 0.66
2158 1335 600 15 450 0.005 0.68
2241 1364 600 15 450 0.005 0.68
2435 1493 600 15 450 0.005 0.68
2550 1481 600 15 450 0.005 0.68
2481 1385 600 15 450 0.005 0.7
1503 1006 600 15 450 0.005 0.7
3036 1383 600 15 450 0.005 0.7
1722 1154 600 15 450 0.005 0.7
2905 1707 600 15 450 0.01 0.6
3237 1757 600 15 450 0.01 0.6
3069 1598 600 15 450 0.01 0.6
3166 1837 600 15 450 0.01 0.6
1176 1038 600 15 450 0.01 0.62
1041 923 600 15 450 0.01 0.62
1956 1128 600 15 450 0.01 0.62
1100 1007 600 15 450 0.01 0.62
1290 1087 600 15 450 0.01 0.64
1473 1115 600 15 450 0.01 0.64
2212 1463 600 15 450 0.01 0.64
1004 930 600 15 450 0.01 0.64
1227 1017 600 15 450 0.01 0.66
825 782 600 15 450 0.01 0.66
1415 1154 600 15 450 0.01 0.66
2184 1225 600 15 450 0.01 0.66
780 783 600 15 450 0.01 0.68
871 860 600 15 450 0.01 0.68
993 927 600 15 450 0.01 0.68
1062 980 600 15 450 0.01 0.68
902 832 600 15 450 0.01 0.7
1073 970 600 15 450 0.01 0.7
1068 971 600 15 450 0.01 0.7
1456 1214 600 15 450 0.01 0.7
3138 2239 600 15 450 0.015 0.6
4139 2662 600 15 450 0.015 0.6
4153 2821 600 15 450 0.015 0.6
3337 2354 600 15 450 0.015 0.6
1868 1720 600 15 450 0.015 0.62
2164 1795 600 15 450 0.015 0.62
3310 2327 600 15 450 0.015 0.62
3975 2752 600 15 450 0.015 0.62
3673 2574 600 15 450 0.015 0.64
1163 1167 600 15 450 0.015 0.64
3853 2268 600 15 450 0.015 0.64
2120 2004 600 15 450 0.015 0.64
1780 1563 600 15 450 0.015 0.66
2469 2037 600 15 450 0.015 0.66
2720 2128 600 15 450 0.015 0.66
1588 1508 600 15 450 0.015 0.66
2801 1767 600 15 450 0.015 0.68
1351 1035 600 15 450 0.015 0.68
2997 1753 600 15 450 0.015 0.68
1614 1262 600 15 450 0.015 0.68
983 1015 600 15 450 0.015 0.7
1212 1187 600 15 450 0.015 0.7
1097 1123 600 15 450 0.015 0.7
1397 1353 600 15 450 0.015 0.7
9139 2727 600 15 600 0.005 0.6
9867 3011 600 15 600 0.005 0.6
15531 3802 600 15 600 0.005 0.6
11800 3461 600 15 600 0.005 0.6
3397 1478 600 15 600 0.005 0.62
6123 2216 600 15 600 0.005 0.62
5458 2161 600 15 600 0.005 0.62
4412 1927 600 15 600 0.005 0.62
3608 1489 600 15 600 0.005 0.64
4788 1815 600 15 600 0.005 0.64
5733 1939 600 15 600 0.005 0.64
3936 2176 600 15 600 0.005 0.64
5749 2027 600 15 600 0.005 0.66
2959 1648 600 15 600 0.005 0.66
3096 1498 600 15 600 0.005 0.66
8029 2552 600 15 600 0.005 0.66
1498 1091 600 15 600 0.005 0.68
2314 1332 600 15 600 0.005 0.68
2551 1316 600 15 600 0.005 0.68
2080 1356 600 15 600 0.005 0.68
2187 1230 600 15 600 0.005 0.7
4021 1660 600 15 600 0.005 0.7
4650 1599 600 15 600 0.005 0.7
1898 1225 600 15 600 0.005 0.7
3974 1616 600 15 600 0.01 0.6
2297 1226 600 15 600 0.01 0.6
3639 1734 600 15 600 0.01 0.6
4520 1974 600 15 600 0.01 0.6
1663 1174 600 15 600 0.01 0.62
1354 976 600 15 600 0.01 0.62
1948 1146 600 15 600 0.01 0.62
1357 1063 600 15 600 0.01 0.62
1375 1040 600 15 600 0.01 0.64
2421 1168 600 15 600 0.01 0.64
1649 901 600 15 600 0.01 0.64
2229 1277 600 15 600 0.01 0.64
1060 923 600 15 600 0.01 0.66
2196 1371 600 15 600 0.01 0.66
3053 1534 600 15 600 0.01 0.66
1661 1139 600 15 600 0.01 0.66
913 829 600 15 600 0.01 0.68
783 736 600 15 600 0.01 0.68
1042 851 600 15 600 0.01 0.68
779 769 600 15 600 0.01 0.68
1009 929 600 15 600 0.01 0.7
1435 1100 600 15 600 0.01 0.7
1807 1153 600 15 600 0.01 0.7
1013 983 600 15 600 0.01 0.7
2580 1885 600 15 600 0.015 0.6
3041 2071 600 15 600 0.015 0.6
6140 3168 600 15 600 0.015 0.6
4470 2767 600 15 600 0.015 0.6
2297 1660 600 15 600 0.015 0.62
1575 1431 600 15 600 0.015 0.62
1666 1461 600 15 600 0.015 0.62
2611 1931 600 15 600 0.015 0.62
2137 1745 600 15 600 0.015 0.64
2428 1668 600 15 600 0.015 0.64
2024 1717 600 15 600 0.015 0.64
2604 1894 600 15 600 0.015 0.64
3052 2009 600 15 600 0.015 0.66
1898 1552 600 15 600 0.015 0.66
4213 2627 600 15 600 0.015 0.66
1842 1516 600 15 600 0.015 0.66
1288 1215 600 15 600 0.015 0.68
1102 1080 600 15 600 0.015 0.68
1237 1195 600 15 600 0.015 0.68
3316 2012 600 15 600 0.015 0.68
1431 1276 600 15 600 0.015 0.7
1172 1123 600 15 600 0.015 0.7
1285 1255 600 15 600 0.015 0.7
2089 1674 600 15 600 0.015 0.7
3852 2874 600 20 150 0.005 0.6
5183 3876 600 20 150 0.005 0.6
9460 6521 600 20 150 0.005 0.6
4863 3703 600 20 150 0.005 0.6
2966 2295 600 20 150 0.005 0.62
3696 2730 600 20 150 0.005 0.62
2713 2092 600 20 150 0.005 0.62
4007 2931 600 20 150 0.005 0.62
3788 2059 600 20 150 0.005 0.64
4166 2194 600 20 150 0.005 0.64
3864 2170 600 20 150 0.005 0.64
4148 2288 600 20 150 0.005 0.64
2078 1685 600 20 150 0.005 0.66
1947 1577 600 20 150 0.005 0.66
2182 1737 600 20 150 0.005 0.66
1984 1644 600 20 150 0.005 0.66
2116 1733 600 20 150 0.005 0.68
1724 1473 600 20 150 0.005 0.68
2468 1934 600 20 150 0.005 0.68
2648 2104 600 20 150 0.005 0.68
1952 1185 600 20 150 0.005 0.7
1799 1037 600 20 150 0.005 0.7
2693 1335 600 20 150 0.005 0.7
1498 958 600 20 150 0.005 0.7
2072 1672 600 20 150 0.01 0.6
1412 1210 600 20 150 0.01 0.6
2459 1933 600 20 150 0.01 0.6
1531 1353 600 20 150 0.01 0.6
1662 1330 600 20 150 0.01 0.62
1159 1032 600 20 150 0.01 0.62
1066 891 600 20 150 0.01 0.62
1882 1466 600 20 150 0.01 0.62
965 866 600 20 150 0.01 0.64
1205 1027 600 20 150 0.01 0.64
1355 1138 600 20 150 0.01 0.64
885 788 600 20 150 0.01 0.64
889 764 600 20 150 0.01 0.66
1108 992 600 20 150 0.01 0.66
1166 971 600 20 150 0.01 0.66
1381 1211 600 20 150 0.01 0.66
604 564 600 20 150 0.01 0.68
880 805 600 20 150 0.01 0.68
832 754 600 20 150 0.01 0.68
1815 1475 600 20 150 0.01 0.68
704 674 600 20 150 0.01 0.7
793 758 600 20 150 0.01 0.7
872 783 600 20 150 0.01 0.7
764 713 600 20 150 0.01 0.7
1455 1326 600 20 150 0.015 0.6
1756 1530 600 20 150 0.015 0.6
2761 2269 600 20 150 0.015 0.6
2300 2009 600 20 150 0.015 0.6
2114 1765 600 20 150 0.015 0.62
1018 968 600 20 150 0.015 0.62
2010 1696 600 20 150 0.015 0.62
1580 1424 600 20 150 0.015 0.62
1063 982 600 20 150 0.015 0.64
1122 1041 600 20 150 0.015 0.64
1659 1452 600 20 150 0.015 0.64
1103 1085 600 20 150 0.015 0.64
1152 1092 600 20 150 0.015 0.66
1030 990 600 20 150 0.015 0.66
1202 1144 600 20 150 0.015 0.66
997 952 600 20 150 0.015 0.66
1275 1181 600 20 150 0.015 0.68
772 747 600 20 150 0.015 0.68
1223 1125 600 20 150 0.015 0.68
1250 1188 600 20 150 0.015 0.68
670 670 600 20 150 0.015 0.7
1051 1055 600 20 150 0.015 0.7
1698 1629 600 20 150 0.015 0.7
843 886 600 20 150 0.015 0.7
7910 3951 600 20 300 0.005 0.6
9095 4233 600 20 300 0.005 0.6
14867 6253 600 20 300 0.005 0.6
7173 3519 600 20 300 0.005 0.6
3770 2214 600 20 300 0.005 0.62
4247 2356 600 20 300 0.005 0.62
4745 2550 600 20 300 0.005 0.62
5349 2676 600 20 300 0.005 0.62
7345 2812 600 20 300 0.005 0.64
4493 2450 600 20 300 0.005 0.64
8526 3173 600 20 300 0.005 0.64
3483 2108 600 20 300 0.005 0.64
1579 1181 600 20 300 0.005 0.66
2360 1497 600 20 300 0.005 0.66
2136 1367 600 20 300 0.005 0.66
2054 1398 600 20 300 0.005 0.66
2017 1409 600 20 300 0.005 0.68
2054 1313 600 20 300 0.005 0.68
3610 2142 600 20 300 0.005 0.68
2669 1747 600 20 300 0.005 0.68
1368 978 600 20 300 0.005 0.7
1909 1158 600 20 300 0.005 0.7
2224 1313 600 20 300 0.005 0.7
1745 1115 600 20 300 0.005 0.7
2082 1426 600 20 300 0.01 0.6
2391 1504 600 20 300 0.01 0.6
3055 1676 600 20 300 0.01 0.6
2562 1641 600 20 300 0.01 0.6
1677 1138 600 20 300 0.01 0.62
1041 836 600 20 300 0.01 0.62
2334 1406 600 20 300 0.01 0.62
1132 928 600 20 300 0.01 0.62
1909 1260 600 20 300 0.01 0.64
2073 1352 600 20 300 0.01 0.64
1659 1160 600 20 300 0.01 0.64
2520 1412 600 20 300 0.01 0.64
673 619 600 20 300 0.01 0.66
862 784 600 20 300 0.01 0.66
1279 937 600 20 300 0.01 0.66
860 757 600 20 300 0.01 0.66
1762 1205 600 20 300 0.01 0.68
844 686 600 20 300 0.01 0.68
930 804 600 20 300 0.01 0.68
1759 1200 600 20 300 0.01 0.68
908 731 600 20 300 0.01 0.7
761 687 600 20 300 0.01 0.7
1164 841 600 20 300 0.01 0.7
643 619 600 20 300 0.01 0.7
2409 1779 600 20 300 0.015 0.6
1957 1551 600 20 300 0.015 0.6
2865 2098 600 20 300 0.015 0.6
3880 2353 600 20 300 0.015 0.6
1471 1199 600 20 300 0.015 0.62
2630 1888 600 20 300 0.015 0.62
2985 1900 600 20 300 0.015 0.62
1284 1158 600 20 300 0.015 0.62
1691 1364 600 20 300 0.015 0.64
1878 1383 600 20 300 0.015 0.64
1952 1522 600 20 300 0.015 0.64
2070 1594 600 20 300 0.015 0.64
1425 1233 600 20 300 0.015 0.66
940 881 600 20 300 0.015 0.66
845 764 600 20 300 0.015 0.66
2708 1955 600 20 300 0.015 0.66
1223 1052 600 20 300 0.015 0.68
658 624 600 20 300 0.015 0.68
990 898 600 20 300 0.015 0.68
1048 967 600 20 300 0.015 0.68
977 909 600 20 300 0.015 0.7
1112 1040 600 20 300 0.015 0.7
1420 1281 600 20 300 0.015 0.7
1053 991 600 20 300 0.015 0.7
10042 3342 600 20 450 0.005 0.6
11479 3732 600 20 450 0.005 0.6
11240 3861 600 20 450 0.005 0.6
18971 5399 600 20 450 0.005 0.6
4481 2243 600 20 450 0.005 0.62
3916 1983 600 20 450 0.005 0.62
11177 3697 600 20 450 0.005 0.62
7772 2967 600 20 450 0.005 0.62
6316 2390 600 20 450 0.005 0.64
6407 2698 600 20 450 0.005 0.64
6111 2364 600 20 450 0.005 0.64
8260 2760 600 20 450 0.005 0.64
3185 1435 600 20 450 0.005 0.66
1968 1205 600 20 450 0.005 0.66
2785 1543 600 20 450 0.005 0.66
4457 1860 600 20 450 0.005 0.66
3843 1740 600 20 450 0.005 0.68
4100 1532 600 20 450 0.005 0.68
6442 2286 600 20 450 0.005 0.68
4062 1851 600 20 450 0.005 0.68
1140 868 600 20 450 0.005 0.7
2131 1270 600 20 450 0.005 0.7
2647 1400 600 20 450 0.005 0.7
2198 1266 600 20 450 0.005 0.7
2734 1460 600 20 450 0.01 0.6
2988 1615 600 20 450 0.01 0.6
3393 1744 600 20 450 0.01 0.6
3270 1549 600 20 450 0.01 0.6
1427 973 600 20 450 0.01 0.62
1756 1168 600 20 450 0.01 0.62
1454 914 600 20 450 0.01 0.62
2447 1233 600 20 450 0.01 0.62
1996 1262 600 20 450 0.01 0.64
1349 941 600 20 450 0.01 0.64
2285 1204 600 20 450 0.01 0.64
1313 933 600 20 450 0.01 0.64
1007 713 600 20 450 0.01 0.66
1294 960 600 20 450 0.01 0.66
835 688 600 20 450 0.01 0.66
1492 959 600 20 450 0.01 0.66
1866 1122 600 20 450 0.01 0.68
1908 1101 600 20 450 0.01 0.68
1683 1063 600 20 450 0.01 0.68
2542 1229 600 20 450 0.01 0.68
914 773 600 20 450 0.01 0.7
836 706 600 20 450 0.01 0.7
1396 829 600 20 450 0.01 0.7
846 736 600 20 450 0.01 0.7
1911 1389 600 20 450 0.015 0.6
1190 957 600 20 450 0.015 0.6
2678 1811 600 20 450 0.015 0.6
1814 1362 600 20 450 0.015 0.6
1659 956 600 20 450 0.015 0.62
2890 1593 600 20 450 0.015 0.62
3034 1409 600 20 450 0.015 0.62
1643 1154 600 20 450 0.015 0.62
1597 1113 600 20 450 0.015 0.64
1141 965 600 20 450 0.015 0.64
3482 2016 600 20 450 0.015 0.64
1116 1006 600 20 450 0.015 0.64
1147 945 600 20 450 0.015 0.66
923 770 600 20 450 0.015 0.66
1297 1014 600 20 450 0.015 0.66
1134 963 600 20 450 0.015 0.66
756 683 600 20 450 0.015 0.68
1394 1124 600 20 450 0.015 0.68
1258 1085 600 20 450 0.015 0.68
1938 1545 600 20 450 0.015 0.68
1292 1119 600 20 450 0.015 0.7
935 811 600 20 450 0.015 0.7
697 630 600 20 450 0.015 0.7
2051 1491 600 20 450 0.015 0.7
11988 3199 600 20 600 0.005 0.6
22547 4654 600 20 600 0.005 0.6
33309 6188 600 20 600 0.005 0.6
22340 4614 600 20 600 0.005 0.6
14871 3581 600 20 600 0.005 0.62
9743 2525 600 20 600 0.005 0.62
11244 2685 600 20 600 0.005 0.62
16254 3317 600 20 600 0.005 0.62
7621 2506 600 20 600 0.005 0.64
11849 3144 600 20 600 0.005 0.64
10504 2825 600 20 600 0.005 0.64
9061 2674 600 20 600 0.005 0.64
3527 1604 600 20 600 0.005 0.66
3430 1579 600 20 600 0.005 0.66
3316 1551 600 20 600 0.005 0.66
4882 1784 600 20 600 0.005 0.66
3600 1636 600 20 600 0.005 0.68
2657 1531 600 20 600 0.005 0.68
2233 1286 600 20 600 0.005 0.68
5465 2074 600 20 600 0.005 0.68
1260 866 600 20 600 0.005 0.7
1042 735 600 20 600 0.005 0.7
3100 1402 600 20 600 0.005 0.7
1095 767 600 20 600 0.005 0.7
2150 1108 600 20 600 0.01 0.6
3240 1369 600 20 600 0.01 0.6
4857 1706 600 20 600 0.01 0.6
2959 1482 600 20 600 0.01 0.6
7012 1725 600 20 600 0.01 0.62
3549 1424 600 20 600 0.01 0.62
1646 1021 600 20 600 0.01 0.62
11895 2431 600 20 600 0.01 0.62
3449 1351 600 20 600 0.01 0.64
2147 1108 600 20 600 0.01 0.64
2220 1229 600 20 600 0.01 0.64
5789 1489 600 20 600 0.01 0.64
2039 1061 600 20 600 0.01 0.66
1241 843 600 20 600 0.01 0.66
3492 1162 600 20 600 0.01 0.66
1567 938 600 20 600 0.01 0.66
1491 914 600 20 600 0.01 0.68
1125 767 600 20 600 0.01 0.68
1251 785 600 20 600 0.01 0.68
2010 980 600 20 600 0.01 0.68
753 585 600 20 600 0.01 0.7
681 592 600 20 600 0.01 0.7
1343 828 600 20 600 0.01 0.7
819 692 600 20 600 0.01 0.7
1586 1150 600 20 600 0.015 0.6
4086 1939 600 20 600 0.015 0.6
5414 2019 600 20 600 0.015 0.6
6257 2670 600 20 600 0.015 0.6
1182 877 600 20 600 0.015 0.62
1710 1148 600 20 600 0.015 0.62
2028 1397 600 20 600 0.015 0.62
1306 1079 600 20 600 0.015 0.62
1195 927 600 20 600 0.015 0.64
1192 954 600 20 600 0.015 0.64
2295 1373 600 20 600 0.015 0.64
1802 1216 600 20 600 0.015 0.64
1257 993 600 20 600 0.015 0.66
743 649 600 20 600 0.015 0.66
2397 1369 600 20 600 0.015 0.66
1181 1012 600 20 600 0.015 0.66
761 649 600 20 600 0.015 0.68
1196 933 600 20 600 0.015 0.68
1374 1063 600 20 600 0.015 0.68
1122 880 600 20 600 0.015 0.68
902 768 600 20 600 0.015 0.7
967 844 600 20 600 0.015 0.7
2173 1443 600 20 600 0.015 0.7
1044 870 600 20 600 0.015 0.7
14148 8414 600 25 150 0.005 0.6
9542 5873 600 25 150 0.005 0.6
16957 10064 600 25 150 0.005 0.6
13017 8103 600 25 150 0.005 0.6
5197 3436 600 25 150 0.005 0.62
6279 4084 600 25 150 0.005 0.62
7974 5014 600 25 150 0.005 0.62
8552 5444 600 25 150 0.005 0.62
5671 3616 600 25 150 0.005 0.64
5402 3555 600 25 150 0.005 0.64
6939 4350 600 25 150 0.005 0.64
6046 4004 600 25 150 0.005 0.64
5996 2036 600 25 150 0.005 0.66
6515 2207 600 25 150 0.005 0.66
7719 2539 600 25 150 0.005 0.66
5603 2257 600 25 150 0.005 0.66
2656 1831 600 25 150 0.005 0.68
2701 1937 600 25 150 0.005 0.68
2956 2016 600 25 150 0.005 0.68
3851 2701 600 25 150 0.005 0.68
2168 1523 600 25 150 0.005 0.7
2470 1730 600 25 150 0.005 0.7
2624 1767 600 25 150 0.005 0.7
2221 1608 600 25 150 0.005 0.7
2245 1549 600 25 150 0.01 0.6
2648 1793 600 25 150 0.01 0.6
2835 1830 600 25 150 0.01 0.6
2160 1542 600 25 150 0.01 0.6
1414 1021 600 25 150 0.01 0.62
1377 1063 600 25 150 0.01 0.62
1711 1220 600 25 150 0.01 0.62
2008 1435 600 25 150 0.01 0.62
3695 1131 600 25 150 0.01 0.64
3104 958 600 25 150 0.01 0.64
3291 1070 600 25 150 0.01 0.64
4131 1501 600 25 150 0.01 0.64
1873 1303 600 25 150 0.01 0.66
966 752 600 25 150 0.01 0.66
1159 872 600 25 150 0.01 0.66
1775 1220 600 25 150 0.01 0.66
884 701 600 25 150 0.01 0.68
848 678 600 25 150 0.01 0.68
1554 1081 600 25 150 0.01 0.68
1142 922 600 25 150 0.01 0.68
1315 972 600 25 150 0.01 0.7
839 667 600 25 150 0.01 0.7
1469 1043 600 25 150 0.01 0.7
1525 1114 600 25 150 0.01 0.7
2061 1521 600 25 150 0.015 0.6
1685 1262 600 25 150 0.015 0.6
3213 2221 600 25 150 0.015 0.6
1716 1385 600 25 150 0.015 0.6
1425 1106 600 25 150 0.015 0.62
1766 1339 600 25 150 0.015 0.62
1221 929 600 25 150 0.015 0.62
2040 1520 600 25 150 0.015 0.62
1081 853 600 25 150 0.015 0.64
875 709 600 25 150 0.015 0.64
919 737 600 25 150 0.015 0.64
1610 1266 600 25 150 0.015 0.64
766 609 600 25 150 0.015 0.66
1460 1143 600 25 150 0.015 0.66
1556 1167 600 25 150 0.015 0.66
1151 953 600 25 150 0.015 0.66
1194 947 600 25 150 0.015 0.68
1044 843 600 25 150 0.015 0.68
1328 1032 600 25 150 0.015 0.68
2048 1549 600 25 150 0.015 0.68
1071 845 600 25 150 0.015 0.7
932 791 600 25 150 0.015 0.7
1919 1423 600 25 150 0.015 0.7
993 869 600 25 150 0.015 0.7
14091 5566 600 25 300 0.005 0.6
21893 8228 600 25 300 0.005 0.6
31645 11153 600 25 300 0.005 0.6
11180 4746 600 25 300 0.005 0.6
11069 4476 600 25 300 0.005 0.62
13322 5278 600 25 300 0.005 0.62
14836 5836 600 25 300 0.005 0.62
17588 6479 600 25 300 0.005 0.62
7966 3475 600 25 300 0.005 0.64
4747 2418 600 25 300 0.005 0.64
9138 3975 600 25 300 0.005 0.64
8309 3747 600 25 300 0.005 0.64
3830 2077 600 25 300 0.005 0.66
4975 2348 600 25 300 0.005 0.66
6287 2709 600 25 300 0.005 0.66
6896 3121 600 25 300 0.005 0.66
7443 2693 600 25 300 0.005 0.68
5493 2020 600 25 300 0.005 0.68
4558 2259 600 25 300 0.005 0.68
9877 3302 600 25 300 0.005 0.68
3800 1597 600 25 300 0.005 0.7
2112 1380 600 25 300 0.005 0.7
4395 1721 600 25 300 0.005 0.7
2823 1638 600 25 300 0.005 0.7
2007 1234 600 25 300 0.01 0.6
3734 1974 600 25 300 0.01 0.6
4228 2092 600 25 300 0.01 0.6
2487 1445 600 25 300 0.01 0.6
1999 1143 600 25 300 0.01 0.62
3092 979 600 25 300 0.01 0.62
1888 1115 600 25 300 0.01 0.62
3328 1160 600 25 300 0.01 0.62
1429 983 600 25 300 0.01 0.64
1907 1186 600 25 300 0.01 0.64
1503 963 600 25 300 0.01 0.64
2072 1256 600 25 300 0.01 0.64
2602 1413 600 25 300 0.01 0.66
1690 1030 600 25 300 0.01 0.66
2390 1221 600 25 300 0.01 0.66
1947 1240 600 25 300 0.01 0.66
2551 796 600 25 300 0.01 0.68
2267 835 600 25 300 0.01 0.68
3752 1075 600 25 300 0.01 0.68
1529 689 600 25 300 0.01 0.68
952 652 600 25 300 0.01 0.7
1055 702 600 25 300 0.01 0.7
1221 867 600 25 300 0.01 0.7
1173 847 600 25 300 0.01 0.7
1978 914 600 25 300 0.015 0.6
2979 1291 600 25 300 0.015 0.6
3023 1259 600 25 300 0.015 0.6
2075 1030 600 25 300 0.015 0.6
1465 1084 600 25 300 0.015 0.62
1207 931 600 25 300 0.015 0.62
2111 1247 600 25 300 0.015 0.62
1029 768 600 25 300 0.015 0.62
1189 889 600 25 300 0.015 0.64
1444 1034 600 25 300 0.015 0.64
1288 946 600 25 300 0.015 0.64
1946 1319 600 25 300 0.015 0.64
1229 911 600 25 300 0.015 0.66
788 616 600 25 300 0.015 0.66
1383 958 600 25 300 0.015 0.66
825 665 600 25 300 0.015 0.66
1146 864 600 25 300 0.015 0.68
1015 794 600 25 300 0.015 0.68
1161 850 600 25 300 0.015 0.68
1291 962 600 25 300 0.015 0.68
930 699 600 25 300 0.015 0.7
1082 851 600 25 300 0.015 0.7
988 755 600 25 300 0.015 0.7
1917 1291 600 25 300 0.015 0.7
17311 4872 600 25 450 0.005 0.6
30536 7230 600 25 450 0.005 0.6
21087 5340 600 25 450 0.005 0.6
51632 11569 600 25 450 0.005 0.6
14522 4129 600 25 450 0.005 0.62
17201 4708 600 25 450 0.005 0.62
13791 3869 600 25 450 0.005 0.62
30860 7265 600 25 450 0.005 0.62
17253 4420 600 25 450 0.005 0.64
10125 3320 600 25 450 0.005 0.64
17654 4545 600 25 450 0.005 0.64
21287 5233 600 25 450 0.005 0.64
5278 2190 600 25 450 0.005 0.66
4323 1748 600 25 450 0.005 0.66
10041 3182 600 25 450 0.005 0.66
5818 2157 600 25 450 0.005 0.66
9942 3203 600 25 450 0.005 0.68
4736 1916 600 25 450 0.005 0.68
9421 2917 600 25 450 0.005 0.68
8836 3089 600 25 450 0.005 0.68
2987 1477 600 25 450 0.005 0.7
2724 1437 600 25 450 0.005 0.7
2557 1322 600 25 450 0.005 0.7
3300 1580 600 25 450 0.005 0.7
3007 1377 600 25 450 0.01 0.6
4136 1470 600 25 450 0.01 0.6
3173 1445 600 25 450 0.01 0.6
5107 1604 600 25 450 0.01 0.6
3417 1487 600 25 450 0.01 0.62
2270 1213 600 25 450 0.01 0.62
1731 948 600 25 450 0.01 0.62
4645 1846 600 25 450 0.01 0.62
2399 1319 600 25 450 0.01 0.64
2942 1417 600 25 450 0.01 0.64
2765 1334 600 25 450 0.01 0.64
3996 1742 600 25 450 0.01 0.64
1758 1012 600 25 450 0.01 0.66
1996 989 600 25 450 0.01 0.66
2090 1066 600 25 450 0.01 0.66
2389 1069 600 25 450 0.01 0.66
2459 1091 600 25 450 0.01 0.68
1758 1002 600 25 450 0.01 0.68
3201 1264 600 25 450 0.01 0.68
2065 1172 600 25 450 0.01 0.68
920 624 600 25 450 0.01 0.7
1039 726 600 25 450 0.01 0.7
1181 701 600 25 450 0.01 0.7
1329 826 600 25 450 0.01 0.7
2531 1260 600 25 450 0.015 0.6
2045 1237 600 25 450 0.015 0.6
2282 1366 600 25 450 0.015 0.6
2347 1375 600 25 450 0.015 0.6
1235 873 600 25 450 0.015 0.62
1719 1155 600 25 450 0.015 0.62
1548 955 600 25 450 0.015 0.62
1494 1008 600 25 450 0.015 0.62
997 737 600 25 450 0.015 0.64
1751 1147 600 25 450 0.015 0.64
1534 932 600 25 450 0.015 0.64
1449 984 600 25 450 0.015 0.64
1175 822 600 25 450 0.015 0.66
2043 832 600 25 450 0.015 0.66
1331 890 600 25 450 0.015 0.66
2598 1283 600 25 450 0.015 0.66
2787 815 600 25 450 0.015 0.68
2866 807 600 25 450 0.015 0.68
2845 845 600 25 450 0.015 0.68
3179 1058 600 25 450 0.015 0.68
896 660 600 25 450 0.015 0.7
1231 851 600 25 450 0.015 0.7
1121 832 600 25 450 0.015 0.7
1177 807 600 25 450 0.015 0.7
47113 7359 600 25 600 0.005 0.6
26847 4989 600 25 600 0.005 0.6
40399 6993 600 25 600 0.005 0.6
38290 6277 600 25 600 0.005 0.6
14605 3299 600 25 600 0.005 0.62
10708 2738 600 25 600 0.005 0.62
23965 4305 600 25 600 0.005 0.62
18967 4376 600 25 600 0.005 0.62
17459 3815 600 25 600 0.005 0.64
18371 3890 600 25 600 0.005 0.64
41163 6713 600 25 600 0.005 0.64
18063 4209 600 25 600 0.005 0.64
11417 2854 600 25 600 0.005 0.66
12265 3020 600 25 600 0.005 0.66
10947 2692 600 25 600 0.005 0.66
19474 3897 600 25 600 0.005 0.66
8817 2602 600 25 600 0.005 0.68
3432 1635 600 25 600 0.005 0.68
11345 2788 600 25 600 0.005 0.68
12592 2759 600 25 600 0.005 0.68
3612 1634 600 25 600 0.005 0.7
3995 1461 600 25 600 0.005 0.7
4434 1653 600 25 600 0.005 0.7
5053 1810 600 25 600 0.005 0.7
3300 1403 600 25 600 0.01 0.6
6766 1879 600 25 600 0.01 0.6
6263 1769 600 25 600 0.01 0.6
7304 1827 600 25 600 0.01 0.6
2834 1304 600 25 600 0.01 0.62
1893 1040 600 25 600 0.01 0.62
5312 1724 600 25 600 0.01 0.62
4557 1654 600 25 600 0.01 0.62
5428 1614 600 25 600 0.01 0.64
2157 1083 600 25 600 0.01 0.64
6751 1891 600 25 600 0.01 0.64
2798 1344 600 25 600 0.01 0.64
3128 1191 600 25 600 0.01 0.66
1614 826 600 25 600 0.01 0.66
3035 1132 600 25 600 0.01 0.66
4057 1268 600 25 600 0.01 0.66
2457 1060 600 25 600 0.01 0.68
2062 1029 600 25 600 0.01 0.68
1615 811 600 25 600 0.01 0.68
5064 1503 600 25 600 0.01 0.68
1186 695 600 25 600 0.01 0.7
1078 704 600 25 600 0.01 0.7
3456 1167 600 25 600 0.01 0.7
1886 846 600 25 600 0.01 0.7
2877 1471 600 25 600 0.015 0.6
1842 1118 600 25 600 0.015 0.6
2160 1137 600 25 600 0.015 0.6
3808 1657 600 25 600 0.015 0.6
1579 930 600 25 600 0.015 0.62
1710 1049 600 25 600 0.015 0.62
1668 1014 600 25 600 0.015 0.62
2660 1313 600 25 600 0.015 0.62
1622 957 600 25 600 0.015 0.64
1232 837 600 25 600 0.015 0.64
2242 1403 600 25 600 0.015 0.64
1445 893 600 25 600 0.015 0.64
1450 965 600 25 600 0.015 0.66
1344 922 600 25 600 0.015 0.66
1984 1207 600 25 600 0.015 0.66
1129 803 600 25 600 0.015 0.66
1293 875 600 25 600 0.015 0.68
1304 925 600 25 600 0.015 0.68
911 661 600 25 600 0.015 0.68
1732 1110 600 25 600 0.015 0.68
743 560 600 25 600 0.015 0.7
643 492 600 25 600 0.015 0.7
972 705 600 25 600 0.015 0.7
826 634 600 25 600 0.015 0.7
