3342 2703 700 10 175 0.005 0.6
3347 2786 700 10 175 0.005 0.6
4484 3435 700 10 175 0.005 0.6
2931 2499 700 10 175 0.005 0.6
1586 1518 700 10 175 0.005 0.62
1170 1321 700 10 175 0.005 0.62
2075 1949 700 10 175 0.005 0.62
2350 2268 700 10 175 0.005 0.62
1560 1530 700 10 175 0.005 0.64
1537 1589 700 10 175 0.005 0.64
1953 1798 700 10 175 0.005 0.64
1484 1581 700 10 175 0.005 0.64
1681 1644 700 10 175 0.005 0.66
1417 1455 700 10 175 0.005 0.66
1612 1615 700 10 175 0.005 0.66
1987 1817 700 10 175 0.005 0.66
1360 1354 700 10 175 0.005 0.68
1618 1554 700 10 175 0.005 0.68
1476 1463 700 10 175 0.005 0.68
1909 1864 700 10 175 0.005 0.68
977 1111 700 10 175 0.005 0.7
966 1108 700 10 175 0.005 0.7
1090 1181 700 10 175 0.005 0.7
1044 1195 700 10 175 0.005 0.7
3221 2999 700 10 175 0.01 0.6
3697 3523 700 10 175 0.01 0.6
4370 3820 700 10 175 0.01 0.6
4333 3894 700 10 175 0.01 0.6
1919 2114 700 10 175 0.01 0.62
2100 2334 700 10 175 0.01 0.62
2578 2670 700 10 175 0.01 0.62
3026 3355 700 10 175 0.01 0.62
2421 2489 700 10 175 0.01 0.64
1820 2073 700 10 175 0.01 0.64
2996 3011 700 10 175 0.01 0.64
1926 2214 700 10 175 0.01 0.64
2623 2756 700 10 175 0.01 0.66
2519 2642 700 10 175 0.01 0.66
2218 2383 700 10 175 0.01 0.66
3876 3783 700 10 175 0.01 0.66
1504 1720 700 10 175 0.01 0.68
2970 3015 700 10 175 0.01 0.68
2621 2616 700 10 175 0.01 0.68
2433 2732 700 10 175 0.01 0.68
1932 2238 700 10 175 0.01 0.7
1164 1448 700 10 175 0.01 0.7
1610 1913 700 10 175 0.01 0.7
1622 2016 700 10 175 0.01 0.7
10091 10188 700 10 175 0.015 0.6
9710 10047 700 10 175 0.015 0.6
16707 16092 700 10 175 0.015 0.6
12874 13802 700 10 175 0.015 0.6
9644 10331 700 10 175 0.015 0.62
9585 10519 700 10 175 0.015 0.62
4769 5387 700 10 175 0.015 0.62
15925 16607 700 10 175 0.015 0.62
5411 6219 700 10 175 0.015 0.64
11224 12100 700 10 175 0.015 0.64
9422 10026 700 10 175 0.015 0.64
10670 11774 700 10 175 0.015 0.64
12121 13040 700 10 175 0.015 0.66
9907 10717 700 10 175 0.015 0.66
12861 13970 700 10 175 0.015 0.66
10636 11290 700 10 175 0.015 0.66
6528 7116 700 10 175 0.015 0.68
9527 10389 700 10 175 0.015 0.68
13238 13538 700 10 175 0.015 0.68
9601 10877 700 10 175 0.015 0.68
8560 10010 700 10 175 0.015 0.7
10404 12189 700 10 175 0.015 0.7
11777 13444 700 10 175 0.015 0.7
7883 9579 700 10 175 0.015 0.7
4316 2568 700 10 350 0.005 0.6
4583 2560 700 10 350 0.005 0.6
4023 2259 700 10 350 0.005 0.6
5939 2976 700 10 350 0.005 0.6
1832 1583 700 10 350 0.005 0.62
2305 1890 700 10 350 0.005 0.62
2177 1673 700 10 350 0.005 0.62
2070 1568 700 10 350 0.005 0.62
2328 1602 700 10 350 0.005 0.64
2654 1749 700 10 350 0.005 0.64
2802 1789 700 10 350 0.005 0.64
2252 1597 700 10 350 0.005 0.64
2128 1680 700 10 350 0.005 0.66
1906 1544 700 10 350 0.005 0.66
3488 2197 700 10 350 0.005 0.66
1624 1417 700 10 350 0.005 0.66
2698 1813 700 10 350 0.005 0.68
2097 1670 700 10 350 0.005 0.68
1885 1604 700 10 350 0.005 0.68
3823 2294 700 10 350 0.005 0.68
903 1006 700 10 350 0.005 0.7
1397 1380 700 10 350 0.005 0.7
956 1050 700 10 350 0.005 0.7
1530 1438 700 10 350 0.005 0.7
3905 2983 700 10 350 0.01 0.6
4138 3117 700 10 350 0.01 0.6
4488 3106 700 10 350 0.01 0.6
3664 2794 700 10 350 0.01 0.6
2513 2207 700 10 350 0.01 0.62
1620 1718 700 10 350 0.01 0.62
3131 2440 700 10 350 0.01 0.62
2364 2220 700 10 350 0.01 0.62
2027 1996 700 10 350 0.01 0.64
3614 2721 700 10 350 0.01 0.64
2381 2276 700 10 350 0.01 0.64
3466 2840 700 10 350 0.01 0.64
1383 1415 700 10 350 0.01 0.66
2720 2271 700 10 350 0.01 0.66
2568 2310 700 10 350 0.01 0.66
1716 1817 700 10 350 0.01 0.66
2053 1992 700 10 350 0.01 0.68
1922 1918 700 10 350 0.01 0.68
3237 2700 700 10 350 0.01 0.68
1291 1467 700 10 350 0.01 0.68
1408 1526 700 10 350 0.01 0.7
1312 1479 700 10 350 0.01 0.7
1743 1820 700 10 350 0.01 0.7
993 1170 700 10 350 0.01 0.7
19883 15086 700 10 350 0.015 0.6
14764 11696 700 10 350 0.015 0.6
18159 13742 700 10 350 0.015 0.6
17234 13918 700 10 350 0.015 0.6
10098 8525 700 10 350 0.015 0.62
10164 9095 700 10 350 0.015 0.62
8457 7642 700 10 350 0.015 0.62
12902 11573 700 10 350 0.015 0.62
6160 5719 700 10 350 0.015 0.64
9354 8917 700 10 350 0.015 0.64
8480 7975 700 10 350 0.015 0.64
8941 8688 700 10 350 0.015 0.64
8947 8504 700 10 350 0.015 0.66
6009 5805 700 10 350 0.015 0.66
7393 7115 700 10 350 0.015 0.66
9553 8160 700 10 350 0.015 0.66
12863 10148 700 10 350 0.015 0.68
8423 8054 700 10 350 0.015 0.68
13764 11064 700 10 350 0.015 0.68
10048 9300 700 10 350 0.015 0.68
4649 4650 700 10 350 0.015 0.7
6638 6479 700 10 350 0.015 0.7
9115 8589 700 10 350 0.015 0.7
6086 6843 700 10 350 0.015 0.7
9245 3099 700 10 525 0.005 0.6
5879 2408 700 10 525 0.005 0.6
9254 3099 700 10 525 0.005 0.6
6255 2473 700 10 525 0.005 0.6
1717 1344 700 10 525 0.005 0.62
2826 1686 700 10 525 0.005 0.62
2825 1740 700 10 525 0.005 0.62
2606 1540 700 10 525 0.005 0.62
1672 1305 700 10 525 0.005 0.64
2344 1690 700 10 525 0.005 0.64
2245 1535 700 10 525 0.005 0.64
4437 2143 700 10 525 0.005 0.64
1896 1408 700 10 525 0.005 0.66
2918 1673 700 10 525 0.005 0.66
2135 1452 700 10 525 0.005 0.66
3151 1862 700 10 525 0.005 0.66
2608 1628 700 10 525 0.005 0.68
2705 1793 700 10 525 0.005 0.68
3542 1814 700 10 525 0.005 0.68
2371 1654 700 10 525 0.005 0.68
1534 1310 700 10 525 0.005 0.7
1965 1462 700 10 525 0.005 0.7
2511 1770 700 10 525 0.005 0.7
1042 1067 700 10 525 0.005 0.7
4407 2580 700 10 525 0.01 0.6
9488 4216 700 10 525 0.01 0.6
7410 3635 700 10 525 0.01 0.6
7042 3386 700 10 525 0.01 0.6
3245 2303 700 10 525 0.01 0.62
2109 1898 700 10 525 0.01 0.62
1766 1678 700 10 525 0.01 0.62
4235 2820 700 10 525 0.01 0.62
2030 1793 700 10 525 0.01 0.64
2518 2123 700 10 525 0.01 0.64
1938 1788 700 10 525 0.01 0.64
2899 2280 700 10 525 0.01 0.64
1584 1483 700 10 525 0.01 0.66
2109 1808 700 10 525 0.01 0.66
2462 2132 700 10 525 0.01 0.66
2390 1930 700 10 525 0.01 0.66
2139 1955 700 10 525 0.01 0.68
3005 2267 700 10 525 0.01 0.68
1986 1867 700 10 525 0.01 0.68
3586 2379 700 10 525 0.01 0.68
1838 1375 700 10 525 0.01 0.7
1700 1326 700 10 525 0.01 0.7
2870 2043 700 10 525 0.01 0.7
1798 1672 700 10 525 0.01 0.7
39224 19796 700 10 525 0.015 0.6
31801 16055 700 10 525 0.015 0.6
42353 18455 700 10 525 0.015 0.6
45162 21870 700 10 525 0.015 0.6
5927 5251 700 10 525 0.015 0.62
14985 10048 700 10 525 0.015 0.62
10171 7679 700 10 525 0.015 0.62
17510 11317 700 10 525 0.015 0.62
13207 8623 700 10 525 0.015 0.64
9285 6895 700 10 525 0.015 0.64
13161 9158 700 10 525 0.015 0.64
13910 9744 700 10 525 0.015 0.64
12726 8665 700 10 525 0.015 0.66
12310 8572 700 10 525 0.015 0.66
14634 9893 700 10 525 0.015 0.66
15270 10588 700 10 525 0.015 0.66
5546 4782 700 10 525 0.015 0.68
20713 11300 700 10 525 0.015 0.68
8569 6541 700 10 525 0.015 0.68
23884 11315 700 10 525 0.015 0.68
5246 5082 700 10 525 0.015 0.7
8415 6725 700 10 525 0.015 0.7
6871 5750 700 10 525 0.015 0.7
13744 10375 700 10 525 0.015 0.7
5709 2257 700 10 700 0.005 0.6
6876 2447 700 10 700 0.005 0.6
23646 4286 700 10 700 0.005 0.6
6480 2293 700 10 700 0.005 0.6
3613 1739 700 10 700 0.005 0.62
2837 1547 700 10 700 0.005 0.62
4223 1939 700 10 700 0.005 0.62
3064 1836 700 10 700 0.005 0.62
3885 1811 700 10 700 0.005 0.64
3350 1777 700 10 700 0.005 0.64
3497 1709 700 10 700 0.005 0.64
5266 2138 700 10 700 0.005 0.64
2221 1493 700 10 700 0.005 0.66
2243 1548 700 10 700 0.005 0.66
3327 1734 700 10 700 0.005 0.66
2872 1680 700 10 700 0.005 0.66
2258 1520 700 10 700 0.005 0.68
4244 2031 700 10 700 0.005 0.68
3141 1724 700 10 700 0.005 0.68
3633 1783 700 10 700 0.005 0.68
1507 1311 700 10 700 0.005 0.7
1753 1414 700 10 700 0.005 0.7
2505 1551 700 10 700 0.005 0.7
1213 1150 700 10 700 0.005 0.7
5489 2701 700 10 700 0.01 0.6
5717 2811 700 10 700 0.01 0.6
9153 3531 700 10 700 0.01 0.6
7735 3171 700 10 700 0.01 0.6
6574 3057 700 10 700 0.01 0.62
2161 1863 700 10 700 0.01 0.62
4664 2537 700 10 700 0.01 0.62
4792 2696 700 10 700 0.01 0.62
1612 1426 700 10 700 0.01 0.64
1780 1597 700 10 700 0.01 0.64
3927 2447 700 10 700 0.01 0.64
2548 2062 700 10 700 0.01 0.64
2721 1627 700 10 700 0.01 0.66
5469 2593 700 10 700 0.01 0.66
4032 2115 700 10 700 0.01 0.66
4779 2606 700 10 700 0.01 0.66
2689 2148 700 10 700 0.01 0.68
2438 1815 700 10 700 0.01 0.68
3037 2104 700 10 700 0.01 0.68
3733 2468 700 10 700 0.01 0.68
1795 1615 700 10 700 0.01 0.7
1254 1271 700 10 700 0.01 0.7
2526 1985 700 10 700 0.01 0.7
1073 1159 700 10 700 0.01 0.7
16313 8846 700 10 700 0.015 0.6
30138 13997 700 10 700 0.015 0.6
19457 9958 700 10 700 0.015 0.6
27798 13642 700 10 700 0.015 0.6
19301 8005 700 10 700 0.015 0.62
5162 4115 700 10 700 0.015 0.62
8750 5386 700 10 700 0.015 0.62
24964 12808 700 10 700 0.015 0.62
12133 7162 700 10 700 0.015 0.64
13378 6453 700 10 700 0.015 0.64
11608 6865 700 10 700 0.015 0.64
50525 16678 700 10 700 0.015 0.64
12599 7196 700 10 700 0.015 0.66
16264 9499 700 10 700 0.015 0.66
8034 5632 700 10 700 0.015 0.66
23157 9340 700 10 700 0.015 0.66
18589 8065 700 10 700 0.015 0.68
12144 6301 700 10 700 0.015 0.68
24366 10074 700 10 700 0.015 0.68
15730 8217 700 10 700 0.015 0.68
4899 3995 700 10 700 0.015 0.7
7522 5558 700 10 700 0.015 0.7
16017 8191 700 10 700 0.015 0.7
11795 7962 700 10 700 0.015 0.7
3663 2547 700 15 175 0.005 0.6
3014 2163 700 15 175 0.005 0.6
3797 2708 700 15 175 0.005 0.6
4126 2900 700 15 175 0.005 0.6
2074 1623 700 15 175 0.005 0.62
2339 1820 700 15 175 0.005 0.62
2330 1805 700 15 175 0.005 0.62
2266 1809 700 15 175 0.005 0.62
3855 2033 700 15 175 0.005 0.64
3271 1850 700 15 175 0.005 0.64
2939 1727 700 15 175 0.005 0.64
4978 2701 700 15 175 0.005 0.64
2121 1682 700 15 175 0.005 0.66
1583 1328 700 15 175 0.005 0.66
2769 1988 700 15 175 0.005 0.66
2157 1697 700 15 175 0.005 0.66
1657 1335 700 15 175 0.005 0.68
957 835 700 15 175 0.005 0.68
1346 1174 700 15 175 0.005 0.68
1759 1416 700 15 175 0.005 0.68
1356 1153 700 15 175 0.005 0.7
1492 1267 700 15 175 0.005 0.7
1525 1274 700 15 175 0.005 0.7
1525 1225 700 15 175 0.005 0.7
3445 2573 700 15 175 0.01 0.6
1624 1396 700 15 175 0.01 0.6
3643 2661 700 15 175 0.01 0.6
2523 2049 700 15 175 0.01 0.6
1908 1649 700 15 175 0.01 0.62
1615 1445 700 15 175 0.01 0.62
1708 1480 700 15 175 0.01 0.62
1815 1613 700 15 175 0.01 0.62
1246 1102 700 15 175 0.01 0.64
1552 1359 700 15 175 0.01 0.64
2051 1662 700 15 175 0.01 0.64
1693 1419 700 15 175 0.01 0.64
1279 1100 700 15 175 0.01 0.66
1403 1352 700 15 175 0.01 0.66
2579 2003 700 15 175 0.01 0.66
1264 1256 700 15 175 0.01 0.66
1153 1015 700 15 175 0.01 0.68
1170 1060 700 15 175 0.01 0.68
1655 1442 700 15 175 0.01 0.68
1159 1144 700 15 175 0.01 0.68
1107 1051 700 15 175 0.01 0.7
1174 1114 700 15 175 0.01 0.7
925 875 700 15 175 0.01 0.7
2035 1842 700 15 175 0.01 0.7
4995 4193 700 15 175 0.015 0.6
6163 5167 700 15 175 0.015 0.6
8016 6508 700 15 175 0.015 0.6
8050 7269 700 15 175 0.015 0.6
6225 4179 700 15 175 0.015 0.62
6554 5057 700 15 175 0.015 0.62
11653 6836 700 15 175 0.015 0.62
10418 9232 700 15 175 0.015 0.62
4491 4117 700 15 175 0.015 0.64
7284 6293 700 15 175 0.015 0.64
7381 6125 700 15 175 0.015 0.64
6004 5651 700 15 175 0.015 0.64
5047 4621 700 15 175 0.015 0.66
6736 5921 700 15 175 0.015 0.66
9748 7925 700 15 175 0.015 0.66
5226 4817 700 15 175 0.015 0.66
4679 4446 700 15 175 0.015 0.68
6292 5577 700 15 175 0.015 0.68
5871 5264 700 15 175 0.015 0.68
5349 5092 700 15 175 0.015 0.68
5881 5504 700 15 175 0.015 0.7
3609 3540 700 15 175 0.015 0.7
4588 4436 700 15 175 0.015 0.7
5029 4607 700 15 175 0.015 0.7
6173 2844 700 15 350 0.005 0.6
5025 2621 700 15 350 0.005 0.6
4674 2425 700 15 350 0.005 0.6
7005 3226 700 15 350 0.005 0.6
4079 2180 700 15 350 0.005 0.62
2321 1647 700 15 350 0.005 0.62
5543 2686 700 15 350 0.005 0.62
4098 2201 700 15 350 0.005 0.62
2755 1585 700 15 350 0.005 0.64
3292 2012 700 15 350 0.005 0.64
3277 1935 700 15 350 0.005 0.64
2960 1746 700 15 350 0.005 0.64
4784 2280 700 15 350 0.005 0.66
2329 1594 700 15 350 0.005 0.66
3163 1805 700 15 350 0.005 0.66
4148 2118 700 15 350 0.005 0.66
1788 1290 700 15 350 0.005 0.68
1933 1199 700 15 350 0.005 0.68
2759 1564 700 15 350 0.005 0.68
1808 1242 700 15 350 0.005 0.68
1946 1308 700 15 350 0.005 0.7
1836 1375 700 15 350 0.005 0.7
2099 1429 700 15 350 0.005 0.7
1711 1314 700 15 350 0.005 0.7
3578 2128 700 15 350 0.01 0.6
3900 2245 700 15 350 0.01 0.6
5383 2723 700 15 350 0.01 0.6
2907 2001 700 15 350 0.01 0.6
1199 1000 700 15 350 0.01 0.62
1644 1282 700 15 350 0.01 0.62
1546 1230 700 15 350 0.01 0.62
2560 1675 700 15 350 0.01 0.62
3099 1973 700 15 350 0.01 0.64
1915 1452 700 15 350 0.01 0.64
4338 2342 700 15 350 0.01 0.64
1666 1347 700 15 350 0.01 0.64
1727 1255 700 15 350 0.01 0.66
2214 1458 700 15 350 0.01 0.66
1516 1247 700 15 350 0.01 0.66
2438 1689 700 15 350 0.01 0.66
1700 1393 700 15 350 0.01 0.68
1044 969 700 15 350 0.01 0.68
1354 1208 700 15 350 0.01 0.68
1747 1378 700 15 350 0.01 0.68
1248 1060 700 15 350 0.01 0.7
781 739 700 15 350 0.01 0.7
1180 1047 700 15 350 0.01 0.7
1053 975 700 15 350 0.01 0.7
5892 3663 700 15 350 0.015 0.6
11344 5944 700 15 350 0.015 0.6
6716 4329 700 15 350 0.015 0.6
12493 6167 700 15 350 0.015 0.6
4197 3388 700 15 350 0.015 0.62
4631 3865 700 15 350 0.015 0.62
4019 3299 700 15 350 0.015 0.62
14547 7991 700 15 350 0.015 0.62
2511 2169 700 15 350 0.015 0.64
5667 3961 700 15 350 0.015 0.64
4153 3305 700 15 350 0.015 0.64
7158 4505 700 15 350 0.015 0.64
6941 4965 700 15 350 0.015 0.66
2253 2020 700 15 350 0.015 0.66
6016 4253 700 15 350 0.015 0.66
3898 2940 700 15 350 0.015 0.66
3760 3320 700 15 350 0.015 0.68
3654 3102 700 15 350 0.015 0.68
3723 3140 700 15 350 0.015 0.68
3909 3317 700 15 350 0.015 0.68
5770 4773 700 15 350 0.015 0.7
2108 1976 700 15 350 0.015 0.7
3179 2725 700 15 350 0.015 0.7
5264 4387 700 15 350 0.015 0.7
8473 2786 700 15 525 0.005 0.6
10211 2974 700 15 525 0.005 0.6
11017 3338 700 15 525 0.005 0.6
11137 3133 700 15 525 0.005 0.6
8514 2603 700 15 525 0.005 0.62
4731 1879 700 15 525 0.005 0.62
7308 2548 700 15 525 0.005 0.62
8957 2537 700 15 525 0.005 0.62
7396 2745 700 15 525 0.005 0.64
2078 1328 700 15 525 0.005 0.64
5207 2129 700 15 525 0.005 0.64
4319 1834 700 15 525 0.005 0.64
4990 1920 700 15 525 0.005 0.66
3682 1845 700 15 525 0.005 0.66
7653 2637 700 15 525 0.005 0.66
5118 1942 700 15 525 0.005 0.66
2144 1245 700 15 525 0.005 0.68
2634 1216 700 15 525 0.005 0.68
3501 1539 700 15 525 0.005 0.68
2219 1214 700 15 525 0.005 0.68
2910 1303 700 15 525 0.005 0.7
4105 1533 700 15 525 0.005 0.7
3840 1481 700 15 525 0.005 0.7
3602 1336 700 15 525 0.005 0.7
5468 2452 700 15 525 0.01 0.6
2452 1594 700 15 525 0.01 0.6
2987 1650 700 15 525 0.01 0.6
6051 2372 700 15 525 0.01 0.6
1949 1372 700 15 525 0.01 0.62
1407 931 700 15 525 0.01 0.62
2420 1390 700 15 525 0.01 0.62
2506 1373 700 15 525 0.01 0.62
2953 1671 700 15 525 0.01 0.64
2665 1611 700 15 525 0.01 0.64
4873 2150 700 15 525 0.01 0.64
1339 1030 700 15 525 0.01 0.64
2620 1492 700 15 525 0.01 0.66
3069 1766 700 15 525 0.01 0.66
1457 1131 700 15 525 0.01 0.66
4630 1923 700 15 525 0.01 0.66
1774 1038 700 15 525 0.01 0.68
1528 984 700 15 525 0.01 0.68
2328 1289 700 15 525 0.01 0.68
1522 1047 700 15 525 0.01 0.68
1463 1155 700 15 525 0.01 0.7
1733 1291 700 15 525 0.01 0.7
1908 1397 700 15 525 0.01 0.7
1899 1205 700 15 525 0.01 0.7
5609 3062 700 15 525 0.015 0.6
14779 6051 700 15 525 0.015 0.6
12794 5113 700 15 525 0.015 0.6
8033 4305 700 15 525 0.015 0.6
7037 4158 700 15 525 0.015 0.62
3636 2674 700 15 525 0.015 0.62
4886 3231 700 15 525 0.015 0.62
8605 5259 700 15 525 0.015 0.62
4229 2941 700 15 525 0.015 0.64
5251 3732 700 15 525 0.015 0.64
9529 4693 700 15 525 0.015 0.64
3941 2909 700 15 525 0.015 0.64
3216 2541 700 15 525 0.015 0.66
3226 2570 700 15 525 0.015 0.66
6743 4172 700 15 525 0.015 0.66
8437 4250 700 15 525 0.015 0.66
3143 2401 700 15 525 0.015 0.68
3717 2888 700 15 525 0.015 0.68
6065 3399 700 15 525 0.015 0.68
4230 3283 700 15 525 0.015 0.68
7400 4246 700 15 525 0.015 0.7
2910 2417 700 15 525 0.015 0.7
3676 2906 700 15 525 0.015 0.7
7413 4584 700 15 525 0.015 0.7
6963 2150 700 15 700 0.005 0.6
10682 2707 700 15 700 0.005 0.6
12225 2815 700 15 700 0.005 0.6
9400 2501 700 15 700 0.005 0.6
4423 1541 700 15 700 0.005 0.62
6280 2125 700 15 700 0.005 0.62
6838 2287 700 15 700 0.005 0.62
8322 2320 700 15 700 0.005 0.62
3826 1452 700 15 700 0.005 0.64
6069 1669 700 15 700 0.005 0.64
4584 1709 700 15 700 0.005 0.64
6176 2187 700 15 700 0.005 0.64
6970 2282 700 15 700 0.005 0.66
4694 1701 700 15 700 0.005 0.66
8463 2084 700 15 700 0.005 0.66
5473 1770 700 15 700 0.005 0.66
1627 1093 700 15 700 0.005 0.68
2512 1334 700 15 700 0.005 0.68
3097 1235 700 15 700 0.005 0.68
3408 1409 700 15 700 0.005 0.68
1835 1130 700 15 700 0.005 0.7
2386 1349 700 15 700 0.005 0.7
2502 1404 700 15 700 0.005 0.7
2844 1412 700 15 700 0.005 0.7
3333 1738 700 15 700 0.01 0.6
4053 1765 700 15 700 0.01 0.6
6770 2429 700 15 700 0.01 0.6
6360 2422 700 15 700 0.01 0.6
3832 1773 700 15 700 0.01 0.62
1308 1030 700 15 700 0.01 0.62
2498 1404 700 15 700 0.01 0.62
7752 2425 700 15 700 0.01 0.62
3045 1644 700 15 700 0.01 0.64
1415 1107 700 15 700 0.01 0.64
2138 1266 700 15 700 0.01 0.64
7140 1787 700 15 700 0.01 0.64
2587 1556 700 15 700 0.01 0.66
3377 1781 700 15 700 0.01 0.66
6388 2070 700 15 700 0.01 0.66
7546 2324 700 15 700 0.01 0.66
2556 1575 700 15 700 0.01 0.68
1476 1139 700 15 700 0.01 0.68
1641 1187 700 15 700 0.01 0.68
2930 1447 700 15 700 0.01 0.68
1659 1144 700 15 700 0.01 0.7
1715 1168 700 15 700 0.01 0.7
1251 988 700 15 700 0.01 0.7
2234 1366 700 15 700 0.01 0.7
10688 4850 700 15 700 0.015 0.6
13961 5665 700 15 700 0.015 0.6
27640 7849 700 15 700 0.015 0.6
14052 4947 700 15 700 0.015 0.6
3996 2727 700 15 700 0.015 0.62
9925 4407 700 15 700 0.015 0.62
6308 3563 700 15 700 0.015 0.62
10170 5088 700 15 700 0.015 0.62
5429 3244 700 15 700 0.015 0.64
4319 2785 700 15 700 0.015 0.64
5102 3013 700 15 700 0.015 0.64
4919 3131 700 15 700 0.015 0.64
6306 3670 700 15 700 0.015 0.66
4714 2886 700 15 700 0.015 0.66
6492 4041 700 15 700 0.015 0.66
7369 4097 700 15 700 0.015 0.66
4399 2987 700 15 700 0.015 0.68
5820 3389 700 15 700 0.015 0.68
8758 4661 700 15 700 0.015 0.68
6791 3318 700 15 700 0.015 0.68
2964 2233 700 15 700 0.015 0.7
3099 2341 700 15 700 0.015 0.7
4487 2599 700 15 700 0.015 0.7
2862 2203 700 15 700 0.015 0.7
5439 3158 700 20 175 0.005 0.6
5687 3375 700 20 175 0.005 0.6
5837 3395 700 20 175 0.005 0.6
6711 3911 700 20 175 0.005 0.6
6291 2143 700 20 175 0.005 0.62
4667 1762 700 20 175 0.005 0.62
8106 2711 700 20 175 0.005 0.62
4619 2212 700 20 175 0.005 0.62
4035 2570 700 20 175 0.005 0.64
3410 2228 700 20 175 0.005 0.64
4498 2686 700 20 175 0.005 0.64
5193 3105 700 20 175 0.005 0.64
2486 1655 700 20 175 0.005 0.66
1607 1188 700 20 175 0.005 0.66
2590 1774 700 20 175 0.005 0.66
3001 1986 700 20 175 0.005 0.66
2241 1504 700 20 175 0.005 0.68
2842 1888 700 20 175 0.005 0.68
2255 1512 700 20 175 0.005 0.68
3005 1911 700 20 175 0.005 0.68
1571 1084 700 20 175 0.005 0.7
1855 1312 700 20 175 0.005 0.7
2086 1374 700 20 175 0.005 0.7
2162 1369 700 20 175 0.005 0.7
1786 1226 700 20 175 0.01 0.6
2627 1774 700 20 175 0.01 0.6
3583 2217 700 20 175 0.01 0.6
2314 1678 700 20 175 0.01 0.6
2189 1452 700 20 175 0.01 0.62
1355 1006 700 20 175 0.01 0.62
2069 1447 700 20 175 0.01 0.62
1802 1239 700 20 175 0.01 0.62
1485 1104 700 20 175 0.01 0.64
2103 1450 700 20 175 0.01 0.64
2442 1622 700 20 175 0.01 0.64
1633 1182 700 20 175 0.01 0.64
2168 1484 700 20 175 0.01 0.66
1723 1264 700 20 175 0.01 0.66
2732 1831 700 20 175 0.01 0.66
1222 955 700 20 175 0.01 0.66
1237 945 700 20 175 0.01 0.68
905 734 700 20 175 0.01 0.68
1161 879 700 20 175 0.01 0.68
1337 1015 700 20 175 0.01 0.68
914 725 700 20 175 0.01 0.7
1417 1085 700 20 175 0.01 0.7
3633 2343 700 20 175 0.01 0.7
680 621 700 20 175 0.01 0.7
4594 3286 700 20 175 0.015 0.6
8509 5667 700 20 175 0.015 0.6
10766 6848 700 20 175 0.015 0.6
4811 3470 700 20 175 0.015 0.6
4820 2432 700 20 175 0.015 0.62
5049 2665 700 20 175 0.015 0.62
11184 5395 700 20 175 0.015 0.62
2432 2088 700 20 175 0.015 0.62
2987 2262 700 20 175 0.015 0.64
4238 3062 700 20 175 0.015 0.64
4762 3483 700 20 175 0.015 0.64
2922 2293 700 20 175 0.015 0.64
2167 1711 700 20 175 0.015 0.66
2966 2303 700 20 175 0.015 0.66
2877 2274 700 20 175 0.015 0.66
4558 3440 700 20 175 0.015 0.66
3125 2447 700 20 175 0.015 0.68
3579 2852 700 20 175 0.015 0.68
3464 2610 700 20 175 0.015 0.68
3372 2604 700 20 175 0.015 0.68
2652 2219 700 20 175 0.015 0.7
2955 2308 700 20 175 0.015 0.7
3947 3054 700 20 175 0.015 0.7
5908 4470 700 20 175 0.015 0.7
9525 3675 700 20 350 0.005 0.6
8696 3505 700 20 350 0.005 0.6
12374 4222 700 20 350 0.005 0.6
7476 3052 700 20 350 0.005 0.6
6459 2544 700 20 350 0.005 0.62
3587 1907 700 20 350 0.005 0.62
7289 3001 700 20 350 0.005 0.62
5583 2520 700 20 350 0.005 0.62
8366 3190 700 20 350 0.005 0.64
3964 2032 700 20 350 0.005 0.64
7306 2900 700 20 350 0.005 0.64
5222 2361 700 20 350 0.005 0.64
3550 1730 700 20 350 0.005 0.66
2277 1333 700 20 350 0.005 0.66
4441 1957 700 20 350 0.005 0.66
3175 1679 700 20 350 0.005 0.66
2676 1494 700 20 350 0.005 0.68
2924 1695 700 20 350 0.005 0.68
2094 1273 700 20 350 0.005 0.68
3592 1838 700 20 350 0.005 0.68
1430 971 700 20 350 0.005 0.7
1839 1135 700 20 350 0.005 0.7
2554 1231 700 20 350 0.005 0.7
2101 1262 700 20 350 0.005 0.7
3025 1466 700 20 350 0.01 0.6
3048 1690 700 20 350 0.01 0.6
4374 1753 700 20 350 0.01 0.6
3543 1835 700 20 350 0.01 0.6
1472 977 700 20 350 0.01 0.62
1192 858 700 20 350 0.01 0.62
2483 1488 700 20 350 0.01 0.62
1112 873 700 20 350 0.01 0.62
2020 1219 700 20 350 0.01 0.64
1521 1086 700 20 350 0.01 0.64
1454 994 700 20 350 0.01 0.64
2851 1541 700 20 350 0.01 0.64
1181 849 700 20 350 0.01 0.66
1939 1232 700 20 350 0.01 0.66
2081 1096 700 20 350 0.01 0.66
3024 1488 700 20 350 0.01 0.66
1691 1079 700 20 350 0.01 0.68
1420 926 700 20 350 0.01 0.68
1645 1073 700 20 350 0.01 0.68
4034 1750 700 20 350 0.01 0.68
890 683 700 20 350 0.01 0.7
773 601 700 20 350 0.01 0.7
1122 826 700 20 350 0.01 0.7
1399 1028 700 20 350 0.01 0.7
4176 2731 700 20 350 0.015 0.6
4467 3038 700 20 350 0.015 0.6
4598 2931 700 20 350 0.015 0.6
7206 3453 700 20 350 0.015 0.6
1609 1203 700 20 350 0.015 0.62
4299 2836 700 20 350 0.015 0.62
3726 2277 700 20 350 0.015 0.62
3791 2498 700 20 350 0.015 0.62
2262 1676 700 20 350 0.015 0.64
3617 2345 700 20 350 0.015 0.64
1594 1211 700 20 350 0.015 0.64
13965 5780 700 20 350 0.015 0.64
2422 1823 700 20 350 0.015 0.66
1505 1208 700 20 350 0.015 0.66
4692 2888 700 20 350 0.015 0.66
1815 1519 700 20 350 0.015 0.66
1713 1325 700 20 350 0.015 0.68
2302 1775 700 20 350 0.015 0.68
4485 2863 700 20 350 0.015 0.68
3313 2250 700 20 350 0.015 0.68
2487 1846 700 20 350 0.015 0.7
1704 1363 700 20 350 0.015 0.7
1863 1453 700 20 350 0.015 0.7
3213 2404 700 20 350 0.015 0.7
10738 3079 700 20 525 0.005 0.6
16803 3912 700 20 525 0.005 0.6
20314 4590 700 20 525 0.005 0.6
17128 3994 700 20 525 0.005 0.6
5945 2280 700 20 525 0.005 0.62
3607 1762 700 20 525 0.005 0.62
6264 2263 700 20 525 0.005 0.62
11083 3074 700 20 525 0.005 0.62
8330 2582 700 20 525 0.005 0.64
4914 1907 700 20 525 0.005 0.64
8851 2676 700 20 525 0.005 0.64
6474 2190 700 20 525 0.005 0.64
5465 1848 700 20 525 0.005 0.66
2832 1365 700 20 525 0.005 0.66
4366 1576 700 20 525 0.005 0.66
6479 2041 700 20 525 0.005 0.66
3262 1463 700 20 525 0.005 0.68
4509 1769 700 20 525 0.005 0.68
2920 1412 700 20 525 0.005 0.68
5238 1804 700 20 525 0.005 0.68
1893 976 700 20 525 0.005 0.7
1233 814 700 20 525 0.005 0.7
4995 1788 700 20 525 0.005 0.7
2492 1245 700 20 525 0.005 0.7
4907 1711 700 20 525 0.01 0.6
5501 1816 700 20 525 0.01 0.6
8159 2126 700 20 525 0.01 0.6
5421 1787 700 20 525 0.01 0.6
2074 1178 700 20 525 0.01 0.62
2626 1433 700 20 525 0.01 0.62
5298 1745 700 20 525 0.01 0.62
5503 1718 700 20 525 0.01 0.62
3358 1628 700 20 525 0.01 0.64
1940 1120 700 20 525 0.01 0.64
1700 1043 700 20 525 0.01 0.64
4358 1538 700 20 525 0.01 0.64
1536 1077 700 20 525 0.01 0.66
1838 1087 700 20 525 0.01 0.66
4819 1395 700 20 525 0.01 0.66
2222 1231 700 20 525 0.01 0.66
1339 815 700 20 525 0.01 0.68
1701 1017 700 20 525 0.01 0.68
2794 1165 700 20 525 0.01 0.68
1428 946 700 20 525 0.01 0.68
1387 960 700 20 525 0.01 0.7
1147 843 700 20 525 0.01 0.7
1894 1004 700 20 525 0.01 0.7
1117 833 700 20 525 0.01 0.7
7863 3196 700 20 525 0.015 0.6
4687 2488 700 20 525 0.015 0.6
6240 3083 700 20 525 0.015 0.6
7539 3094 700 20 525 0.015 0.6
3907 2192 700 20 525 0.015 0.62
2810 1916 700 20 525 0.015 0.62
10890 3589 700 20 525 0.015 0.62
2260 1711 700 20 525 0.015 0.62
4018 2441 700 20 525 0.015 0.64
3202 2098 700 20 525 0.015 0.64
4075 2438 700 20 525 0.015 0.64
3977 2410 700 20 525 0.015 0.64
1498 1118 700 20 525 0.015 0.66
1567 1183 700 20 525 0.015 0.66
2275 1548 700 20 525 0.015 0.66
2470 1697 700 20 525 0.015 0.66
1892 1313 700 20 525 0.015 0.68
4717 2667 700 20 525 0.015 0.68
2837 1927 700 20 525 0.015 0.68
4862 3015 700 20 525 0.015 0.68
1840 1353 700 20 525 0.015 0.7
2463 1743 700 20 525 0.015 0.7
2134 1517 700 20 525 0.015 0.7
2809 1926 700 20 525 0.015 0.7
26342 4186 700 20 700 0.005 0.6
27976 4459 700 20 700 0.005 0.6
37416 5176 700 20 700 0.005 0.6
19096 3634 700 20 700 0.005 0.6
6118 2020 700 20 700 0.005 0.62
5772 1776 700 20 700 0.005 0.62
11180 2409 700 20 700 0.005 0.62
14728 2889 700 20 700 0.005 0.62
9665 2234 700 20 700 0.005 0.64
10049 2563 700 20 700 0.005 0.64
10193 2505 700 20 700 0.005 0.64
13366 2612 700 20 700 0.005 0.64
7345 1872 700 20 700 0.005 0.66
3074 1339 700 20 700 0.005 0.66
6843 1684 700 20 700 0.005 0.66
4862 1538 700 20 700 0.005 0.66
4363 1275 700 20 700 0.005 0.68
4827 1488 700 20 700 0.005 0.68
6896 1503 700 20 700 0.005 0.68
3145 1327 700 20 700 0.005 0.68
2885 1101 700 20 700 0.005 0.7
2164 1005 700 20 700 0.005 0.7
4308 1411 700 20 700 0.005 0.7
5805 1520 700 20 700 0.005 0.7
3202 1249 700 20 700 0.01 0.6
6147 1660 700 20 700 0.01 0.6
6720 1942 700 20 700 0.01 0.6
5470 1620 700 20 700 0.01 0.6
2241 1086 700 20 700 0.01 0.62
2315 1179 700 20 700 0.01 0.62
6336 1652 700 20 700 0.01 0.62
3163 1578 700 20 700 0.01 0.62
3019 1286 700 20 700 0.01 0.64
2274 1141 700 20 700 0.01 0.64
2863 1415 700 20 700 0.01 0.64
4057 1625 700 20 700 0.01 0.64
2726 1229 700 20 700 0.01 0.66
1934 988 700 20 700 0.01 0.66
2548 1314 700 20 700 0.01 0.66
2583 1291 700 20 700 0.01 0.66
1730 1071 700 20 700 0.01 0.68
2106 1090 700 20 700 0.01 0.68
1265 829 700 20 700 0.01 0.68
3379 1354 700 20 700 0.01 0.68
1378 916 700 20 700 0.01 0.7
956 689 700 20 700 0.01 0.7
3508 1355 700 20 700 0.01 0.7
1028 724 700 20 700 0.01 0.7
19543 5064 700 20 700 0.015 0.6
6429 2316 700 20 700 0.015 0.6
16353 3951 700 20 700 0.015 0.6
12426 3732 700 20 700 0.015 0.6
3234 1896 700 20 700 0.015 0.62
4041 2353 700 20 700 0.015 0.62
13408 3924 700 20 700 0.015 0.62
2296 1604 700 20 700 0.015 0.62
5299 2466 700 20 700 0.015 0.64
2445 1573 700 20 700 0.015 0.64
5041 2480 700 20 700 0.015 0.64
3700 2021 700 20 700 0.015 0.64
2632 1659 700 20 700 0.015 0.66
1770 1263 700 20 700 0.015 0.66
1633 1152 700 20 700 0.015 0.66
3169 1875 700 20 700 0.015 0.66
3616 1946 700 20 700 0.015 0.68
2071 1405 700 20 700 0.015 0.68
4949 2381 700 20 700 0.015 0.68
7009 2861 700 20 700 0.015 0.68
1484 1077 700 20 700 0.015 0.7
1939 1344 700 20 700 0.015 0.7
1519 1077 700 20 700 0.015 0.7
2599 1761 700 20 700 0.015 0.7
13449 4693 700 25 175 0.005 0.6
12779 4609 700 25 175 0.005 0.6
9621 3627 700 25 175 0.005 0.6
20808 7799 700 25 175 0.005 0.6
5588 3003 700 25 175 0.005 0.62
6712 3524 700 25 175 0.005 0.62
7912 4042 700 25 175 0.005 0.62
5022 2729 700 25 175 0.005 0.62
13643 3656 700 25 175 0.005 0.64
9618 2908 700 25 175 0.005 0.64
9363 2596 700 25 175 0.005 0.64
16993 5300 700 25 175 0.005 0.64
2789 1651 700 25 175 0.005 0.66
3527 2046 700 25 175 0.005 0.66
4439 2381 700 25 175 0.005 0.66
4900 2759 700 25 175 0.005 0.66
3952 2214 700 25 175 0.005 0.68
4043 2238 700 25 175 0.005 0.68
5034 2675 700 25 175 0.005 0.68
2975 1757 700 25 175 0.005 0.68
2352 1374 700 25 175 0.005 0.7
2334 1451 700 25 175 0.005 0.7
4453 2368 700 25 175 0.005 0.7
3148 1838 700 25 175 0.005 0.7
3219 1794 700 25 175 0.01 0.6
1958 1214 700 25 175 0.01 0.6
2689 1584 700 25 175 0.01 0.6
2553 1514 700 25 175 0.01 0.6
1816 1143 700 25 175 0.01 0.62
2284 1365 700 25 175 0.01 0.62
2815 1642 700 25 175 0.01 0.62
2760 1631 700 25 175 0.01 0.62
1881 1141 700 25 175 0.01 0.64
1787 1126 700 25 175 0.01 0.64
2947 1676 700 25 175 0.01 0.64
2370 1452 700 25 175 0.01 0.64
1730 1084 700 25 175 0.01 0.66
1311 851 700 25 175 0.01 0.66
1677 1030 700 25 175 0.01 0.66
1669 1053 700 25 175 0.01 0.66
1239 814 700 25 175 0.01 0.68
1352 887 700 25 175 0.01 0.68
1169 777 700 25 175 0.01 0.68
2725 1607 700 25 175 0.01 0.68
1173 791 700 25 175 0.01 0.7
1518 964 700 25 175 0.01 0.7
1878 1172 700 25 175 0.01 0.7
921 649 700 25 175 0.01 0.7
2319 1460 700 25 175 0.015 0.6
3461 2148 700 25 175 0.015 0.6
4930 2967 700 25 175 0.015 0.6
2674 1831 700 25 175 0.015 0.6
3068 1845 700 25 175 0.015 0.62
1513 1049 700 25 175 0.015 0.62
3274 2091 700 25 175 0.015 0.62
2226 1508 700 25 175 0.015 0.62
2853 1871 700 25 175 0.015 0.64
3218 2032 700 25 175 0.015 0.64
8143 4650 700 25 175 0.015 0.64
2983 2085 700 25 175 0.015 0.64
1808 1210 700 25 175 0.015 0.66
6111 1860 700 25 175 0.015 0.66
4158 2038 700 25 175 0.015 0.66
5224 2091 700 25 175 0.015 0.66
1803 1230 700 25 175 0.015 0.68
1406 1003 700 25 175 0.015 0.68
2806 1801 700 25 175 0.015 0.68
1651 1229 700 25 175 0.015 0.68
8697 2219 700 25 175 0.015 0.7
2967 1566 700 25 175 0.015 0.7
8627 2304 700 25 175 0.015 0.7
4980 2676 700 25 175 0.015 0.7
20645 6087 700 25 350 0.005 0.6
12237 4389 700 25 350 0.005 0.6
16264 5172 700 25 350 0.005 0.6
22415 6402 700 25 350 0.005 0.6
7310 2769 700 25 350 0.005 0.62
5057 2229 700 25 350 0.005 0.62
13588 4225 700 25 350 0.005 0.62
6303 2484 700 25 350 0.005 0.62
6737 2751 700 25 350 0.005 0.64
12326 4251 700 25 350 0.005 0.64
9331 3270 700 25 350 0.005 0.64
12939 4014 700 25 350 0.005 0.64
4662 2043 700 25 350 0.005 0.66
5154 2125 700 25 350 0.005 0.66
7494 2718 700 25 350 0.005 0.66
4112 1759 700 25 350 0.005 0.66
4511 2081 700 25 350 0.005 0.68
6596 2569 700 25 350 0.005 0.68
8018 2875 700 25 350 0.005 0.68
5896 2464 700 25 350 0.005 0.68
2632 1442 700 25 350 0.005 0.7
2598 1426 700 25 350 0.005 0.7
2908 1523 700 25 350 0.005 0.7
2352 1229 700 25 350 0.005 0.7
5694 1479 700 25 350 0.01 0.6
6607 1863 700 25 350 0.01 0.6
6256 1665 700 25 350 0.01 0.6
6081 1732 700 25 350 0.01 0.6
2418 1152 700 25 350 0.01 0.62
3124 1343 700 25 350 0.01 0.62
2473 1345 700 25 350 0.01 0.62
3422 1422 700 25 350 0.01 0.62
4638 1858 700 25 350 0.01 0.64
1797 1003 700 25 350 0.01 0.64
3191 1419 700 25 350 0.01 0.64
3309 1494 700 25 350 0.01 0.64
2603 1160 700 25 350 0.01 0.66
1629 956 700 25 350 0.01 0.66
2325 1311 700 25 350 0.01 0.66
1930 1099 700 25 350 0.01 0.66
1113 722 700 25 350 0.01 0.68
1558 954 700 25 350 0.01 0.68
1578 925 700 25 350 0.01 0.68
1621 988 700 25 350 0.01 0.68
2611 782 700 25 350 0.01 0.7
2986 798 700 25 350 0.01 0.7
3262 934 700 25 350 0.01 0.7
4412 1385 700 25 350 0.01 0.7
3591 2125 700 25 350 0.015 0.6
2150 1345 700 25 350 0.015 0.6
3632 2055 700 25 350 0.015 0.6
3703 2160 700 25 350 0.015 0.6
3656 2039 700 25 350 0.015 0.62
3750 2047 700 25 350 0.015 0.62
5182 2450 700 25 350 0.015 0.62
2489 1359 700 25 350 0.015 0.62
2314 1494 700 25 350 0.015 0.64
2156 1386 700 25 350 0.015 0.64
2969 1735 700 25 350 0.015 0.64
3727 2169 700 25 350 0.015 0.64
3232 1893 700 25 350 0.015 0.66
1687 1147 700 25 350 0.015 0.66
1420 951 700 25 350 0.015 0.66
3681 2097 700 25 350 0.015 0.66
1803 1197 700 25 350 0.015 0.68
1477 983 700 25 350 0.015 0.68
8812 3731 700 25 350 0.015 0.68
2367 1614 700 25 350 0.015 0.68
1278 876 700 25 350 0.015 0.7
1759 1181 700 25 350 0.015 0.7
1143 773 700 25 350 0.015 0.7
3442 2031 700 25 350 0.015 0.7
21707 4851 700 25 525 0.005 0.6
25932 5234 700 25 525 0.005 0.6
25251 5027 700 25 525 0.005 0.6
41918 7213 700 25 525 0.005 0.6
11187 3005 700 25 525 0.005 0.62
12125 3303 700 25 525 0.005 0.62
11313 2941 700 25 525 0.005 0.62
19860 4052 700 25 525 0.005 0.62
12445 2796 700 25 525 0.005 0.64
12549 3107 700 25 525 0.005 0.64
20346 4343 700 25 525 0.005 0.64
8865 2800 700 25 525 0.005 0.64
4959 1785 700 25 525 0.005 0.66
8353 2261 700 25 525 0.005 0.66
9172 2606 700 25 525 0.005 0.66
8770 2546 700 25 525 0.005 0.66
7144 2324 700 25 525 0.005 0.68
3127 1373 700 25 525 0.005 0.68
5699 2068 700 25 525 0.005 0.68
7308 2381 700 25 525 0.005 0.68
3471 1348 700 25 525 0.005 0.7
4640 1676 700 25 525 0.005 0.7
5699 1829 700 25 525 0.005 0.7
6893 1944 700 25 525 0.005 0.7
4587 1721 700 25 525 0.01 0.6
2479 1207 700 25 525 0.01 0.6
6581 2021 700 25 525 0.01 0.6
4330 1615 700 25 525 0.01 0.6
2491 1191 700 25 525 0.01 0.62
2632 1253 700 25 525 0.01 0.62
2340 1102 700 25 525 0.01 0.62
3287 1355 700 25 525 0.01 0.62
3250 1278 700 25 525 0.01 0.64
2257 996 700 25 525 0.01 0.64
3147 1226 700 25 525 0.01 0.64
3398 1248 700 25 525 0.01 0.64
2455 1167 700 25 525 0.01 0.66
1592 849 700 25 525 0.01 0.66
1728 928 700 25 525 0.01 0.66
2765 1208 700 25 525 0.01 0.66
2280 1201 700 25 525 0.01 0.68
1786 880 700 25 525 0.01 0.68
2036 889 700 25 525 0.01 0.68
6306 1703 700 25 525 0.01 0.68
2067 754 700 25 525 0.01 0.7
3614 1103 700 25 525 0.01 0.7
3914 1216 700 25 525 0.01 0.7
2890 1161 700 25 525 0.01 0.7
3877 1927 700 25 525 0.015 0.6
2807 1661 700 25 525 0.015 0.6
5993 2418 700 25 525 0.015 0.6
7409 2944 700 25 525 0.015 0.6
2418 1438 700 25 525 0.015 0.62
3358 1810 700 25 525 0.015 0.62
2577 1415 700 25 525 0.015 0.62
3317 1955 700 25 525 0.015 0.62
3168 1753 700 25 525 0.015 0.64
2805 1662 700 25 525 0.015 0.64
2362 1379 700 25 525 0.015 0.64
3845 1927 700 25 525 0.015 0.64
1430 918 700 25 525 0.015 0.66
3070 1486 700 25 525 0.015 0.66
3225 1612 700 25 525 0.015 0.66
1837 1147 700 25 525 0.015 0.66
1670 1056 700 25 525 0.015 0.68
1477 967 700 25 525 0.015 0.68
1883 1211 700 25 525 0.015 0.68
3316 1707 700 25 525 0.015 0.68
1340 855 700 25 525 0.015 0.7
1761 1112 700 25 525 0.015 0.7
2497 1473 700 25 525 0.015 0.7
1997 1284 700 25 525 0.015 0.7
33594 5023 700 25 700 0.005 0.6
35321 5257 700 25 700 0.005 0.6
68854 7600 700 25 700 0.005 0.6
43906 6032 700 25 700 0.005 0.6
29976 4443 700 25 700 0.005 0.62
19290 3343 700 25 700 0.005 0.62
32596 4646 700 25 700 0.005 0.62
36152 5128 700 25 700 0.005 0.62
16000 2888 700 25 700 0.005 0.64
24233 3827 700 25 700 0.005 0.64
24370 3785 700 25 700 0.005 0.64
17376 3568 700 25 700 0.005 0.64
7785 2219 700 25 700 0.005 0.66
9555 2244 700 25 700 0.005 0.66
13776 2641 700 25 700 0.005 0.66
10051 2252 700 25 700 0.005 0.66
7402 1635 700 25 700 0.005 0.68
11136 2652 700 25 700 0.005 0.68
13941 2558 700 25 700 0.005 0.68
5629 1810 700 25 700 0.005 0.68
7830 1897 700 25 700 0.005 0.7
2773 1059 700 25 700 0.005 0.7
8401 1895 700 25 700 0.005 0.7
5225 1430 700 25 700 0.005 0.7
8874 1930 700 25 700 0.01 0.6
4593 1473 700 25 700 0.01 0.6
7309 1911 700 25 700 0.01 0.6
8966 2070 700 25 700 0.01 0.6
4732 1405 700 25 700 0.01 0.62
2780 1166 700 25 700 0.01 0.62
4423 1524 700 25 700 0.01 0.62
6428 1781 700 25 700 0.01 0.62
3026 1301 700 25 700 0.01 0.64
9090 1795 700 25 700 0.01 0.64
5169 1554 700 25 700 0.01 0.64
7137 1718 700 25 700 0.01 0.64
2282 1080 700 25 700 0.01 0.66
2311 881 700 25 700 0.01 0.66
5089 1409 700 25 700 0.01 0.66
5904 1467 700 25 700 0.01 0.66
2281 957 700 25 700 0.01 0.68
3059 1110 700 25 700 0.01 0.68
3634 1190 700 25 700 0.01 0.68
8228 1714 700 25 700 0.01 0.68
1800 934 700 25 700 0.01 0.7
2384 1055 700 25 700 0.01 0.7
1683 848 700 25 700 0.01 0.7
2681 1096 700 25 700 0.01 0.7
4333 1953 700 25 700 0.015 0.6
3973 1893 700 25 700 0.015 0.6
5031 2400 700 25 700 0.015 0.6
6828 2505 700 25 700 0.015 0.6
5561 2100 700 25 700 0.015 0.62
2126 1241 700 25 700 0.015 0.62
7454 2656 700 25 700 0.015 0.62
5089 2312 700 25 700 0.015 0.62
3984 1945 700 25 700 0.015 0.64
4640 1969 700 25 700 0.015 0.64
6867 2481 700 25 700 0.015 0.64
3637 1822 700 25 700 0.015 0.64
2037 1174 700 25 700 0.015 0.66
1974 1199 700 25 700 0.015 0.66
2626 1508 700 25 700 0.015 0.66
2503 1467 700 25 700 0.015 0.66
1778 1042 700 25 700 0.015 0.68
1841 1079 700 25 700 0.015 0.68
3221 1721 700 25 700 0.015 0.68
1842 1174 700 25 700 0.015 0.68
2101 1269 700 25 700 0.015 0.7
1869 1081 700 25 700 0.015 0.7
2101 1266 700 25 700 0.015 0.7
2048 1182 700 25 700 0.015 0.7
