76 1 20 1000 100 0.02 0.5
15 1 20 1000 100 0.02 0.5
9 1 20 1000 100 0.02 0.52
10 1 20 1000 100 0.02 0.52
7 1 20 1000 100 0.02 0.54
6 1 20 1000 100 0.02 0.54
5 1 20 1000 100 0.02 0.56
9 1 20 1000 100 0.02 0.56
8 1 20 1000 100 0.02 0.58
9 1 20 1000 100 0.02 0.58
9 1 20 1000 100 0.02 0.6
7 1 20 1000 100 0.02 0.6
9 1 20 1000 100 0.02 0.62
5 1 20 1000 100 0.02 0.62
5 1 20 1000 100 0.02 0.64
5 1 20 1000 100 0.02 0.64
4 1 20 1000 100 0.02 0.66
5 1 20 1000 100 0.02 0.66
7 1 20 1000 100 0.02 0.68
7 1 20 1000 100 0.02 0.68
6 1 20 1000 100 0.02 0.7
7 1 20 1000 100 0.02 0.7
4 1 20 1000 100 0.04 0.5
5 1 20 1000 100 0.04 0.5
4 1 20 1000 100 0.04 0.52
4 1 20 1000 100 0.04 0.52
4 1 20 1000 100 0.04 0.54
5 1 20 1000 100 0.04 0.54
6 1 20 1000 100 0.04 0.56
4 1 20 1000 100 0.04 0.56
4 1 20 1000 100 0.04 0.58
5 1 20 1000 100 0.04 0.58
4 1 20 1000 100 0.04 0.6
4 1 20 1000 100 0.04 0.6
4 1 20 1000 100 0.04 0.62
5 1 20 1000 100 0.04 0.62
6 1 20 1000 100 0.04 0.64
7 1 20 1000 100 0.04 0.64
6 1 20 1000 100 0.04 0.66
7 1 20 1000 100 0.04 0.66
7 1 20 1000 100 0.04 0.68
7 1 20 1000 100 0.04 0.68
8 1 20 1000 100 0.04 0.7
5 1 20 1000 100 0.04 0.7
4 1 20 1000 100 0.06 0.5
5 1 20 1000 100 0.06 0.5
4 1 20 1000 100 0.06 0.52
4 1 20 1000 100 0.06 0.52
4 1 20 1000 100 0.06 0.54
4 1 20 1000 100 0.06 0.54
4 1 20 1000 100 0.06 0.56
4 1 20 1000 100 0.06 0.56
4 1 20 1000 100 0.06 0.58
4 1 20 1000 100 0.06 0.58
5 1 20 1000 100 0.06 0.6
4 1 20 1000 100 0.06 0.6
5 1 20 1000 100 0.06 0.62
4 1 20 1000 100 0.06 0.62
5 1 20 1000 100 0.06 0.64
4 1 20 1000 100 0.06 0.64
4 1 20 1000 100 0.06 0.66
5 1 20 1000 100 0.06 0.66
5 1 20 1000 100 0.06 0.68
5 1 20 1000 100 0.06 0.68
5 1 20 1000 100 0.06 0.7
5 1 20 1000 100 0.06 0.7
4 1 20 1000 100 0.08 0.5
5 1 20 1000 100 0.08 0.5
4 1 20 1000 100 0.08 0.52
5 1 20 1000 100 0.08 0.52
4 1 20 1000 100 0.08 0.54
5 1 20 1000 100 0.08 0.54
7 1 20 1000 100 0.08 0.56
6 1 20 1000 100 0.08 0.56
6 1 20 1000 100 0.08 0.58
7 1 20 1000 100 0.08 0.58
7 1 20 1000 100 0.08 0.6
6 1 20 1000 100 0.08 0.6
7 1 20 1000 100 0.08 0.62
6 1 20 1000 100 0.08 0.62
6 1 20 1000 100 0.08 0.64
7 1 20 1000 100 0.08 0.64
6 1 20 1000 100 0.08 0.66
8 1 20 1000 100 0.08 0.66
7 1 20 1000 100 0.08 0.68
6 1 20 1000 100 0.08 0.68
4 1 20 1000 100 0.08 0.7
5 1 20 1000 100 0.08 0.7
4 1 20 1000 100 0.1 0.5
4 1 20 1000 100 0.1 0.5
4 1 20 1000 100 0.1 0.52
4 1 20 1000 100 0.1 0.52
4 1 20 1000 100 0.1 0.54
4 1 20 1000 100 0.1 0.54
5 1 20 1000 100 0.1 0.56
3 1 20 1000 100 0.1 0.56
4 1 20 1000 100 0.1 0.58
4 1 20 1000 100 0.1 0.58
4 1 20 1000 100 0.1 0.6
5 1 20 1000 100 0.1 0.6
4 1 20 1000 100 0.1 0.62
5 1 20 1000 100 0.1 0.62
5 1 20 1000 100 0.1 0.64
4 1 20 1000 100 0.1 0.64
5 1 20 1000 100 0.1 0.66
4 1 20 1000 100 0.1 0.66
5 1 20 1000 100 0.1 0.68
5 1 20 1000 100 0.1 0.68
5 1 20 1000 100 0.1 0.7
7 2 20 1000 100 0.1 0.7
4 1 20 1000 100 0.12 0.5
4 1 20 1000 100 0.12 0.5
5 1 20 1000 100 0.12 0.52
4 1 20 1000 100 0.12 0.52
4 1 20 1000 100 0.12 0.54
4 1 20 1000 100 0.12 0.54
4 1 20 1000 100 0.12 0.56
4 1 20 1000 100 0.12 0.56
4 1 20 1000 100 0.12 0.58
4 1 20 1000 100 0.12 0.58
5 1 20 1000 100 0.12 0.6
4 1 20 1000 100 0.12 0.6
5 1 20 1000 100 0.12 0.62
4 1 20 1000 100 0.12 0.62
4 1 20 1000 100 0.12 0.64
4 1 20 1000 100 0.12 0.64
5 1 20 1000 100 0.12 0.66
4 1 20 1000 100 0.12 0.66
5 1 20 1000 100 0.12 0.68
4 1 20 1000 100 0.12 0.68
5 1 20 1000 100 0.12 0.7
5 1 20 1000 100 0.12 0.7
4 1 20 1000 100 0.14 0.5
2 0 20 1000 100 0.14 0.5
4 1 20 1000 100 0.14 0.52
4 1 20 1000 100 0.14 0.52
4 1 20 1000 100 0.14 0.54
4 1 20 1000 100 0.14 0.54
4 1 20 1000 100 0.14 0.56
4 1 20 1000 100 0.14 0.56
4 1 20 1000 100 0.14 0.58
4 1 20 1000 100 0.14 0.58
4 1 20 1000 100 0.14 0.6
5 1 20 1000 100 0.14 0.6
4 1 20 1000 100 0.14 0.62
5 1 20 1000 100 0.14 0.62
5 1 20 1000 100 0.14 0.64
5 1 20 1000 100 0.14 0.64
5 1 20 1000 100 0.14 0.66
5 1 20 1000 100 0.14 0.66
6 1 20 1000 100 0.14 0.68
4 1 20 1000 100 0.14 0.68
5 1 20 1000 100 0.14 0.7
5 1 20 1000 100 0.14 0.7
4 1 20 1000 100 0.16 0.5
4 1 20 1000 100 0.16 0.5
4 1 20 1000 100 0.16 0.52
4 1 20 1000 100 0.16 0.52
5 1 20 1000 100 0.16 0.54
4 1 20 1000 100 0.16 0.54
4 1 20 1000 100 0.16 0.56
4 1 20 1000 100 0.16 0.56
4 1 20 1000 100 0.16 0.58
4 1 20 1000 100 0.16 0.58
4 1 20 1000 100 0.16 0.6
5 1 20 1000 100 0.16 0.6
5 1 20 1000 100 0.16 0.62
4 1 20 1000 100 0.16 0.62
5 1 20 1000 100 0.16 0.64
4 1 20 1000 100 0.16 0.64
5 1 20 1000 100 0.16 0.66
4 1 20 1000 100 0.16 0.66
5 1 20 1000 100 0.16 0.68
4 1 20 1000 100 0.16 0.68
8 2 20 1000 100 0.16 0.7
4 1 20 1000 100 0.16 0.7
4 1 20 1000 100 0.18 0.5
4 1 20 1000 100 0.18 0.5
4 1 20 1000 100 0.18 0.52
4 1 20 1000 100 0.18 0.52
4 1 20 1000 100 0.18 0.54
4 1 20 1000 100 0.18 0.54
4 1 20 1000 100 0.18 0.56
4 1 20 1000 100 0.18 0.56
5 1 20 1000 100 0.18 0.58
4 1 20 1000 100 0.18 0.58
5 1 20 1000 100 0.18 0.6
4 1 20 1000 100 0.18 0.6
4 1 20 1000 100 0.18 0.62
5 1 20 1000 100 0.18 0.62
4 1 20 1000 100 0.18 0.64
4 1 20 1000 100 0.18 0.64
5 1 20 1000 100 0.18 0.66
5 1 20 1000 100 0.18 0.66
5 1 20 1000 100 0.18 0.68
4 1 20 1000 100 0.18 0.68
5 1 20 1000 100 0.18 0.7
5 1 20 1000 100 0.18 0.7
4 1 20 1000 100 0.2 0.5
4 1 20 1000 100 0.2 0.5
4 1 20 1000 100 0.2 0.52
4 1 20 1000 100 0.2 0.52
4 1 20 1000 100 0.2 0.54
5 1 20 1000 100 0.2 0.54
4 1 20 1000 100 0.2 0.56
4 1 20 1000 100 0.2 0.56
4 1 20 1000 100 0.2 0.58
4 1 20 1000 100 0.2 0.58
4 1 20 1000 100 0.2 0.6
4 1 20 1000 100 0.2 0.6
5 1 20 1000 100 0.2 0.62
4 1 20 1000 100 0.2 0.62
4 1 20 1000 100 0.2 0.64
5 1 20 1000 100 0.2 0.64
5 1 20 1000 100 0.2 0.66
4 1 20 1000 100 0.2 0.66
7 2 20 1000 100 0.2 0.68
6 1 20 1000 100 0.2 0.68
8 2 20 1000 100 0.2 0.7
5 1 20 1000 100 0.2 0.7
4 1 20 1000 100 0.22 0.5
4 1 20 1000 100 0.22 0.5
5 1 20 1000 100 0.22 0.52
4 1 20 1000 100 0.22 0.52
4 1 20 1000 100 0.22 0.54
4 1 20 1000 100 0.22 0.54
4 1 20 1000 100 0.22 0.56
4 1 20 1000 100 0.22 0.56
5 1 20 1000 100 0.22 0.58
4 1 20 1000 100 0.22 0.58
4 1 20 1000 100 0.22 0.6
5 1 20 1000 100 0.22 0.6
5 1 20 1000 100 0.22 0.62
5 1 20 1000 100 0.22 0.62
5 1 20 1000 100 0.22 0.64
5 1 20 1000 100 0.22 0.64
5 1 20 1000 100 0.22 0.66
4 1 20 1000 100 0.22 0.66
6 1 20 1000 100 0.22 0.68
4 1 20 1000 100 0.22 0.68
5 1 20 1000 100 0.22 0.7
8 2 20 1000 100 0.22 0.7
4 1 20 1000 100 0.24 0.5
4 1 20 1000 100 0.24 0.5
4 1 20 1000 100 0.24 0.52
4 1 20 1000 100 0.24 0.52
4 1 20 1000 100 0.24 0.54
4 1 20 1000 100 0.24 0.54
4 1 20 1000 100 0.24 0.56
4 1 20 1000 100 0.24 0.56
5 1 20 1000 100 0.24 0.58
4 1 20 1000 100 0.24 0.58
5 1 20 1000 100 0.24 0.6
4 1 20 1000 100 0.24 0.6
5 1 20 1000 100 0.24 0.62
4 1 20 1000 100 0.24 0.62
4 1 20 1000 100 0.24 0.64
5 1 20 1000 100 0.24 0.64
5 1 20 1000 100 0.24 0.66
5 1 20 1000 100 0.24 0.66
5 1 20 1000 100 0.24 0.68
5 1 20 1000 100 0.24 0.68
4 1 20 1000 100 0.24 0.7
5 1 20 1000 100 0.24 0.7
4 1 20 1000 100 0.26 0.5
4 1 20 1000 100 0.26 0.5
4 1 20 1000 100 0.26 0.52
4 1 20 1000 100 0.26 0.52
4 1 20 1000 100 0.26 0.54
4 1 20 1000 100 0.26 0.54
4 1 20 1000 100 0.26 0.56
4 1 20 1000 100 0.26 0.56
4 1 20 1000 100 0.26 0.58
5 1 20 1000 100 0.26 0.58
4 1 20 1000 100 0.26 0.6
5 1 20 1000 100 0.26 0.6
5 1 20 1000 100 0.26 0.62
4 1 20 1000 100 0.26 0.62
4 1 20 1000 100 0.26 0.64
5 1 20 1000 100 0.26 0.64
5 1 20 1000 100 0.26 0.66
4 1 20 1000 100 0.26 0.66
7 2 20 1000 100 0.26 0.68
4 1 20 1000 100 0.26 0.68
5 1 20 1000 100 0.26 0.7
4 1 20 1000 100 0.26 0.7
4 1 20 1000 100 0.28 0.5
4 1 20 1000 100 0.28 0.5
4 1 20 1000 100 0.28 0.52
4 1 20 1000 100 0.28 0.52
4 1 20 1000 100 0.28 0.54
4 1 20 1000 100 0.28 0.54
4 1 20 1000 100 0.28 0.56
4 1 20 1000 100 0.28 0.56
5 1 20 1000 100 0.28 0.58
4 1 20 1000 100 0.28 0.58
4 1 20 1000 100 0.28 0.6
5 1 20 1000 100 0.28 0.6
5 1 20 1000 100 0.28 0.62
4 1 20 1000 100 0.28 0.62
4 1 20 1000 100 0.28 0.64
5 1 20 1000 100 0.28 0.64
5 1 20 1000 100 0.28 0.66
4 1 20 1000 100 0.28 0.66
5 1 20 1000 100 0.28 0.68
7 2 20 1000 100 0.28 0.68
5 1 20 1000 100 0.28 0.7
5 1 20 1000 100 0.28 0.7
5 1 20 1000 100 0.3 0.5
4 1 20 1000 100 0.3 0.5
4 1 20 1000 100 0.3 0.52
4 1 20 1000 100 0.3 0.52
4 1 20 1000 100 0.3 0.54
5 1 20 1000 100 0.3 0.54
4 1 20 1000 100 0.3 0.56
4 1 20 1000 100 0.3 0.56
4 1 20 1000 100 0.3 0.58
4 1 20 1000 100 0.3 0.58
4 1 20 1000 100 0.3 0.6
5 1 20 1000 100 0.3 0.6
5 1 20 1000 100 0.3 0.62
4 1 20 1000 100 0.3 0.62
4 1 20 1000 100 0.3 0.64
5 1 20 1000 100 0.3 0.64
5 1 20 1000 100 0.3 0.66
5 1 20 1000 100 0.3 0.66
5 1 20 1000 100 0.3 0.68
5 1 20 1000 100 0.3 0.68
8 2 20 1000 100 0.3 0.7
5 1 20 1000 100 0.3 0.7
4 1 20 1000 1000 0.02 0.5
5 1 20 1000 1000 0.02 0.5
5 1 20 1000 1000 0.02 0.52
4 1 20 1000 1000 0.02 0.52
4 1 20 1000 1000 0.02 0.54
4 1 20 1000 1000 0.02 0.54
4 1 20 1000 1000 0.02 0.56
4 1 20 1000 1000 0.02 0.56
4 1 20 1000 1000 0.02 0.58
5 1 20 1000 1000 0.02 0.58
5 1 20 1000 1000 0.02 0.6
4 1 20 1000 1000 0.02 0.6
5 1 20 1000 1000 0.02 0.62
5 1 20 1000 1000 0.02 0.62
4 1 20 1000 1000 0.02 0.64
5 1 20 1000 1000 0.02 0.64
4 1 20 1000 1000 0.02 0.66
5 1 20 1000 1000 0.02 0.66
5 1 20 1000 1000 0.02 0.68
5 1 20 1000 1000 0.02 0.68
9 2 20 1000 1000 0.02 0.7
6 1 20 1000 1000 0.02 0.7
5 1 20 1000 1000 0.04 0.5
4 1 20 1000 1000 0.04 0.5
4 1 20 1000 1000 0.04 0.52
4 1 20 1000 1000 0.04 0.52
4 1 20 1000 1000 0.04 0.54
5 1 20 1000 1000 0.04 0.54
4 1 20 1000 1000 0.04 0.56
5 1 20 1000 1000 0.04 0.56
5 1 20 1000 1000 0.04 0.58
4 1 20 1000 1000 0.04 0.58
5 1 20 1000 1000 0.04 0.6
4 1 20 1000 1000 0.04 0.6
5 1 20 1000 1000 0.04 0.62
5 1 20 1000 1000 0.04 0.62
5 1 20 1000 1000 0.04 0.64
5 1 20 1000 1000 0.04 0.64
5 1 20 1000 1000 0.04 0.66
6 1 20 1000 1000 0.04 0.66
6 1 20 1000 1000 0.04 0.68
5 1 20 1000 1000 0.04 0.68
5 1 20 1000 1000 0.04 0.7
6 1 20 1000 1000 0.04 0.7
5 1 20 1000 1000 0.06 0.5
4 1 20 1000 1000 0.06 0.5
5 1 20 1000 1000 0.06 0.52
4 1 20 1000 1000 0.06 0.52
4 1 20 1000 1000 0.06 0.54
6 1 20 1000 1000 0.06 0.54
4 1 20 1000 1000 0.06 0.56
4 1 20 1000 1000 0.06 0.56
4 1 20 1000 1000 0.06 0.58
4 1 20 1000 1000 0.06 0.58
5 1 20 1000 1000 0.06 0.6
4 1 20 1000 1000 0.06 0.6
4 1 20 1000 1000 0.06 0.62
5 1 20 1000 1000 0.06 0.62
5 1 20 1000 1000 0.06 0.64
5 1 20 1000 1000 0.06 0.64
5 1 20 1000 1000 0.06 0.66
5 1 20 1000 1000 0.06 0.66
5 1 20 1000 1000 0.06 0.68
5 1 20 1000 1000 0.06 0.68
7 1 20 1000 1000 0.06 0.7
5 1 20 1000 1000 0.06 0.7
4 1 20 1000 1000 0.08 0.5
4 1 20 1000 1000 0.08 0.5
4 1 20 1000 1000 0.08 0.52
6 1 20 1000 1000 0.08 0.52
5 1 20 1000 1000 0.08 0.54
4 1 20 1000 1000 0.08 0.54
4 1 20 1000 1000 0.08 0.56
5 1 20 1000 1000 0.08 0.56
5 1 20 1000 1000 0.08 0.58
4 1 20 1000 1000 0.08 0.58
4 1 20 1000 1000 0.08 0.6
5 1 20 1000 1000 0.08 0.6
4 1 20 1000 1000 0.08 0.62
5 1 20 1000 1000 0.08 0.62
4 1 20 1000 1000 0.08 0.64
5 1 20 1000 1000 0.08 0.64
5 1 20 1000 1000 0.08 0.66
5 1 20 1000 1000 0.08 0.66
5 1 20 1000 1000 0.08 0.68
5 1 20 1000 1000 0.08 0.68
5 1 20 1000 1000 0.08 0.7
6 1 20 1000 1000 0.08 0.7
4 1 20 1000 1000 0.1 0.5
4 1 20 1000 1000 0.1 0.5
5 1 20 1000 1000 0.1 0.52
4 1 20 1000 1000 0.1 0.52
4 1 20 1000 1000 0.1 0.54
5 1 20 1000 1000 0.1 0.54
4 1 20 1000 1000 0.1 0.56
5 1 20 1000 1000 0.1 0.56
5 1 20 1000 1000 0.1 0.58
4 1 20 1000 1000 0.1 0.58
4 1 20 1000 1000 0.1 0.6
5 1 20 1000 1000 0.1 0.6
4 1 20 1000 1000 0.1 0.62
5 1 20 1000 1000 0.1 0.62
5 1 20 1000 1000 0.1 0.64
5 1 20 1000 1000 0.1 0.64
5 1 20 1000 1000 0.1 0.66
6 1 20 1000 1000 0.1 0.66
6 1 20 1000 1000 0.1 0.68
6 1 20 1000 1000 0.1 0.68
11 2 20 1000 1000 0.1 0.7
5 1 20 1000 1000 0.1 0.7
5 1 20 1000 1000 0.12 0.5
4 1 20 1000 1000 0.12 0.5
4 1 20 1000 1000 0.12 0.52
4 1 20 1000 1000 0.12 0.52
4 1 20 1000 1000 0.12 0.54
5 1 20 1000 1000 0.12 0.54
4 1 20 1000 1000 0.12 0.56
5 1 20 1000 1000 0.12 0.56
5 1 20 1000 1000 0.12 0.58
5 1 20 1000 1000 0.12 0.58
5 1 20 1000 1000 0.12 0.6
4 1 20 1000 1000 0.12 0.6
5 1 20 1000 1000 0.12 0.62
4 1 20 1000 1000 0.12 0.62
5 1 20 1000 1000 0.12 0.64
5 1 20 1000 1000 0.12 0.64
5 1 20 1000 1000 0.12 0.66
5 1 20 1000 1000 0.12 0.66
5 1 20 1000 1000 0.12 0.68
5 1 20 1000 1000 0.12 0.68
5 1 20 1000 1000 0.12 0.7
6 1 20 1000 1000 0.12 0.7
4 1 20 1000 1000 0.14 0.5
5 1 20 1000 1000 0.14 0.5
5 1 20 1000 1000 0.14 0.52
4 1 20 1000 1000 0.14 0.52
4 1 20 1000 1000 0.14 0.54
4 1 20 1000 1000 0.14 0.54
9 1 20 1000 1000 0.14 0.56
4 1 20 1000 1000 0.14 0.56
4 1 20 1000 1000 0.14 0.58
5 1 20 1000 1000 0.14 0.58
4 1 20 1000 1000 0.14 0.6
6 1 20 1000 1000 0.14 0.6
5 1 20 1000 1000 0.14 0.62
4 1 20 1000 1000 0.14 0.62
5 1 20 1000 1000 0.14 0.64
4 1 20 1000 1000 0.14 0.64
5 1 20 1000 1000 0.14 0.66
5 1 20 1000 1000 0.14 0.66
5 1 20 1000 1000 0.14 0.68
5 1 20 1000 1000 0.14 0.68
5 1 20 1000 1000 0.14 0.7
7 1 20 1000 1000 0.14 0.7
5 1 20 1000 1000 0.16 0.5
5 1 20 1000 1000 0.16 0.5
5 1 20 1000 1000 0.16 0.52
4 1 20 1000 1000 0.16 0.52
4 1 20 1000 1000 0.16 0.54
4 1 20 1000 1000 0.16 0.54
4 1 20 1000 1000 0.16 0.56
5 1 20 1000 1000 0.16 0.56
5 1 20 1000 1000 0.16 0.58
4 1 20 1000 1000 0.16 0.58
4 1 20 1000 1000 0.16 0.6
4 1 20 1000 1000 0.16 0.6
5 1 20 1000 1000 0.16 0.62
4 1 20 1000 1000 0.16 0.62
5 1 20 1000 1000 0.16 0.64
5 1 20 1000 1000 0.16 0.64
5 1 20 1000 1000 0.16 0.66
5 1 20 1000 1000 0.16 0.66
5 1 20 1000 1000 0.16 0.68
5 1 20 1000 1000 0.16 0.68
5 1 20 1000 1000 0.16 0.7
6 1 20 1000 1000 0.16 0.7
5 1 20 1000 1000 0.18 0.5
4 1 20 1000 1000 0.18 0.5
4 1 20 1000 1000 0.18 0.52
4 1 20 1000 1000 0.18 0.52
5 1 20 1000 1000 0.18 0.54
4 1 20 1000 1000 0.18 0.54
4 1 20 1000 1000 0.18 0.56
4 1 20 1000 1000 0.18 0.56
5 1 20 1000 1000 0.18 0.58
4 1 20 1000 1000 0.18 0.58
4 1 20 1000 1000 0.18 0.6
5 1 20 1000 1000 0.18 0.6
4 1 20 1000 1000 0.18 0.62
5 1 20 1000 1000 0.18 0.62
5 1 20 1000 1000 0.18 0.64
4 1 20 1000 1000 0.18 0.64
5 1 20 1000 1000 0.18 0.66
5 1 20 1000 1000 0.18 0.66
6 1 20 1000 1000 0.18 0.68
4 1 20 1000 1000 0.18 0.68
9 2 20 1000 1000 0.18 0.7
6 1 20 1000 1000 0.18 0.7
5 1 20 1000 1000 0.2 0.5
4 1 20 1000 1000 0.2 0.5
4 1 20 1000 1000 0.2 0.52
4 1 20 1000 1000 0.2 0.52
4 1 20 1000 1000 0.2 0.54
5 1 20 1000 1000 0.2 0.54
5 1 20 1000 1000 0.2 0.56
4 1 20 1000 1000 0.2 0.56
5 1 20 1000 1000 0.2 0.58
4 1 20 1000 1000 0.2 0.58
5 1 20 1000 1000 0.2 0.6
4 1 20 1000 1000 0.2 0.6
4 1 20 1000 1000 0.2 0.62
4 1 20 1000 1000 0.2 0.62
5 1 20 1000 1000 0.2 0.64
5 1 20 1000 1000 0.2 0.64
5 1 20 1000 1000 0.2 0.66
6 1 20 1000 1000 0.2 0.66
5 1 20 1000 1000 0.2 0.68
4 1 20 1000 1000 0.2 0.68
5 1 20 1000 1000 0.2 0.7
5 1 20 1000 1000 0.2 0.7
4 1 20 1000 1000 0.22 0.5
5 1 20 1000 1000 0.22 0.5
5 1 20 1000 1000 0.22 0.52
4 1 20 1000 1000 0.22 0.52
4 1 20 1000 1000 0.22 0.54
5 1 20 1000 1000 0.22 0.54
5 1 20 1000 1000 0.22 0.56
4 1 20 1000 1000 0.22 0.56
4 1 20 1000 1000 0.22 0.58
4 1 20 1000 1000 0.22 0.58
5 1 20 1000 1000 0.22 0.6
4 1 20 1000 1000 0.22 0.6
4 1 20 1000 1000 0.22 0.62
6 1 20 1000 1000 0.22 0.62
5 1 20 1000 1000 0.22 0.64
5 1 20 1000 1000 0.22 0.64
5 1 20 1000 1000 0.22 0.66
4 1 20 1000 1000 0.22 0.66
5 1 20 1000 1000 0.22 0.68
5 1 20 1000 1000 0.22 0.68
4 1 20 1000 1000 0.22 0.7
10 2 20 1000 1000 0.22 0.7
5 1 20 1000 1000 0.24 0.5
4 1 20 1000 1000 0.24 0.5
4 1 20 1000 1000 0.24 0.52
4 1 20 1000 1000 0.24 0.52
4 1 20 1000 1000 0.24 0.54
5 1 20 1000 1000 0.24 0.54
4 1 20 1000 1000 0.24 0.56
6 1 20 1000 1000 0.24 0.56
5 1 20 1000 1000 0.24 0.58
4 1 20 1000 1000 0.24 0.58
5 1 20 1000 1000 0.24 0.6
5 1 20 1000 1000 0.24 0.6
5 1 20 1000 1000 0.24 0.62
6 1 20 1000 1000 0.24 0.62
5 1 20 1000 1000 0.24 0.64
5 1 20 1000 1000 0.24 0.64
5 1 20 1000 1000 0.24 0.66
5 1 20 1000 1000 0.24 0.66
5 1 20 1000 1000 0.24 0.68
5 1 20 1000 1000 0.24 0.68
9 2 20 1000 1000 0.24 0.7
8 2 20 1000 1000 0.24 0.7
6 1 20 1000 1000 0.26 0.5
4 1 20 1000 1000 0.26 0.5
5 1 20 1000 1000 0.26 0.52
4 1 20 1000 1000 0.26 0.52
5 1 20 1000 1000 0.26 0.54
4 1 20 1000 1000 0.26 0.54
4 1 20 1000 1000 0.26 0.56
5 1 20 1000 1000 0.26 0.56
5 1 20 1000 1000 0.26 0.58
4 1 20 1000 1000 0.26 0.58
5 1 20 1000 1000 0.26 0.6
5 1 20 1000 1000 0.26 0.6
5 1 20 1000 1000 0.26 0.62
5 1 20 1000 1000 0.26 0.62
5 1 20 1000 1000 0.26 0.64
5 1 20 1000 1000 0.26 0.64
6 1 20 1000 1000 0.26 0.66
5 1 20 1000 1000 0.26 0.66
8 2 20 1000 1000 0.26 0.68
9 2 20 1000 1000 0.26 0.68
6 1 20 1000 1000 0.26 0.7
5 1 20 1000 1000 0.26 0.7
4 1 20 1000 1000 0.28 0.5
5 1 20 1000 1000 0.28 0.5
5 1 20 1000 1000 0.28 0.52
5 1 20 1000 1000 0.28 0.52
5 1 20 1000 1000 0.28 0.54
4 1 20 1000 1000 0.28 0.54
4 1 20 1000 1000 0.28 0.56
5 1 20 1000 1000 0.28 0.56
5 1 20 1000 1000 0.28 0.58
5 1 20 1000 1000 0.28 0.58
5 1 20 1000 1000 0.28 0.6
5 1 20 1000 1000 0.28 0.6
4 1 20 1000 1000 0.28 0.62
6 1 20 1000 1000 0.28 0.62
4 1 20 1000 1000 0.28 0.64
5 1 20 1000 1000 0.28 0.64
4 1 20 1000 1000 0.28 0.66
5 1 20 1000 1000 0.28 0.66
5 1 20 1000 1000 0.28 0.68
5 1 20 1000 1000 0.28 0.68
5 1 20 1000 1000 0.28 0.7
6 1 20 1000 1000 0.28 0.7
6 1 20 1000 1000 0.3 0.5
4 1 20 1000 1000 0.3 0.5
5 1 20 1000 1000 0.3 0.52
4 1 20 1000 1000 0.3 0.52
4 1 20 1000 1000 0.3 0.54
5 1 20 1000 1000 0.3 0.54
5 1 20 1000 1000 0.3 0.56
5 1 20 1000 1000 0.3 0.56
4 1 20 1000 1000 0.3 0.58
5 1 20 1000 1000 0.3 0.58
4 1 20 1000 1000 0.3 0.6
5 1 20 1000 1000 0.3 0.6
5 1 20 1000 1000 0.3 0.62
4 1 20 1000 1000 0.3 0.62
5 1 20 1000 1000 0.3 0.64
5 1 20 1000 1000 0.3 0.64
5 1 20 1000 1000 0.3 0.66
5 1 20 1000 1000 0.3 0.66
5 1 20 1000 1000 0.3 0.68
5 1 20 1000 1000 0.3 0.68
5 1 20 1000 1000 0.3 0.7
10 2 20 1000 1000 0.3 0.7
8 1 20 1000 10000 0.02 0.5
7 1 20 1000 10000 0.02 0.5
7 1 20 1000 10000 0.02 0.52
8 1 20 1000 10000 0.02 0.52
7 1 20 1000 10000 0.02 0.54
8 1 20 1000 10000 0.02 0.54
8 1 20 1000 10000 0.02 0.56
8 1 20 1000 10000 0.02 0.56
7 1 20 1000 10000 0.02 0.58
8 1 20 1000 10000 0.02 0.58
7 1 20 1000 10000 0.02 0.6
8 1 20 1000 10000 0.02 0.6
8 1 20 1000 10000 0.02 0.62
8 1 20 1000 10000 0.02 0.62
8 1 20 1000 10000 0.02 0.64
8 1 20 1000 10000 0.02 0.64
7 1 20 1000 10000 0.02 0.66
8 1 20 1000 10000 0.02 0.66
9 1 20 1000 10000 0.02 0.68
8 1 20 1000 10000 0.02 0.68
8 1 20 1000 10000 0.02 0.7
9 1 20 1000 10000 0.02 0.7
10 1 20 1000 10000 0.04 0.5
13 1 20 1000 10000 0.04 0.5
12 1 20 1000 10000 0.04 0.52
8 1 20 1000 10000 0.04 0.52
7 1 20 1000 10000 0.04 0.54
8 1 20 1000 10000 0.04 0.54
8 1 20 1000 10000 0.04 0.56
8 1 20 1000 10000 0.04 0.56
8 1 20 1000 10000 0.04 0.58
9 1 20 1000 10000 0.04 0.58
8 1 20 1000 10000 0.04 0.6
8 1 20 1000 10000 0.04 0.6
8 1 20 1000 10000 0.04 0.62
8 1 20 1000 10000 0.04 0.62
8 1 20 1000 10000 0.04 0.64
8 1 20 1000 10000 0.04 0.64
7 1 20 1000 10000 0.04 0.66
9 1 20 1000 10000 0.04 0.66
9 1 20 1000 10000 0.04 0.68
9 1 20 1000 10000 0.04 0.68
8 1 20 1000 10000 0.04 0.7
9 1 20 1000 10000 0.04 0.7
7 1 20 1000 10000 0.06 0.5
8 1 20 1000 10000 0.06 0.5
8 1 20 1000 10000 0.06 0.52
8 1 20 1000 10000 0.06 0.52
8 1 20 1000 10000 0.06 0.54
8 1 20 1000 10000 0.06 0.54
8 1 20 1000 10000 0.06 0.56
10 1 20 1000 10000 0.06 0.56
7 1 20 1000 10000 0.06 0.58
8 1 20 1000 10000 0.06 0.58
8 1 20 1000 10000 0.06 0.6
8 1 20 1000 10000 0.06 0.6
8 1 20 1000 10000 0.06 0.62
8 1 20 1000 10000 0.06 0.62
8 1 20 1000 10000 0.06 0.64
8 1 20 1000 10000 0.06 0.64
8 1 20 1000 10000 0.06 0.66
10 1 20 1000 10000 0.06 0.66
6 1 20 1000 10000 0.06 0.68
5 1 20 1000 10000 0.06 0.68
6 1 20 1000 10000 0.06 0.7
6 1 20 1000 10000 0.06 0.7
5 1 20 1000 10000 0.08 0.5
5 1 20 1000 10000 0.08 0.5
5 1 20 1000 10000 0.08 0.52
5 1 20 1000 10000 0.08 0.52
5 1 20 1000 10000 0.08 0.54
5 1 20 1000 10000 0.08 0.54
5 1 20 1000 10000 0.08 0.56
5 1 20 1000 10000 0.08 0.56
5 1 20 1000 10000 0.08 0.58
14 1 20 1000 10000 0.08 0.58
5 1 20 1000 10000 0.08 0.6
5 1 20 1000 10000 0.08 0.6
5 1 20 1000 10000 0.08 0.62
6 1 20 1000 10000 0.08 0.62
6 1 20 1000 10000 0.08 0.64
5 1 20 1000 10000 0.08 0.64
5 1 20 1000 10000 0.08 0.66
6 1 20 1000 10000 0.08 0.66
6 1 20 1000 10000 0.08 0.68
6 1 20 1000 10000 0.08 0.68
6 1 20 1000 10000 0.08 0.7
6 1 20 1000 10000 0.08 0.7
5 1 20 1000 10000 0.1 0.5
5 1 20 1000 10000 0.1 0.5
5 1 20 1000 10000 0.1 0.52
5 1 20 1000 10000 0.1 0.52
5 1 20 1000 10000 0.1 0.54
5 1 20 1000 10000 0.1 0.54
6 1 20 1000 10000 0.1 0.56
5 1 20 1000 10000 0.1 0.56
5 1 20 1000 10000 0.1 0.58
5 1 20 1000 10000 0.1 0.58
5 1 20 1000 10000 0.1 0.6
5 1 20 1000 10000 0.1 0.6
5 1 20 1000 10000 0.1 0.62
5 1 20 1000 10000 0.1 0.62
5 1 20 1000 10000 0.1 0.64
6 1 20 1000 10000 0.1 0.64
6 1 20 1000 10000 0.1 0.66
6 1 20 1000 10000 0.1 0.66
5 1 20 1000 10000 0.1 0.68
6 1 20 1000 10000 0.1 0.68
6 1 20 1000 10000 0.1 0.7
5 1 20 1000 10000 0.1 0.7
5 1 20 1000 10000 0.12 0.5
5 1 20 1000 10000 0.12 0.5
5 1 20 1000 10000 0.12 0.52
5 1 20 1000 10000 0.12 0.52
5 1 20 1000 10000 0.12 0.54
5 1 20 1000 10000 0.12 0.54
5 1 20 1000 10000 0.12 0.56
5 1 20 1000 10000 0.12 0.56
5 1 20 1000 10000 0.12 0.58
5 1 20 1000 10000 0.12 0.58
5 1 20 1000 10000 0.12 0.6
5 1 20 1000 10000 0.12 0.6
5 1 20 1000 10000 0.12 0.62
6 1 20 1000 10000 0.12 0.62
6 1 20 1000 10000 0.12 0.64
5 1 20 1000 10000 0.12 0.64
5 1 20 1000 10000 0.12 0.66
5 1 20 1000 10000 0.12 0.66
6 1 20 1000 10000 0.12 0.68
5 1 20 1000 10000 0.12 0.68
6 1 20 1000 10000 0.12 0.7
5 1 20 1000 10000 0.12 0.7
5 1 20 1000 10000 0.14 0.5
5 1 20 1000 10000 0.14 0.5
6 1 20 1000 10000 0.14 0.52
5 1 20 1000 10000 0.14 0.52
6 1 20 1000 10000 0.14 0.54
5 1 20 1000 10000 0.14 0.54
5 1 20 1000 10000 0.14 0.56
5 1 20 1000 10000 0.14 0.56
5 1 20 1000 10000 0.14 0.58
5 1 20 1000 10000 0.14 0.58
6 1 20 1000 10000 0.14 0.6
5 1 20 1000 10000 0.14 0.6
5 1 20 1000 10000 0.14 0.62
5 1 20 1000 10000 0.14 0.62
6 1 20 1000 10000 0.14 0.64
6 1 20 1000 10000 0.14 0.64
6 1 20 1000 10000 0.14 0.66
6 1 20 1000 10000 0.14 0.66
6 1 20 1000 10000 0.14 0.68
5 1 20 1000 10000 0.14 0.68
6 1 20 1000 10000 0.14 0.7
7 1 20 1000 10000 0.14 0.7
5 1 20 1000 10000 0.16 0.5
6 1 20 1000 10000 0.16 0.5
6 1 20 1000 10000 0.16 0.52
5 1 20 1000 10000 0.16 0.52
5 1 20 1000 10000 0.16 0.54
5 1 20 1000 10000 0.16 0.54
5 1 20 1000 10000 0.16 0.56
5 1 20 1000 10000 0.16 0.56
6 1 20 1000 10000 0.16 0.58
6 1 20 1000 10000 0.16 0.58
5 1 20 1000 10000 0.16 0.6
5 1 20 1000 10000 0.16 0.6
5 1 20 1000 10000 0.16 0.62
5 1 20 1000 10000 0.16 0.62
5 1 20 1000 10000 0.16 0.64
5 1 20 1000 10000 0.16 0.64
5 1 20 1000 10000 0.16 0.66
7 1 20 1000 10000 0.16 0.66
5 1 20 1000 10000 0.16 0.68
6 1 20 1000 10000 0.16 0.68
5 1 20 1000 10000 0.16 0.7
10 2 20 1000 10000 0.16 0.7
5 1 20 1000 10000 0.18 0.5
5 1 20 1000 10000 0.18 0.5
5 1 20 1000 10000 0.18 0.52
5 1 20 1000 10000 0.18 0.52
5 1 20 1000 10000 0.18 0.54
6 1 20 1000 10000 0.18 0.54
6 1 20 1000 10000 0.18 0.56
7 1 20 1000 10000 0.18 0.56
5 1 20 1000 10000 0.18 0.58
5 1 20 1000 10000 0.18 0.58
5 1 20 1000 10000 0.18 0.6
6 1 20 1000 10000 0.18 0.6
5 1 20 1000 10000 0.18 0.62
6 1 20 1000 10000 0.18 0.62
6 1 20 1000 10000 0.18 0.64
6 1 20 1000 10000 0.18 0.64
10 2 20 1000 10000 0.18 0.66
6 1 20 1000 10000 0.18 0.66
6 1 20 1000 10000 0.18 0.68
6 1 20 1000 10000 0.18 0.68
6 1 20 1000 10000 0.18 0.7
6 1 20 1000 10000 0.18 0.7
6 1 20 1000 10000 0.2 0.5
5 1 20 1000 10000 0.2 0.5
5 1 20 1000 10000 0.2 0.52
5 1 20 1000 10000 0.2 0.52
5 1 20 1000 10000 0.2 0.54
6 1 20 1000 10000 0.2 0.54
6 1 20 1000 10000 0.2 0.56
5 1 20 1000 10000 0.2 0.56
5 1 20 1000 10000 0.2 0.58
6 1 20 1000 10000 0.2 0.58
5 1 20 1000 10000 0.2 0.6
6 1 20 1000 10000 0.2 0.6
6 1 20 1000 10000 0.2 0.62
5 1 20 1000 10000 0.2 0.62
5 1 20 1000 10000 0.2 0.64
6 1 20 1000 10000 0.2 0.64
7 1 20 1000 10000 0.2 0.66
5 1 20 1000 10000 0.2 0.66
5 1 20 1000 10000 0.2 0.68
6 1 20 1000 10000 0.2 0.68
6 1 20 1000 10000 0.2 0.7
5 1 20 1000 10000 0.2 0.7
5 1 20 1000 10000 0.22 0.5
5 1 20 1000 10000 0.22 0.5
5 1 20 1000 10000 0.22 0.52
5 1 20 1000 10000 0.22 0.52
6 1 20 1000 10000 0.22 0.54
5 1 20 1000 10000 0.22 0.54
6 1 20 1000 10000 0.22 0.56
6 1 20 1000 10000 0.22 0.56
5 1 20 1000 10000 0.22 0.58
6 1 20 1000 10000 0.22 0.58
5 1 20 1000 10000 0.22 0.6
6 1 20 1000 10000 0.22 0.6
5 1 20 1000 10000 0.22 0.62
5 1 20 1000 10000 0.22 0.62
6 1 20 1000 10000 0.22 0.64
6 1 20 1000 10000 0.22 0.64
6 1 20 1000 10000 0.22 0.66
5 1 20 1000 10000 0.22 0.66
11 2 20 1000 10000 0.22 0.68
9 2 20 1000 10000 0.22 0.68
5 1 20 1000 10000 0.22 0.7
6 1 20 1000 10000 0.22 0.7
5 1 20 1000 10000 0.24 0.5
6 1 20 1000 10000 0.24 0.5
5 1 20 1000 10000 0.24 0.52
6 1 20 1000 10000 0.24 0.52
5 1 20 1000 10000 0.24 0.54
5 1 20 1000 10000 0.24 0.54
6 1 20 1000 10000 0.24 0.56
7 1 20 1000 10000 0.24 0.56
5 1 20 1000 10000 0.24 0.58
5 1 20 1000 10000 0.24 0.58
6 1 20 1000 10000 0.24 0.6
5 1 20 1000 10000 0.24 0.6
6 1 20 1000 10000 0.24 0.62
5 1 20 1000 10000 0.24 0.62
5 1 20 1000 10000 0.24 0.64
5 1 20 1000 10000 0.24 0.64
7 1 20 1000 10000 0.24 0.66
6 1 20 1000 10000 0.24 0.66
6 1 20 1000 10000 0.24 0.68
7 1 20 1000 10000 0.24 0.68
6 1 20 1000 10000 0.24 0.7
6 1 20 1000 10000 0.24 0.7
6 1 20 1000 10000 0.26 0.5
5 1 20 1000 10000 0.26 0.5
5 1 20 1000 10000 0.26 0.52
6 1 20 1000 10000 0.26 0.52
5 1 20 1000 10000 0.26 0.54
7 1 20 1000 10000 0.26 0.54
5 1 20 1000 10000 0.26 0.56
5 1 20 1000 10000 0.26 0.56
5 1 20 1000 10000 0.26 0.58
5 1 20 1000 10000 0.26 0.58
5 1 20 1000 10000 0.26 0.6
5 1 20 1000 10000 0.26 0.6
5 1 20 1000 10000 0.26 0.62
6 1 20 1000 10000 0.26 0.62
6 1 20 1000 10000 0.26 0.64
5 1 20 1000 10000 0.26 0.64
5 1 20 1000 10000 0.26 0.66
6 1 20 1000 10000 0.26 0.66
5 1 20 1000 10000 0.26 0.68
6 1 20 1000 10000 0.26 0.68
6 1 20 1000 10000 0.26 0.7
6 1 20 1000 10000 0.26 0.7
6 1 20 1000 10000 0.28 0.5
5 1 20 1000 10000 0.28 0.5
6 1 20 1000 10000 0.28 0.52
5 1 20 1000 10000 0.28 0.52
6 1 20 1000 10000 0.28 0.54
5 1 20 1000 10000 0.28 0.54
5 1 20 1000 10000 0.28 0.56
6 1 20 1000 10000 0.28 0.56
5 1 20 1000 10000 0.28 0.58
6 1 20 1000 10000 0.28 0.58
5 1 20 1000 10000 0.28 0.6
6 1 20 1000 10000 0.28 0.6
6 1 20 1000 10000 0.28 0.62
5 1 20 1000 10000 0.28 0.62
5 1 20 1000 10000 0.28 0.64
6 1 20 1000 10000 0.28 0.64
8 1 20 1000 10000 0.28 0.66
5 1 20 1000 10000 0.28 0.66
5 1 20 1000 10000 0.28 0.68
6 1 20 1000 10000 0.28 0.68
11 2 20 1000 10000 0.28 0.7
11 2 20 1000 10000 0.28 0.7
6 1 20 1000 10000 0.3 0.5
5 1 20 1000 10000 0.3 0.5
5 1 20 1000 10000 0.3 0.52
5 1 20 1000 10000 0.3 0.52
5 1 20 1000 10000 0.3 0.54
6 1 20 1000 10000 0.3 0.54
5 1 20 1000 10000 0.3 0.56
5 1 20 1000 10000 0.3 0.56
6 1 20 1000 10000 0.3 0.58
5 1 20 1000 10000 0.3 0.58
5 1 20 1000 10000 0.3 0.6
5 1 20 1000 10000 0.3 0.6
5 1 20 1000 10000 0.3 0.62
5 1 20 1000 10000 0.3 0.62
5 1 20 1000 10000 0.3 0.64
6 1 20 1000 10000 0.3 0.64
5 1 20 1000 10000 0.3 0.66
6 1 20 1000 10000 0.3 0.66
5 1 20 1000 10000 0.3 0.68
7 1 20 1000 10000 0.3 0.68
5 1 20 1000 10000 0.3 0.7
6 1 20 1000 10000 0.3 0.7
17 1 20 1000 100000 0.02 0.5
17 1 20 1000 100000 0.02 0.5
18 1 20 1000 100000 0.02 0.52
17 1 20 1000 100000 0.02 0.52
17 1 20 1000 100000 0.02 0.54
17 1 20 1000 100000 0.02 0.54
17 1 20 1000 100000 0.02 0.56
18 1 20 1000 100000 0.02 0.56
17 1 20 1000 100000 0.02 0.58
18 1 20 1000 100000 0.02 0.58
17 1 20 1000 100000 0.02 0.6
17 1 20 1000 100000 0.02 0.6
17 1 20 1000 100000 0.02 0.62
18 1 20 1000 100000 0.02 0.62
18 1 20 1000 100000 0.02 0.64
18 1 20 1000 100000 0.02 0.64
18 1 20 1000 100000 0.02 0.66
18 1 20 1000 100000 0.02 0.66
30 1 20 1000 100000 0.02 0.68
18 1 20 1000 100000 0.02 0.68
17 1 20 1000 100000 0.02 0.7
41 2 20 1000 100000 0.02 0.7
17 1 20 1000 100000 0.04 0.5
33 1 20 1000 100000 0.04 0.5
17 1 20 1000 100000 0.04 0.52
18 1 20 1000 100000 0.04 0.52
18 1 20 1000 100000 0.04 0.54
17 1 20 1000 100000 0.04 0.54
18 1 20 1000 100000 0.04 0.56
17 1 20 1000 100000 0.04 0.56
25 1 20 1000 100000 0.04 0.58
18 1 20 1000 100000 0.04 0.58
17 1 20 1000 100000 0.04 0.6
17 1 20 1000 100000 0.04 0.6
18 1 20 1000 100000 0.04 0.62
17 1 20 1000 100000 0.04 0.62
18 1 20 1000 100000 0.04 0.64
18 1 20 1000 100000 0.04 0.64
26 1 20 1000 100000 0.04 0.66
19 1 20 1000 100000 0.04 0.66
19 1 20 1000 100000 0.04 0.68
18 1 20 1000 100000 0.04 0.68
18 1 20 1000 100000 0.04 0.7
17 1 20 1000 100000 0.04 0.7
17 1 20 1000 100000 0.06 0.5
17 1 20 1000 100000 0.06 0.5
19 1 20 1000 100000 0.06 0.52
23 1 20 1000 100000 0.06 0.52
20 1 20 1000 100000 0.06 0.54
17 1 20 1000 100000 0.06 0.54
17 1 20 1000 100000 0.06 0.56
18 1 20 1000 100000 0.06 0.56
17 1 20 1000 100000 0.06 0.58
17 1 20 1000 100000 0.06 0.58
17 1 20 1000 100000 0.06 0.6
17 1 20 1000 100000 0.06 0.6
17 1 20 1000 100000 0.06 0.62
20 1 20 1000 100000 0.06 0.62
35 1 20 1000 100000 0.06 0.64
17 1 20 1000 100000 0.06 0.64
17 1 20 1000 100000 0.06 0.66
17 1 20 1000 100000 0.06 0.66
18 1 20 1000 100000 0.06 0.68
18 1 20 1000 100000 0.06 0.68
19 1 20 1000 100000 0.06 0.7
18 1 20 1000 100000 0.06 0.7
18 1 20 1000 100000 0.08 0.5
17 1 20 1000 100000 0.08 0.5
18 1 20 1000 100000 0.08 0.52
17 1 20 1000 100000 0.08 0.52
25 1 20 1000 100000 0.08 0.54
17 1 20 1000 100000 0.08 0.54
17 1 20 1000 100000 0.08 0.56
17 1 20 1000 100000 0.08 0.56
17 1 20 1000 100000 0.08 0.58
17 1 20 1000 100000 0.08 0.58
17 1 20 1000 100000 0.08 0.6
17 1 20 1000 100000 0.08 0.6
17 1 20 1000 100000 0.08 0.62
17 1 20 1000 100000 0.08 0.62
17 1 20 1000 100000 0.08 0.64
17 1 20 1000 100000 0.08 0.64
23 1 20 1000 100000 0.08 0.66
19 1 20 1000 100000 0.08 0.66
18 1 20 1000 100000 0.08 0.68
18 1 20 1000 100000 0.08 0.68
19 1 20 1000 100000 0.08 0.7
18 1 20 1000 100000 0.08 0.7
17 1 20 1000 100000 0.1 0.5
17 1 20 1000 100000 0.1 0.5
17 1 20 1000 100000 0.1 0.52
17 1 20 1000 100000 0.1 0.52
18 1 20 1000 100000 0.1 0.54
18 1 20 1000 100000 0.1 0.54
22 1 20 1000 100000 0.1 0.56
27 1 20 1000 100000 0.1 0.56
17 1 20 1000 100000 0.1 0.58
17 1 20 1000 100000 0.1 0.58
17 1 20 1000 100000 0.1 0.6
17 1 20 1000 100000 0.1 0.6
17 1 20 1000 100000 0.1 0.62
17 1 20 1000 100000 0.1 0.62
18 1 20 1000 100000 0.1 0.64
17 1 20 1000 100000 0.1 0.64
17 1 20 1000 100000 0.1 0.66
18 1 20 1000 100000 0.1 0.66
37 2 20 1000 100000 0.1 0.68
19 1 20 1000 100000 0.1 0.68
41 2 20 1000 100000 0.1 0.7
19 1 20 1000 100000 0.1 0.7
18 1 20 1000 100000 0.12 0.5
17 1 20 1000 100000 0.12 0.5
17 1 20 1000 100000 0.12 0.52
17 1 20 1000 100000 0.12 0.52
17 1 20 1000 100000 0.12 0.54
18 1 20 1000 100000 0.12 0.54
18 1 20 1000 100000 0.12 0.56
17 1 20 1000 100000 0.12 0.56
17 1 20 1000 100000 0.12 0.58
17 1 20 1000 100000 0.12 0.58
18 1 20 1000 100000 0.12 0.6
22 1 20 1000 100000 0.12 0.6
23 1 20 1000 100000 0.12 0.62
29 1 20 1000 100000 0.12 0.62
18 1 20 1000 100000 0.12 0.64
17 1 20 1000 100000 0.12 0.64
17 1 20 1000 100000 0.12 0.66
18 1 20 1000 100000 0.12 0.66
18 1 20 1000 100000 0.12 0.68
18 1 20 1000 100000 0.12 0.68
19 1 20 1000 100000 0.12 0.7
18 1 20 1000 100000 0.12 0.7
18 1 20 1000 100000 0.14 0.5
17 1 20 1000 100000 0.14 0.5
17 1 20 1000 100000 0.14 0.52
18 1 20 1000 100000 0.14 0.52
17 1 20 1000 100000 0.14 0.54
17 1 20 1000 100000 0.14 0.54
18 1 20 1000 100000 0.14 0.56
26 1 20 1000 100000 0.14 0.56
17 1 20 1000 100000 0.14 0.58
17 1 20 1000 100000 0.14 0.58
19 1 20 1000 100000 0.14 0.6
16 1 20 1000 100000 0.14 0.6
18 1 20 1000 100000 0.14 0.62
17 1 20 1000 100000 0.14 0.62
17 1 20 1000 100000 0.14 0.64
18 1 20 1000 100000 0.14 0.64
17 1 20 1000 100000 0.14 0.66
18 1 20 1000 100000 0.14 0.66
17 1 20 1000 100000 0.14 0.68
18 1 20 1000 100000 0.14 0.68
17 1 20 1000 100000 0.14 0.7
18 1 20 1000 100000 0.14 0.7
16 1 20 1000 100000 0.16 0.5
18 1 20 1000 100000 0.16 0.5
23 1 20 1000 100000 0.16 0.52
24 1 20 1000 100000 0.16 0.52
31 1 20 1000 100000 0.16 0.54
17 1 20 1000 100000 0.16 0.54
17 1 20 1000 100000 0.16 0.56
17 1 20 1000 100000 0.16 0.56
17 1 20 1000 100000 0.16 0.58
17 1 20 1000 100000 0.16 0.58
17 1 20 1000 100000 0.16 0.6
17 1 20 1000 100000 0.16 0.6
17 1 20 1000 100000 0.16 0.62
17 1 20 1000 100000 0.16 0.62
17 1 20 1000 100000 0.16 0.64
17 1 20 1000 100000 0.16 0.64
18 1 20 1000 100000 0.16 0.66
18 1 20 1000 100000 0.16 0.66
19 1 20 1000 100000 0.16 0.68
39 2 20 1000 100000 0.16 0.68
19 1 20 1000 100000 0.16 0.7
18 1 20 1000 100000 0.16 0.7
33 1 20 1000 100000 0.18 0.5
17 1 20 1000 100000 0.18 0.5
17 1 20 1000 100000 0.18 0.52
17 1 20 1000 100000 0.18 0.52
17 1 20 1000 100000 0.18 0.54
17 1 20 1000 100000 0.18 0.54
17 1 20 1000 100000 0.18 0.56
17 1 20 1000 100000 0.18 0.56
17 1 20 1000 100000 0.18 0.58
17 1 20 1000 100000 0.18 0.58
17 1 20 1000 100000 0.18 0.6
17 1 20 1000 100000 0.18 0.6
18 1 20 1000 100000 0.18 0.62
17 1 20 1000 100000 0.18 0.62
17 1 20 1000 100000 0.18 0.64
17 1 20 1000 100000 0.18 0.64
17 1 20 1000 100000 0.18 0.66
18 1 20 1000 100000 0.18 0.66
18 1 20 1000 100000 0.18 0.68
17 1 20 1000 100000 0.18 0.68
18 1 20 1000 100000 0.18 0.7
19 1 20 1000 100000 0.18 0.7
16 1 20 1000 100000 0.2 0.5
18 1 20 1000 100000 0.2 0.5
17 1 20 1000 100000 0.2 0.52
17 1 20 1000 100000 0.2 0.52
18 1 20 1000 100000 0.2 0.54
17 1 20 1000 100000 0.2 0.54
18 1 20 1000 100000 0.2 0.56
17 1 20 1000 100000 0.2 0.56
17 1 20 1000 100000 0.2 0.58
18 1 20 1000 100000 0.2 0.58
17 1 20 1000 100000 0.2 0.6
17 1 20 1000 100000 0.2 0.6
18 1 20 1000 100000 0.2 0.62
17 1 20 1000 100000 0.2 0.62
17 1 20 1000 100000 0.2 0.64
17 1 20 1000 100000 0.2 0.64
18 1 20 1000 100000 0.2 0.66
19 1 20 1000 100000 0.2 0.66
17 1 20 1000 100000 0.2 0.68
18 1 20 1000 100000 0.2 0.68
18 1 20 1000 100000 0.2 0.7
18 1 20 1000 100000 0.2 0.7
17 1 20 1000 100000 0.22 0.5
17 1 20 1000 100000 0.22 0.5
17 1 20 1000 100000 0.22 0.52
17 1 20 1000 100000 0.22 0.52
17 1 20 1000 100000 0.22 0.54
17 1 20 1000 100000 0.22 0.54
18 1 20 1000 100000 0.22 0.56
17 1 20 1000 100000 0.22 0.56
