216 581 100 10 75 0.02 0.5
149 878 100 10 75 0.02 0.5
243 772 100 10 75 0.02 0.5
143 846 100 10 75 0.02 0.5
45 252 100 10 75 0.02 0.52
62 345 100 10 75 0.02 0.52
68 395 100 10 75 0.02 0.52
71 366 100 10 75 0.02 0.52
39 228 100 10 75 0.02 0.54
45 302 100 10 75 0.02 0.54
69 416 100 10 75 0.02 0.54
71 476 100 10 75 0.02 0.54
63 368 100 10 75 0.02 0.56
28 199 100 10 75 0.02 0.56
59 341 100 10 75 0.02 0.56
52 352 100 10 75 0.02 0.56
31 208 100 10 75 0.02 0.58
62 403 100 10 75 0.02 0.58
52 342 100 10 75 0.02 0.58
69 467 100 10 75 0.02 0.58
25 175 100 10 75 0.02 0.6
18 122 100 10 75 0.02 0.6
33 227 100 10 75 0.02 0.6
27 187 100 10 75 0.02 0.6
33 231 100 10 75 0.02 0.62
26 159 100 10 75 0.02 0.62
49 330 100 10 75 0.02 0.62
28 200 100 10 75 0.02 0.62
30 205 100 10 75 0.02 0.64
34 247 100 10 75 0.02 0.64
34 234 100 10 75 0.02 0.64
35 252 100 10 75 0.02 0.64
20 144 100 10 75 0.02 0.66
34 222 100 10 75 0.02 0.66
27 192 100 10 75 0.02 0.66
33 217 100 10 75 0.02 0.66
32 231 100 10 75 0.02 0.68
29 202 100 10 75 0.02 0.68
35 246 100 10 75 0.02 0.68
45 319 100 10 75 0.02 0.68
22 151 100 10 75 0.02 0.7
26 189 100 10 75 0.02 0.7
31 207 100 10 75 0.02 0.7
18 129 100 10 75 0.02 0.7
58 380 100 10 75 0.04 0.5
49 337 100 10 75 0.04 0.5
54 354 100 10 75 0.04 0.5
72 475 100 10 75 0.04 0.5
27 152 100 10 75 0.04 0.52
21 154 100 10 75 0.04 0.52
39 228 100 10 75 0.04 0.52
29 199 100 10 75 0.04 0.52
22 159 100 10 75 0.04 0.54
24 173 100 10 75 0.04 0.54
31 223 100 10 75 0.04 0.54
26 180 100 10 75 0.04 0.54
32 218 100 10 75 0.04 0.56
16 116 100 10 75 0.04 0.56
27 190 100 10 75 0.04 0.56
33 232 100 10 75 0.04 0.56
28 180 100 10 75 0.04 0.58
24 169 100 10 75 0.04 0.58
32 196 100 10 75 0.04 0.58
37 259 100 10 75 0.04 0.58
22 150 100 10 75 0.04 0.6
12 86 100 10 75 0.04 0.6
15 114 100 10 75 0.04 0.6
22 152 100 10 75 0.04 0.6
13 96 100 10 75 0.04 0.62
16 121 100 10 75 0.04 0.62
28 195 100 10 75 0.04 0.62
23 170 100 10 75 0.04 0.62
28 146 100 10 75 0.04 0.64
16 114 100 10 75 0.04 0.64
29 150 100 10 75 0.04 0.64
34 235 100 10 75 0.04 0.64
18 135 100 10 75 0.04 0.66
22 112 100 10 75 0.04 0.66
21 151 100 10 75 0.04 0.66
24 122 100 10 75 0.04 0.66
16 115 100 10 75 0.04 0.68
11 75 100 10 75 0.04 0.68
18 131 100 10 75 0.04 0.68
16 117 100 10 75 0.04 0.68
17 121 100 10 75 0.04 0.7
13 91 100 10 75 0.04 0.7
22 148 100 10 75 0.04 0.7
20 120 100 10 75 0.04 0.7
49 339 100 10 75 0.06 0.5
65 386 100 10 75 0.06 0.5
63 375 100 10 75 0.06 0.5
60 400 100 10 75 0.06 0.5
41 279 100 10 75 0.06 0.52
41 272 100 10 75 0.06 0.52
36 250 100 10 75 0.06 0.52
52 357 100 10 75 0.06 0.52
55 349 100 10 75 0.06 0.54
19 136 100 10 75 0.06 0.54
43 294 100 10 75 0.06 0.54
31 219 100 10 75 0.06 0.54
35 180 100 10 75 0.06 0.56
26 181 100 10 75 0.06 0.56
32 188 100 10 75 0.06 0.56
36 243 100 10 75 0.06 0.56
21 147 100 10 75 0.06 0.58
19 133 100 10 75 0.06 0.58
37 242 100 10 75 0.06 0.58
34 239 100 10 75 0.06 0.58
27 191 100 10 75 0.06 0.6
28 167 100 10 75 0.06 0.6
32 223 100 10 75 0.06 0.6
36 236 100 10 75 0.06 0.6
23 159 100 10 75 0.06 0.62
22 152 100 10 75 0.06 0.62
34 228 100 10 75 0.06 0.62
33 229 100 10 75 0.06 0.62
20 132 100 10 75 0.06 0.64
23 160 100 10 75 0.06 0.64
37 256 100 10 75 0.06 0.64
23 167 100 10 75 0.06 0.64
18 119 100 10 75 0.06 0.66
28 191 100 10 75 0.06 0.66
36 247 100 10 75 0.06 0.66
29 205 100 10 75 0.06 0.66
10 70 100 10 75 0.06 0.68
33 226 100 10 75 0.06 0.68
58 399 100 10 75 0.06 0.68
41 288 100 10 75 0.06 0.68
28 168 100 10 75 0.06 0.7
24 166 100 10 75 0.06 0.7
38 227 100 10 75 0.06 0.7
29 195 100 10 75 0.06 0.7
51 339 100 10 75 0.08 0.5
92 633 100 10 75 0.08 0.5
78 511 100 10 75 0.08 0.5
82 557 100 10 75 0.08 0.5
50 345 100 10 75 0.08 0.52
69 469 100 10 75 0.08 0.52
63 422 100 10 75 0.08 0.52
89 619 100 10 75 0.08 0.52
44 300 100 10 75 0.08 0.54
53 362 100 10 75 0.08 0.54
60 402 100 10 75 0.08 0.54
43 293 100 10 75 0.08 0.54
44 314 100 10 75 0.08 0.56
27 179 100 10 75 0.08 0.56
44 311 100 10 75 0.08 0.56
85 582 100 10 75 0.08 0.56
62 408 100 10 75 0.08 0.58
79 535 100 10 75 0.08 0.58
51 330 100 10 75 0.08 0.58
97 627 100 10 75 0.08 0.58
39 226 100 10 75 0.08 0.6
23 160 100 10 75 0.08 0.6
88 548 100 10 75 0.08 0.6
34 231 100 10 75 0.08 0.6
53 364 100 10 75 0.08 0.62
61 371 100 10 75 0.08 0.62
102 631 100 10 75 0.08 0.62
64 444 100 10 75 0.08 0.62
30 214 100 10 75 0.08 0.64
16 112 100 10 75 0.08 0.64
32 220 100 10 75 0.08 0.64
30 214 100 10 75 0.08 0.64
52 344 100 10 75 0.08 0.66
34 223 100 10 75 0.08 0.66
35 231 100 10 75 0.08 0.66
69 465 100 10 75 0.08 0.66
62 512 100 10 75 0.08 0.68
28 239 100 10 75 0.08 0.68
40 335 100 10 75 0.08 0.68
53 449 100 10 75 0.08 0.68
36 295 100 10 75 0.08 0.7
34 284 100 10 75 0.08 0.7
55 458 100 10 75 0.08 0.7
83 732 100 10 75 0.08 0.7
104 883 100 10 75 0.1 0.5
115 976 100 10 75 0.1 0.5
118 1043 100 10 75 0.1 0.5
150 1282 100 10 75 0.1 0.5
155 1224 100 10 75 0.1 0.52
159 1340 100 10 75 0.1 0.52
195 1603 100 10 75 0.1 0.52
147 1246 100 10 75 0.1 0.52
81 659 100 10 75 0.1 0.54
43 364 100 10 75 0.1 0.54
181 1530 100 10 75 0.1 0.54
112 1001 100 10 75 0.1 0.54
30 232 100 10 75 0.1 0.56
118 982 100 10 75 0.1 0.56
125 1022 100 10 75 0.1 0.56
48 417 100 10 75 0.1 0.56
87 716 100 10 75 0.1 0.58
79 656 100 10 75 0.1 0.58
225 1837 100 10 75 0.1 0.58
122 1082 100 10 75 0.1 0.58
80 671 100 10 75 0.1 0.6
80 650 100 10 75 0.1 0.6
123 1002 100 10 75 0.1 0.6
188 1631 100 10 75 0.1 0.6
117 946 100 10 75 0.1 0.62
109 925 100 10 75 0.1 0.62
79 678 100 10 75 0.1 0.62
170 1437 100 10 75 0.1 0.62
120 991 100 10 75 0.1 0.64
111 927 100 10 75 0.1 0.64
75 642 100 10 75 0.1 0.64
181 1503 100 10 75 0.1 0.64
81 685 100 10 75 0.1 0.66
139 1141 100 10 75 0.1 0.66
120 1018 100 10 75 0.1 0.66
110 938 100 10 75 0.1 0.66
66 554 100 10 75 0.1 0.68
127 1084 100 10 75 0.1 0.68
137 1132 100 10 75 0.1 0.68
136 1168 100 10 75 0.1 0.68
50 434 100 10 75 0.1 0.7
65 541 100 10 75 0.1 0.7
61 512 100 10 75 0.1 0.7
251 2062 100 10 75 0.1 0.7
95 649 100 10 100 0.02 0.5
77 540 100 10 100 0.02 0.5
147 963 100 10 100 0.02 0.5
123 853 100 10 100 0.02 0.5
67 492 100 10 100 0.02 0.52
48 350 100 10 100 0.02 0.52
47 365 100 10 100 0.02 0.52
72 527 100 10 100 0.02 0.52
52 391 100 10 100 0.02 0.54
54 394 100 10 100 0.02 0.54
50 375 100 10 100 0.02 0.54
61 442 100 10 100 0.02 0.54
32 244 100 10 100 0.02 0.56
47 351 100 10 100 0.02 0.56
47 356 100 10 100 0.02 0.56
50 374 100 10 100 0.02 0.56
44 320 100 10 100 0.02 0.58
44 330 100 10 100 0.02 0.58
55 405 100 10 100 0.02 0.58
48 371 100 10 100 0.02 0.58
27 216 100 10 100 0.02 0.6
30 234 100 10 100 0.02 0.6
27 214 100 10 100 0.02 0.6
41 309 100 10 100 0.02 0.6
22 189 100 10 100 0.02 0.62
30 231 100 10 100 0.02 0.62
37 291 100 10 100 0.02 0.62
32 255 100 10 100 0.02 0.62
30 231 100 10 100 0.02 0.64
24 194 100 10 100 0.02 0.64
32 245 100 10 100 0.02 0.64
32 246 100 10 100 0.02 0.64
36 276 100 10 100 0.02 0.66
16 138 100 10 100 0.02 0.66
32 250 100 10 100 0.02 0.66
40 323 100 10 100 0.02 0.66
21 177 100 10 100 0.02 0.68
28 227 100 10 100 0.02 0.68
37 295 100 10 100 0.02 0.68
25 207 100 10 100 0.02 0.68
21 169 100 10 100 0.02 0.7
19 159 100 10 100 0.02 0.7
20 162 100 10 100 0.02 0.7
25 196 100 10 100 0.02 0.7
36 265 100 10 100 0.04 0.5
31 230 100 10 100 0.04 0.5
38 266 100 10 100 0.04 0.5
53 383 100 10 100 0.04 0.5
19 156 100 10 100 0.04 0.52
29 237 100 10 100 0.04 0.52
34 254 100 10 100 0.04 0.52
27 212 100 10 100 0.04 0.52
19 155 100 10 100 0.04 0.54
33 251 100 10 100 0.04 0.54
42 302 100 10 100 0.04 0.54
25 197 100 10 100 0.04 0.54
25 190 100 10 100 0.04 0.56
23 183 100 10 100 0.04 0.56
34 248 100 10 100 0.04 0.56
26 206 100 10 100 0.04 0.56
36 263 100 10 100 0.04 0.58
25 194 100 10 100 0.04 0.58
29 228 100 10 100 0.04 0.58
35 256 100 10 100 0.04 0.58
17 143 100 10 100 0.04 0.6
15 112 100 10 100 0.04 0.6
16 131 100 10 100 0.04 0.6
19 154 100 10 100 0.04 0.6
13 110 100 10 100 0.04 0.62
20 161 100 10 100 0.04 0.62
24 195 100 10 100 0.04 0.62
27 215 100 10 100 0.04 0.62
14 114 100 10 100 0.04 0.64
22 189 100 10 100 0.04 0.64
20 156 100 10 100 0.04 0.64
20 170 100 10 100 0.04 0.64
19 155 100 10 100 0.04 0.66
21 161 100 10 100 0.04 0.66
13 111 100 10 100 0.04 0.66
31 245 100 10 100 0.04 0.66
12 100 100 10 100 0.04 0.68
14 118 100 10 100 0.04 0.68
15 124 100 10 100 0.04 0.68
18 147 100 10 100 0.04 0.68
14 121 100 10 100 0.04 0.7
13 109 100 10 100 0.04 0.7
14 118 100 10 100 0.04 0.7
19 153 100 10 100 0.04 0.7
44 334 100 10 100 0.06 0.5
36 277 100 10 100 0.06 0.5
45 316 100 10 100 0.06 0.5
38 293 100 10 100 0.06 0.5
35 261 100 10 100 0.06 0.52
29 230 100 10 100 0.06 0.52
27 219 100 10 100 0.06 0.52
48 361 100 10 100 0.06 0.52
31 244 100 10 100 0.06 0.54
24 200 100 10 100 0.06 0.54
28 211 100 10 100 0.06 0.54
36 281 100 10 100 0.06 0.54
24 189 100 10 100 0.06 0.56
27 207 100 10 100 0.06 0.56
42 323 100 10 100 0.06 0.56
40 328 100 10 100 0.06 0.56
17 144 100 10 100 0.06 0.58
34 262 100 10 100 0.06 0.58
26 203 100 10 100 0.06 0.58
29 232 100 10 100 0.06 0.58
14 119 100 10 100 0.06 0.6
18 140 100 10 100 0.06 0.6
19 152 100 10 100 0.06 0.6
27 210 100 10 100 0.06 0.6
17 146 100 10 100 0.06 0.62
18 151 100 10 100 0.06 0.62
35 273 100 10 100 0.06 0.62
12 99 100 10 100 0.06 0.62
23 180 100 10 100 0.06 0.64
23 183 100 10 100 0.06 0.64
29 224 100 10 100 0.06 0.64
26 224 100 10 100 0.06 0.64
24 196 100 10 100 0.06 0.66
24 195 100 10 100 0.06 0.66
27 216 100 10 100 0.06 0.66
22 179 100 10 100 0.06 0.66
14 113 100 10 100 0.06 0.68
12 101 100 10 100 0.06 0.68
15 123 100 10 100 0.06 0.68
25 213 100 10 100 0.06 0.68
21 170 100 10 100 0.06 0.7
21 166 100 10 100 0.06 0.7
16 136 100 10 100 0.06 0.7
32 259 100 10 100 0.06 0.7
29 228 100 10 100 0.08 0.5
88 663 100 10 100 0.08 0.5
84 634 100 10 100 0.08 0.5
81 635 100 10 100 0.08 0.5
30 242 100 10 100 0.08 0.52
36 287 100 10 100 0.08 0.52
56 433 100 10 100 0.08 0.52
39 308 100 10 100 0.08 0.52
24 194 100 10 100 0.08 0.54
40 314 100 10 100 0.08 0.54
64 489 100 10 100 0.08 0.54
24 210 100 10 100 0.08 0.54
24 199 100 10 100 0.08 0.56
56 420 100 10 100 0.08 0.56
38 293 100 10 100 0.08 0.56
59 421 100 10 100 0.08 0.56
29 238 100 10 100 0.08 0.58
19 155 100 10 100 0.08 0.58
58 446 100 10 100 0.08 0.58
48 369 100 10 100 0.08 0.58
32 250 100 10 100 0.08 0.6
37 294 100 10 100 0.08 0.6
24 195 100 10 100 0.08 0.6
46 366 100 10 100 0.08 0.6
29 234 100 10 100 0.08 0.62
53 405 100 10 100 0.08 0.62
73 572 100 10 100 0.08 0.62
48 399 100 10 100 0.08 0.62
50 398 100 10 100 0.08 0.64
20 159 100 10 100 0.08 0.64
60 476 100 10 100 0.08 0.64
40 334 100 10 100 0.08 0.64
40 322 100 10 100 0.08 0.66
52 394 100 10 100 0.08 0.66
63 492 100 10 100 0.08 0.66
43 351 100 10 100 0.08 0.66
29 238 100 10 100 0.08 0.68
37 287 100 10 100 0.08 0.68
37 300 100 10 100 0.08 0.68
43 352 100 10 100 0.08 0.68
21 170 100 10 100 0.08 0.7
33 256 100 10 100 0.08 0.7
49 396 100 10 100 0.08 0.7
93 749 100 10 100 0.08 0.7
109 823 100 10 100 0.1 0.5
154 1174 100 10 100 0.1 0.5
142 1105 100 10 100 0.1 0.5
170 1342 100 10 100 0.1 0.5
44 359 100 10 100 0.1 0.52
77 595 100 10 100 0.1 0.52
218 1731 100 10 100 0.1 0.52
68 567 100 10 100 0.1 0.52
123 961 100 10 100 0.1 0.54
146 1104 100 10 100 0.1 0.54
271 2066 100 10 100 0.1 0.54
163 1317 100 10 100 0.1 0.54
157 1131 100 10 100 0.1 0.56
102 751 100 10 100 0.1 0.56
127 921 100 10 100 0.1 0.56
160 1166 100 10 100 0.1 0.56
106 742 100 10 100 0.1 0.58
67 533 100 10 100 0.1 0.58
130 981 100 10 100 0.1 0.58
87 683 100 10 100 0.1 0.58
66 518 100 10 100 0.1 0.6
73 577 100 10 100 0.1 0.6
78 599 100 10 100 0.1 0.6
65 502 100 10 100 0.1 0.6
125 967 100 10 100 0.1 0.62
49 389 100 10 100 0.1 0.62
93 723 100 10 100 0.1 0.62
94 737 100 10 100 0.1 0.62
89 535 100 10 100 0.1 0.64
115 560 100 10 100 0.1 0.64
131 756 100 10 100 0.1 0.64
94 496 100 10 100 0.1 0.64
80 606 100 10 100 0.1 0.66
99 785 100 10 100 0.1 0.66
53 393 100 10 100 0.1 0.66
158 1232 100 10 100 0.1 0.66
51 400 100 10 100 0.1 0.68
21 173 100 10 100 0.1 0.68
137 1051 100 10 100 0.1 0.68
105 865 100 10 100 0.1 0.68
48 349 100 10 100 0.1 0.7
91 713 100 10 100 0.1 0.7
163 1243 100 10 100 0.1 0.7
197 1621 100 10 100 0.1 0.7
105 617 100 10 125 0.02 0.5
117 704 100 10 125 0.02 0.5
133 772 100 10 125 0.02 0.5
161 969 100 10 125 0.02 0.5
41 291 100 10 125 0.02 0.52
47 329 100 10 125 0.02 0.52
53 355 100 10 125 0.02 0.52
51 354 100 10 125 0.02 0.52
34 244 100 10 125 0.02 0.54
39 278 100 10 125 0.02 0.54
45 307 100 10 125 0.02 0.54
60 410 100 10 125 0.02 0.54
53 358 100 10 125 0.02 0.56
46 325 100 10 125 0.02 0.56
63 425 100 10 125 0.02 0.56
93 595 100 10 125 0.02 0.56
65 433 100 10 125 0.02 0.58
33 235 100 10 125 0.02 0.58
69 456 100 10 125 0.02 0.58
49 338 100 10 125 0.02 0.58
25 198 100 10 125 0.02 0.6
27 209 100 10 125 0.02 0.6
57 385 100 10 125 0.02 0.6
24 194 100 10 125 0.02 0.6
29 194 100 10 125 0.02 0.62
26 200 100 10 125 0.02 0.62
52 347 100 10 125 0.02 0.62
27 216 100 10 125 0.02 0.62
23 181 100 10 125 0.02 0.64
25 186 100 10 125 0.02 0.64
45 321 100 10 125 0.02 0.64
27 214 100 10 125 0.02 0.64
31 231 100 10 125 0.02 0.66
22 175 100 10 125 0.02 0.66
46 328 100 10 125 0.02 0.66
21 168 100 10 125 0.02 0.66
35 269 100 10 125 0.02 0.68
30 227 100 10 125 0.02 0.68
39 276 100 10 125 0.02 0.68
42 305 100 10 125 0.02 0.68
19 146 100 10 125 0.02 0.7
19 143 100 10 125 0.02 0.7
30 227 100 10 125 0.02 0.7
22 169 100 10 125 0.02 0.7
54 351 100 10 125 0.04 0.5
78 506 100 10 125 0.04 0.5
59 385 100 10 125 0.04 0.5
88 512 100 10 125 0.04 0.5
21 158 100 10 125 0.04 0.52
28 205 100 10 125 0.04 0.52
26 190 100 10 125 0.04 0.52
26 198 100 10 125 0.04 0.52
41 291 100 10 125 0.04 0.54
46 307 100 10 125 0.04 0.54
47 293 100 10 125 0.04 0.54
52 326 100 10 125 0.04 0.54
31 229 100 10 125 0.04 0.56
23 170 100 10 125 0.04 0.56
14 112 100 10 125 0.04 0.56
45 307 100 10 125 0.04 0.56
64 286 100 10 125 0.04 0.58
14 103 100 10 125 0.04 0.58
37 191 100 10 125 0.04 0.58
42 206 100 10 125 0.04 0.58
29 178 100 10 125 0.04 0.6
20 151 100 10 125 0.04 0.6
40 251 100 10 125 0.04 0.6
19 144 100 10 125 0.04 0.6
18 126 100 10 125 0.04 0.62
17 139 100 10 125 0.04 0.62
23 181 100 10 125 0.04 0.62
17 130 100 10 125 0.04 0.62
23 124 100 10 125 0.04 0.64
15 119 100 10 125 0.04 0.64
20 106 100 10 125 0.04 0.64
19 147 100 10 125 0.04 0.64
20 152 100 10 125 0.04 0.66
28 211 100 10 125 0.04 0.66
30 221 100 10 125 0.04 0.66
24 179 100 10 125 0.04 0.66
16 120 100 10 125 0.04 0.68
18 129 100 10 125 0.04 0.68
17 131 100 10 125 0.04 0.68
24 175 100 10 125 0.04 0.68
14 114 100 10 125 0.04 0.7
15 109 100 10 125 0.04 0.7
13 105 100 10 125 0.04 0.7
19 147 100 10 125 0.04 0.7
48 324 100 10 125 0.06 0.5
42 304 100 10 125 0.06 0.5
41 267 100 10 125 0.06 0.5
79 532 100 10 125 0.06 0.5
32 225 100 10 125 0.06 0.52
42 318 100 10 125 0.06 0.52
27 210 100 10 125 0.06 0.52
51 342 100 10 125 0.06 0.52
15 120 100 10 125 0.06 0.54
16 127 100 10 125 0.06 0.54
25 192 100 10 125 0.06 0.54
34 247 100 10 125 0.06 0.54
21 163 100 10 125 0.06 0.56
26 167 100 10 125 0.06 0.56
37 281 100 10 125 0.06 0.56
27 193 100 10 125 0.06 0.56
17 135 100 10 125 0.06 0.58
31 195 100 10 125 0.06 0.58
40 255 100 10 125 0.06 0.58
30 232 100 10 125 0.06 0.58
17 133 100 10 125 0.06 0.6
25 162 100 10 125 0.06 0.6
16 124 100 10 125 0.06 0.6
27 191 100 10 125 0.06 0.6
16 129 100 10 125 0.06 0.62
17 124 100 10 125 0.06 0.62
14 117 100 10 125 0.06 0.62
20 143 100 10 125 0.06 0.62
22 172 100 10 125 0.06 0.64
26 191 100 10 125 0.06 0.64
24 188 100 10 125 0.06 0.64
31 223 100 10 125 0.06 0.64
22 170 100 10 125 0.06 0.66
11 92 100 10 125 0.06 0.66
36 266 100 10 125 0.06 0.66
25 193 100 10 125 0.06 0.66
21 170 100 10 125 0.06 0.68
21 162 100 10 125 0.06 0.68
20 162 100 10 125 0.06 0.68
37 285 100 10 125 0.06 0.68
16 127 100 10 125 0.06 0.7
16 122 100 10 125 0.06 0.7
15 118 100 10 125 0.06 0.7
20 152 100 10 125 0.06 0.7
80 592 100 10 125 0.08 0.5
35 244 100 10 125 0.08 0.5
52 379 100 10 125 0.08 0.5
122 871 100 10 125 0.08 0.5
29 219 100 10 125 0.08 0.52
60 440 100 10 125 0.08 0.52
30 235 100 10 125 0.08 0.52
121 807 100 10 125 0.08 0.52
52 371 100 10 125 0.08 0.54
61 440 100 10 125 0.08 0.54
91 643 100 10 125 0.08 0.54
46 357 100 10 125 0.08 0.54
32 212 100 10 125 0.08 0.56
37 275 100 10 125 0.08 0.56
51 346 100 10 125 0.08 0.56
57 423 100 10 125 0.08 0.56
30 229 100 10 125 0.08 0.58
47 330 100 10 125 0.08 0.58
48 362 100 10 125 0.08 0.58
57 428 100 10 125 0.08 0.58
42 320 100 10 125 0.08 0.6
38 271 100 10 125 0.08 0.6
61 456 100 10 125 0.08 0.6
60 434 100 10 125 0.08 0.6
42 318 100 10 125 0.08 0.62
46 335 100 10 125 0.08 0.62
45 336 100 10 125 0.08 0.62
55 399 100 10 125 0.08 0.62
47 315 100 10 125 0.08 0.64
15 120 100 10 125 0.08 0.64
31 227 100 10 125 0.08 0.64
42 307 100 10 125 0.08 0.64
37 252 100 10 125 0.08 0.66
28 203 100 10 125 0.08 0.66
53 346 100 10 125 0.08 0.66
27 210 100 10 125 0.08 0.66
19 144 100 10 125 0.08 0.68
30 224 100 10 125 0.08 0.68
77 565 100 10 125 0.08 0.68
47 360 100 10 125 0.08 0.68
27 207 100 10 125 0.08 0.7
47 294 100 10 125 0.08 0.7
53 347 100 10 125 0.08 0.7
36 267 100 10 125 0.08 0.7
121 829 100 10 125 0.1 0.5
114 829 100 10 125 0.1 0.5
141 1001 100 10 125 0.1 0.5
143 1044 100 10 125 0.1 0.5
185 1323 100 10 125 0.1 0.52
115 834 100 10 125 0.1 0.52
116 845 100 10 125 0.1 0.52
188 1343 100 10 125 0.1 0.52
150 1058 100 10 125 0.1 0.54
103 748 100 10 125 0.1 0.54
104 737 100 10 125 0.1 0.54
163 1161 100 10 125 0.1 0.54
158 1083 100 10 125 0.1 0.56
60 455 100 10 125 0.1 0.56
104 715 100 10 125 0.1 0.56
186 1336 100 10 125 0.1 0.56
81 597 100 10 125 0.1 0.58
129 954 100 10 125 0.1 0.58
96 703 100 10 125 0.1 0.58
131 944 100 10 125 0.1 0.58
90 668 100 10 125 0.1 0.6
114 781 100 10 125 0.1 0.6
310 2223 100 10 125 0.1 0.6
74 576 100 10 125 0.1 0.6
91 665 100 10 125 0.1 0.62
109 776 100 10 125 0.1 0.62
110 825 100 10 125 0.1 0.62
124 899 100 10 125 0.1 0.62
74 531 100 10 125 0.1 0.64
84 618 100 10 125 0.1 0.64
131 929 100 10 125 0.1 0.64
118 883 100 10 125 0.1 0.64
84 628 100 10 125 0.1 0.66
133 946 100 10 125 0.1 0.66
175 1244 100 10 125 0.1 0.66
160 1239 100 10 125 0.1 0.66
149 1077 100 10 125 0.1 0.68
89 653 100 10 125 0.1 0.68
248 1770 100 10 125 0.1 0.68
96 750 100 10 125 0.1 0.68
68 447 100 10 125 0.1 0.7
26 197 100 10 125 0.1 0.7
186 1316 100 10 125 0.1 0.7
57 441 100 10 125 0.1 0.7
