221 597 100 10 75 0.02 0.5
70 417 100 10 75 0.02 0.5
205 578 100 10 75 0.02 0.5
104 555 100 10 75 0.02 0.5
72 419 100 10 75 0.02 0.52
49 312 100 10 75 0.02 0.52
79 429 100 10 75 0.02 0.52
54 351 100 10 75 0.02 0.52
54 291 100 10 75 0.02 0.54
54 275 100 10 75 0.02 0.54
77 392 100 10 75 0.02 0.54
69 415 100 10 75 0.02 0.54
46 310 100 10 75 0.02 0.56
43 287 100 10 75 0.02 0.56
45 306 100 10 75 0.02 0.56
49 316 100 10 75 0.02 0.56
46 313 100 10 75 0.02 0.58
54 357 100 10 75 0.02 0.58
44 295 100 10 75 0.02 0.58
55 347 100 10 75 0.02 0.58
29 176 100 10 75 0.02 0.6
31 163 100 10 75 0.02 0.6
38 224 100 10 75 0.02 0.6
47 243 100 10 75 0.02 0.6
39 209 100 10 75 0.02 0.62
28 195 100 10 75 0.02 0.62
40 217 100 10 75 0.02 0.62
43 291 100 10 75 0.02 0.62
26 193 100 10 75 0.02 0.64
28 194 100 10 75 0.02 0.64
42 286 100 10 75 0.02 0.64
32 225 100 10 75 0.02 0.64
28 200 100 10 75 0.02 0.66
22 152 100 10 75 0.02 0.66
33 230 100 10 75 0.02 0.66
42 287 100 10 75 0.02 0.66
19 138 100 10 75 0.02 0.68
34 237 100 10 75 0.02 0.68
28 199 100 10 75 0.02 0.68
29 214 100 10 75 0.02 0.68
14 100 100 10 75 0.02 0.7
30 212 100 10 75 0.02 0.7
24 173 100 10 75 0.02 0.7
38 266 100 10 75 0.02 0.7
49 337 100 10 75 0.04 0.5
42 284 100 10 75 0.04 0.5
46 315 100 10 75 0.04 0.5
62 411 100 10 75 0.04 0.5
24 169 100 10 75 0.04 0.52
20 151 100 10 75 0.04 0.52
27 186 100 10 75 0.04 0.52
30 214 100 10 75 0.04 0.52
24 170 100 10 75 0.04 0.54
29 200 100 10 75 0.04 0.54
32 216 100 10 75 0.04 0.54
22 160 100 10 75 0.04 0.54
28 198 100 10 75 0.04 0.56
18 139 100 10 75 0.04 0.56
31 218 100 10 75 0.04 0.56
34 239 100 10 75 0.04 0.56
24 176 100 10 75 0.04 0.58
25 180 100 10 75 0.04 0.58
38 256 100 10 75 0.04 0.58
24 173 100 10 75 0.04 0.58
18 119 100 10 75 0.04 0.6
24 174 100 10 75 0.04 0.6
32 214 100 10 75 0.04 0.6
23 169 100 10 75 0.04 0.6
21 152 100 10 75 0.04 0.62
12 87 100 10 75 0.04 0.62
28 193 100 10 75 0.04 0.62
20 147 100 10 75 0.04 0.62
26 185 100 10 75 0.04 0.64
18 129 100 10 75 0.04 0.64
23 170 100 10 75 0.04 0.64
23 164 100 10 75 0.04 0.64
15 106 100 10 75 0.04 0.66
23 147 100 10 75 0.04 0.66
18 129 100 10 75 0.04 0.66
25 163 100 10 75 0.04 0.66
23 157 100 10 75 0.04 0.68
19 136 100 10 75 0.04 0.68
21 148 100 10 75 0.04 0.68
21 154 100 10 75 0.04 0.68
13 94 100 10 75 0.04 0.7
9 61 100 10 75 0.04 0.7
16 119 100 10 75 0.04 0.7
31 224 100 10 75 0.04 0.7
62 427 100 10 75 0.06 0.5
48 344 100 10 75 0.06 0.5
65 435 100 10 75 0.06 0.5
46 322 100 10 75 0.06 0.5
33 237 100 10 75 0.06 0.52
17 121 100 10 75 0.06 0.52
37 266 100 10 75 0.06 0.52
28 201 100 10 75 0.06 0.52
31 224 100 10 75 0.06 0.54
34 235 100 10 75 0.06 0.54
54 343 100 10 75 0.06 0.54
31 216 100 10 75 0.06 0.54
33 227 100 10 75 0.06 0.56
23 168 100 10 75 0.06 0.56
63 430 100 10 75 0.06 0.56
16 122 100 10 75 0.06 0.56
27 192 100 10 75 0.06 0.58
20 139 100 10 75 0.06 0.58
58 388 100 10 75 0.06 0.58
36 258 100 10 75 0.06 0.58
21 151 100 10 75 0.06 0.6
17 119 100 10 75 0.06 0.6
15 113 100 10 75 0.06 0.6
24 166 100 10 75 0.06 0.6
22 161 100 10 75 0.06 0.62
17 126 100 10 75 0.06 0.62
23 163 100 10 75 0.06 0.62
36 253 100 10 75 0.06 0.62
21 147 100 10 75 0.06 0.64
23 164 100 10 75 0.06 0.64
31 221 100 10 75 0.06 0.64
33 232 100 10 75 0.06 0.64
40 280 100 10 75 0.06 0.66
22 153 100 10 75 0.06 0.66
22 158 100 10 75 0.06 0.66
45 303 100 10 75 0.06 0.66
24 168 100 10 75 0.06 0.68
30 194 100 10 75 0.06 0.68
19 136 100 10 75 0.06 0.68
42 286 100 10 75 0.06 0.68
38 266 100 10 75 0.06 0.7
20 142 100 10 75 0.06 0.7
29 195 100 10 75 0.06 0.7
31 214 100 10 75 0.06 0.7
68 471 100 10 75 0.08 0.5
71 487 100 10 75 0.08 0.5
65 457 100 10 75 0.08 0.5
84 591 100 10 75 0.08 0.5
53 377 100 10 75 0.08 0.52
31 221 100 10 75 0.08 0.52
48 333 100 10 75 0.08 0.52
60 428 100 10 75 0.08 0.52
46 331 100 10 75 0.08 0.54
45 312 100 10 75 0.08 0.54
92 644 100 10 75 0.08 0.54
68 494 100 10 75 0.08 0.54
71 464 100 10 75 0.08 0.56
92 596 100 10 75 0.08 0.56
91 606 100 10 75 0.08 0.56
75 466 100 10 75 0.08 0.56
49 344 100 10 75 0.08 0.58
41 287 100 10 75 0.08 0.58
53 373 100 10 75 0.08 0.58
42 297 100 10 75 0.08 0.58
56 397 100 10 75 0.08 0.6
61 427 100 10 75 0.08 0.6
62 421 100 10 75 0.08 0.6
72 502 100 10 75 0.08 0.6
38 265 100 10 75 0.08 0.62
55 381 100 10 75 0.08 0.62
50 338 100 10 75 0.08 0.62
45 314 100 10 75 0.08 0.62
59 402 100 10 75 0.08 0.64
36 252 100 10 75 0.08 0.64
51 349 100 10 75 0.08 0.64
56 395 100 10 75 0.08 0.64
47 332 100 10 75 0.08 0.66
63 436 100 10 75 0.08 0.66
53 374 100 10 75 0.08 0.66
80 537 100 10 75 0.08 0.66
45 309 100 10 75 0.08 0.68
30 206 100 10 75 0.08 0.68
46 317 100 10 75 0.08 0.68
43 301 100 10 75 0.08 0.68
42 282 100 10 75 0.08 0.7
56 410 100 10 75 0.08 0.7
46 313 100 10 75 0.08 0.7
71 558 100 10 75 0.08 0.7
95 821 100 10 75 0.1 0.5
71 597 100 10 75 0.1 0.5
265 2300 100 10 75 0.1 0.5
269 2401 100 10 75 0.1 0.5
108 909 100 10 75 0.1 0.52
122 1042 100 10 75 0.1 0.52
116 970 100 10 75 0.1 0.52
156 1342 100 10 75 0.1 0.52
106 902 100 10 75 0.1 0.54
121 1005 100 10 75 0.1 0.54
185 1533 100 10 75 0.1 0.54
88 676 100 10 75 0.1 0.54
69 584 100 10 75 0.1 0.56
69 594 100 10 75 0.1 0.56
126 1040 100 10 75 0.1 0.56
91 808 100 10 75 0.1 0.56
116 984 100 10 75 0.1 0.58
64 549 100 10 75 0.1 0.58
70 607 100 10 75 0.1 0.58
172 1457 100 10 75 0.1 0.58
72 527 100 10 75 0.1 0.6
109 911 100 10 75 0.1 0.6
78 633 100 10 75 0.1 0.6
115 973 100 10 75 0.1 0.6
96 818 100 10 75 0.1 0.62
66 513 100 10 75 0.1 0.62
63 538 100 10 75 0.1 0.62
127 1035 100 10 75 0.1 0.62
94 784 100 10 75 0.1 0.64
157 1309 100 10 75 0.1 0.64
101 851 100 10 75 0.1 0.64
151 1253 100 10 75 0.1 0.64
88 692 100 10 75 0.1 0.66
53 440 100 10 75 0.1 0.66
115 949 100 10 75 0.1 0.66
121 1066 100 10 75 0.1 0.66
154 1291 100 10 75 0.1 0.68
69 594 100 10 75 0.1 0.68
83 701 100 10 75 0.1 0.68
142 1188 100 10 75 0.1 0.68
77 645 100 10 75 0.1 0.7
91 761 100 10 75 0.1 0.7
114 964 100 10 75 0.1 0.7
106 929 100 10 75 0.1 0.7
58 392 100 10 100 0.02 0.5
45 325 100 10 100 0.02 0.5
81 545 100 10 100 0.02 0.5
122 819 100 10 100 0.02 0.5
38 278 100 10 100 0.02 0.52
60 418 100 10 100 0.02 0.52
71 487 100 10 100 0.02 0.52
56 401 100 10 100 0.02 0.52
43 271 100 10 100 0.02 0.54
41 308 100 10 100 0.02 0.54
56 362 100 10 100 0.02 0.54
46 330 100 10 100 0.02 0.54
48 341 100 10 100 0.02 0.56
30 232 100 10 100 0.02 0.56
53 392 100 10 100 0.02 0.56
42 319 100 10 100 0.02 0.56
38 251 100 10 100 0.02 0.58
53 388 100 10 100 0.02 0.58
58 376 100 10 100 0.02 0.58
43 324 100 10 100 0.02 0.58
38 238 100 10 100 0.02 0.6
30 223 100 10 100 0.02 0.6
40 259 100 10 100 0.02 0.6
31 233 100 10 100 0.02 0.6
46 289 100 10 100 0.02 0.62
29 229 100 10 100 0.02 0.62
53 344 100 10 100 0.02 0.62
38 295 100 10 100 0.02 0.62
20 166 100 10 100 0.02 0.64
17 137 100 10 100 0.02 0.64
31 254 100 10 100 0.02 0.64
25 207 100 10 100 0.02 0.64
30 242 100 10 100 0.02 0.66
18 143 100 10 100 0.02 0.66
27 211 100 10 100 0.02 0.66
22 177 100 10 100 0.02 0.66
28 228 100 10 100 0.02 0.68
27 217 100 10 100 0.02 0.68
39 293 100 10 100 0.02 0.68
33 263 100 10 100 0.02 0.68
13 104 100 10 100 0.02 0.7
18 152 100 10 100 0.02 0.7
18 150 100 10 100 0.02 0.7
15 131 100 10 100 0.02 0.7
47 324 100 10 100 0.04 0.5
48 331 100 10 100 0.04 0.5
49 353 100 10 100 0.04 0.5
47 345 100 10 100 0.04 0.5
25 189 100 10 100 0.04 0.52
34 254 100 10 100 0.04 0.52
37 263 100 10 100 0.04 0.52
40 256 100 10 100 0.04 0.52
18 147 100 10 100 0.04 0.54
25 188 100 10 100 0.04 0.54
22 185 100 10 100 0.04 0.54
26 195 100 10 100 0.04 0.54
29 233 100 10 100 0.04 0.56
23 179 100 10 100 0.04 0.56
23 184 100 10 100 0.04 0.56
42 308 100 10 100 0.04 0.56
21 163 100 10 100 0.04 0.58
17 139 100 10 100 0.04 0.58
31 236 100 10 100 0.04 0.58
37 277 100 10 100 0.04 0.58
16 140 100 10 100 0.04 0.6
16 131 100 10 100 0.04 0.6
23 170 100 10 100 0.04 0.6
24 202 100 10 100 0.04 0.6
18 147 100 10 100 0.04 0.62
21 176 100 10 100 0.04 0.62
20 161 100 10 100 0.04 0.62
22 190 100 10 100 0.04 0.62
16 137 100 10 100 0.04 0.64
20 153 100 10 100 0.04 0.64
29 232 100 10 100 0.04 0.64
26 222 100 10 100 0.04 0.64
19 154 100 10 100 0.04 0.66
15 122 100 10 100 0.04 0.66
17 139 100 10 100 0.04 0.66
32 261 100 10 100 0.04 0.66
15 126 100 10 100 0.04 0.68
14 118 100 10 100 0.04 0.68
23 191 100 10 100 0.04 0.68
20 164 100 10 100 0.04 0.68
10 84 100 10 100 0.04 0.7
25 207 100 10 100 0.04 0.7
21 172 100 10 100 0.04 0.7
18 149 100 10 100 0.04 0.7
33 262 100 10 100 0.06 0.5
36 258 100 10 100 0.06 0.5
71 535 100 10 100 0.06 0.5
19 172 100 10 100 0.06 0.5
29 222 100 10 100 0.06 0.52
30 244 100 10 100 0.06 0.52
21 156 100 10 100 0.06 0.52
50 386 100 10 100 0.06 0.52
15 121 100 10 100 0.06 0.54
27 209 100 10 100 0.06 0.54
17 138 100 10 100 0.06 0.54
33 252 100 10 100 0.06 0.54
20 162 100 10 100 0.06 0.56
37 288 100 10 100 0.06 0.56
38 289 100 10 100 0.06 0.56
28 218 100 10 100 0.06 0.56
40 305 100 10 100 0.06 0.58
24 188 100 10 100 0.06 0.58
42 332 100 10 100 0.06 0.58
35 258 100 10 100 0.06 0.58
18 152 100 10 100 0.06 0.6
11 95 100 10 100 0.06 0.6
14 120 100 10 100 0.06 0.6
21 181 100 10 100 0.06 0.6
17 142 100 10 100 0.06 0.62
18 148 100 10 100 0.06 0.62
19 158 100 10 100 0.06 0.62
24 202 100 10 100 0.06 0.62
23 187 100 10 100 0.06 0.64
14 116 100 10 100 0.06 0.64
29 236 100 10 100 0.06 0.64
17 144 100 10 100 0.06 0.64
17 139 100 10 100 0.06 0.66
20 172 100 10 100 0.06 0.66
23 192 100 10 100 0.06 0.66
16 134 100 10 100 0.06 0.66
14 105 100 10 100 0.06 0.68
13 113 100 10 100 0.06 0.68
19 166 100 10 100 0.06 0.68
16 144 100 10 100 0.06 0.68
21 160 100 10 100 0.06 0.7
12 103 100 10 100 0.06 0.7
17 135 100 10 100 0.06 0.7
21 182 100 10 100 0.06 0.7
91 691 100 10 100 0.08 0.5
63 489 100 10 100 0.08 0.5
120 904 100 10 100 0.08 0.5
75 603 100 10 100 0.08 0.5
38 303 100 10 100 0.08 0.52
33 259 100 10 100 0.08 0.52
43 349 100 10 100 0.08 0.52
29 232 100 10 100 0.08 0.52
51 390 100 10 100 0.08 0.54
38 298 100 10 100 0.08 0.54
34 274 100 10 100 0.08 0.54
95 726 100 10 100 0.08 0.54
37 301 100 10 100 0.08 0.56
58 462 100 10 100 0.08 0.56
37 298 100 10 100 0.08 0.56
72 542 100 10 100 0.08 0.56
48 376 100 10 100 0.08 0.58
52 405 100 10 100 0.08 0.58
62 482 100 10 100 0.08 0.58
59 468 100 10 100 0.08 0.58
37 298 100 10 100 0.08 0.6
25 214 100 10 100 0.08 0.6
30 249 100 10 100 0.08 0.6
36 293 100 10 100 0.08 0.6
21 168 100 10 100 0.08 0.62
43 347 100 10 100 0.08 0.62
35 265 100 10 100 0.08 0.62
75 592 100 10 100 0.08 0.62
18 150 100 10 100 0.08 0.64
45 363 100 10 100 0.08 0.64
43 344 100 10 100 0.08 0.64
52 428 100 10 100 0.08 0.64
44 343 100 10 100 0.08 0.66
17 145 100 10 100 0.08 0.66
86 671 100 10 100 0.08 0.66
27 232 100 10 100 0.08 0.66
45 360 100 10 100 0.08 0.68
28 230 100 10 100 0.08 0.68
45 360 100 10 100 0.08 0.68
42 344 100 10 100 0.08 0.68
18 144 100 10 100 0.08 0.7
36 285 100 10 100 0.08 0.7
50 400 100 10 100 0.08 0.7
16 135 100 10 100 0.08 0.7
117 859 100 10 100 0.1 0.5
110 872 100 10 100 0.1 0.5
92 684 100 10 100 0.1 0.5
176 1367 100 10 100 0.1 0.5
90 716 100 10 100 0.1 0.52
177 1333 100 10 100 0.1 0.52
136 1064 100 10 100 0.1 0.52
174 1326 100 10 100 0.1 0.52
81 619 100 10 100 0.1 0.54
100 768 100 10 100 0.1 0.54
101 783 100 10 100 0.1 0.54
175 1345 100 10 100 0.1 0.54
58 400 100 10 100 0.1 0.56
84 660 100 10 100 0.1 0.56
127 922 100 10 100 0.1 0.56
75 614 100 10 100 0.1 0.56
108 791 100 10 100 0.1 0.58
103 745 100 10 100 0.1 0.58
114 842 100 10 100 0.1 0.58
149 1095 100 10 100 0.1 0.58
126 972 100 10 100 0.1 0.6
237 1772 100 10 100 0.1 0.6
142 1079 100 10 100 0.1 0.6
236 1785 100 10 100 0.1 0.6
137 1080 100 10 100 0.1 0.62
102 801 100 10 100 0.1 0.62
95 750 100 10 100 0.1 0.62
163 1298 100 10 100 0.1 0.62
29 233 100 10 100 0.1 0.64
146 1147 100 10 100 0.1 0.64
67 530 100 10 100 0.1 0.64
164 1299 100 10 100 0.1 0.64
94 731 100 10 100 0.1 0.66
107 843 100 10 100 0.1 0.66
86 684 100 10 100 0.1 0.66
188 1498 100 10 100 0.1 0.66
142 1034 100 10 100 0.1 0.68
62 451 100 10 100 0.1 0.68
51 403 100 10 100 0.1 0.68
211 1514 100 10 100 0.1 0.68
183 1317 100 10 100 0.1 0.7
38 299 100 10 100 0.1 0.7
145 1074 100 10 100 0.1 0.7
85 651 100 10 100 0.1 0.7
74 464 100 10 125 0.02 0.5
48 313 100 10 125 0.02 0.5
93 559 100 10 125 0.02 0.5
120 721 100 10 125 0.02 0.5
45 318 100 10 125 0.02 0.52
27 196 100 10 125 0.02 0.52
55 376 100 10 125 0.02 0.52
52 375 100 10 125 0.02 0.52
52 355 100 10 125 0.02 0.54
58 389 100 10 125 0.02 0.54
66 431 100 10 125 0.02 0.54
50 330 100 10 125 0.02 0.54
31 232 100 10 125 0.02 0.56
42 295 100 10 125 0.02 0.56
63 400 100 10 125 0.02 0.56
50 355 100 10 125 0.02 0.56
73 474 100 10 125 0.02 0.58
41 288 100 10 125 0.02 0.58
64 412 100 10 125 0.02 0.58
54 345 100 10 125 0.02 0.58
42 307 100 10 125 0.02 0.6
16 135 100 10 125 0.02 0.6
23 180 100 10 125 0.02 0.6
36 257 100 10 125 0.02 0.6
28 211 100 10 125 0.02 0.62
22 171 100 10 125 0.02 0.62
29 231 100 10 125 0.02 0.62
49 363 100 10 125 0.02 0.62
29 225 100 10 125 0.02 0.64
33 244 100 10 125 0.02 0.64
47 328 100 10 125 0.02 0.64
28 220 100 10 125 0.02 0.64
30 184 100 10 125 0.02 0.66
22 175 100 10 125 0.02 0.66
42 255 100 10 125 0.02 0.66
23 191 100 10 125 0.02 0.66
28 187 100 10 125 0.02 0.68
24 192 100 10 125 0.02 0.68
34 227 100 10 125 0.02 0.68
21 168 100 10 125 0.02 0.68
14 113 100 10 125 0.02 0.7
19 146 100 10 125 0.02 0.7
21 167 100 10 125 0.02 0.7
31 244 100 10 125 0.02 0.7
45 277 100 10 125 0.04 0.5
61 379 100 10 125 0.04 0.5
83 501 100 10 125 0.04 0.5
38 275 100 10 125 0.04 0.5
25 186 100 10 125 0.04 0.52
47 299 100 10 125 0.04 0.52
41 266 100 10 125 0.04 0.52
39 279 100 10 125 0.04 0.52
36 240 100 10 125 0.04 0.54
42 282 100 10 125 0.04 0.54
38 268 100 10 125 0.04 0.54
40 288 100 10 125 0.04 0.54
20 147 100 10 125 0.04 0.56
19 146 100 10 125 0.04 0.56
27 186 100 10 125 0.04 0.56
39 272 100 10 125 0.04 0.56
26 186 100 10 125 0.04 0.58
26 190 100 10 125 0.04 0.58
28 201 100 10 125 0.04 0.58
27 200 100 10 125 0.04 0.58
15 121 100 10 125 0.04 0.6
22 171 100 10 125 0.04 0.6
33 238 100 10 125 0.04 0.6
24 191 100 10 125 0.04 0.6
21 169 100 10 125 0.04 0.62
18 138 100 10 125 0.04 0.62
32 221 100 10 125 0.04 0.62
15 123 100 10 125 0.04 0.62
21 155 100 10 125 0.04 0.64
18 146 100 10 125 0.04 0.64
30 224 100 10 125 0.04 0.64
11 94 100 10 125 0.04 0.64
24 181 100 10 125 0.04 0.66
24 176 100 10 125 0.04 0.66
25 186 100 10 125 0.04 0.66
24 188 100 10 125 0.04 0.66
21 153 100 10 125 0.04 0.68
16 128 100 10 125 0.04 0.68
31 232 100 10 125 0.04 0.68
11 94 100 10 125 0.04 0.68
15 116 100 10 125 0.04 0.7
13 105 100 10 125 0.04 0.7
10 82 100 10 125 0.04 0.7
25 190 100 10 125 0.04 0.7
44 316 100 10 125 0.06 0.5
45 306 100 10 125 0.06 0.5
73 495 100 10 125 0.06 0.5
59 394 100 10 125 0.06 0.5
27 197 100 10 125 0.06 0.52
39 271 100 10 125 0.06 0.52
29 222 100 10 125 0.06 0.52
76 477 100 10 125 0.06 0.52
21 165 100 10 125 0.06 0.54
25 188 100 10 125 0.06 0.54
32 239 100 10 125 0.06 0.54
61 401 100 10 125 0.06 0.54
22 176 100 10 125 0.06 0.56
35 256 100 10 125 0.06 0.56
32 240 100 10 125 0.06 0.56
32 236 100 10 125 0.06 0.56
15 126 100 10 125 0.06 0.58
26 197 100 10 125 0.06 0.58
33 248 100 10 125 0.06 0.58
20 155 100 10 125 0.06 0.58
13 104 100 10 125 0.06 0.6
14 114 100 10 125 0.06 0.6
17 133 100 10 125 0.06 0.6
13 100 100 10 125 0.06 0.6
17 134 100 10 125 0.06 0.62
25 186 100 10 125 0.06 0.62
22 170 100 10 125 0.06 0.62
21 162 100 10 125 0.06 0.62
17 136 100 10 125 0.06 0.64
16 124 100 10 125 0.06 0.64
29 212 100 10 125 0.06 0.64
25 189 100 10 125 0.06 0.64
21 162 100 10 125 0.06 0.66
16 132 100 10 125 0.06 0.66
18 149 100 10 125 0.06 0.66
21 158 100 10 125 0.06 0.66
23 177 100 10 125 0.06 0.68
25 191 100 10 125 0.06 0.68
28 215 100 10 125 0.06 0.68
33 261 100 10 125 0.06 0.68
11 86 100 10 125 0.06 0.7
18 132 100 10 125 0.06 0.7
27 207 100 10 125 0.06 0.7
23 188 100 10 125 0.06 0.7
84 596 100 10 125 0.08 0.5
82 582 100 10 125 0.08 0.5
85 593 100 10 125 0.08 0.5
92 622 100 10 125 0.08 0.5
70 509 100 10 125 0.08 0.52
26 200 100 10 125 0.08 0.52
97 684 100 10 125 0.08 0.52
39 302 100 10 125 0.08 0.52
38 286 100 10 125 0.08 0.54
38 282 100 10 125 0.08 0.54
69 490 100 10 125 0.08 0.54
39 310 100 10 125 0.08 0.54
55 419 100 10 125 0.08 0.56
36 264 100 10 125 0.08 0.56
44 332 100 10 125 0.08 0.56
70 502 100 10 125 0.08 0.56
42 309 100 10 125 0.08 0.58
57 418 100 10 125 0.08 0.58
38 297 100 10 125 0.08 0.58
81 575 100 10 125 0.08 0.58
22 173 100 10 125 0.08 0.6
29 230 100 10 125 0.08 0.6
19 152 100 10 125 0.08 0.6
39 299 100 10 125 0.08 0.6
43 332 100 10 125 0.08 0.62
40 303 100 10 125 0.08 0.62
79 577 100 10 125 0.08 0.62
37 279 100 10 125 0.08 0.62
24 188 100 10 125 0.08 0.64
44 327 100 10 125 0.08 0.64
41 313 100 10 125 0.08 0.64
32 235 100 10 125 0.08 0.64
43 330 100 10 125 0.08 0.66
45 337 100 10 125 0.08 0.66
67 491 100 10 125 0.08 0.66
52 403 100 10 125 0.08 0.66
51 328 100 10 125 0.08 0.68
37 285 100 10 125 0.08 0.68
55 361 100 10 125 0.08 0.68
38 290 100 10 125 0.08 0.68
22 173 100 10 125 0.08 0.7
26 194 100 10 125 0.08 0.7
43 321 100 10 125 0.08 0.7
26 208 100 10 125 0.08 0.7
114 813 100 10 125 0.1 0.5
119 869 100 10 125 0.1 0.5
135 968 100 10 125 0.1 0.5
141 1033 100 10 125 0.1 0.5
122 857 100 10 125 0.1 0.52
142 971 100 10 125 0.1 0.52
229 1513 100 10 125 0.1 0.52
64 493 100 10 125 0.1 0.52
95 686 100 10 125 0.1 0.54
108 776 100 10 125 0.1 0.54
150 1066 100 10 125 0.1 0.54
69 521 100 10 125 0.1 0.54
189 1351 100 10 125 0.1 0.56
116 830 100 10 125 0.1 0.56
98 704 100 10 125 0.1 0.56
209 1487 100 10 125 0.1 0.56
93 654 100 10 125 0.1 0.58
100 713 100 10 125 0.1 0.58
221 1461 100 10 125 0.1 0.58
104 805 100 10 125 0.1 0.58
102 760 100 10 125 0.1 0.6
80 561 100 10 125 0.1 0.6
361 2658 100 10 125 0.1 0.6
174 1290 100 10 125 0.1 0.6
121 872 100 10 125 0.1 0.62
75 564 100 10 125 0.1 0.62
114 842 100 10 125 0.1 0.62
100 735 100 10 125 0.1 0.62
66 490 100 10 125 0.1 0.64
87 661 100 10 125 0.1 0.64
114 819 100 10 125 0.1 0.64
83 626 100 10 125 0.1 0.64
79 579 100 10 125 0.1 0.66
35 273 100 10 125 0.1 0.66
67 497 100 10 125 0.1 0.66
121 918 100 10 125 0.1 0.66
82 605 100 10 125 0.1 0.68
64 488 100 10 125 0.1 0.68
60 436 100 10 125 0.1 0.68
140 1013 100 10 125 0.1 0.68
171 1215 100 10 125 0.1 0.7
51 395 100 10 125 0.1 0.7
147 1041 100 10 125 0.1 0.7
100 741 100 10 125 0.1 0.7
3214 10028 100 40 75 0.02 0.5
4465 13953 100 40 75 0.02 0.5
8445 26381 100 40 75 0.02 0.5
10940 34913 100 40 75 0.02 0.5
3350 10439 100 40 75 0.02 0.52
3948 12332 100 40 75 0.02 0.52
11157 35005 100 40 75 0.02 0.52
5896 18976 100 40 75 0.02 0.52
3163 9872 100 40 75 0.02 0.54
9152 28469 100 40 75 0.02 0.54
2523 7836 100 40 75 0.02 0.54
11253 35155 100 40 75 0.02 0.54
1327 4150 100 40 75 0.02 0.56
4443 13865 100 40 75 0.02 0.56
4149 12992 100 40 75 0.02 0.56
9484 30108 100 40 75 0.02 0.56
1492 4645 100 40 75 0.02 0.58
1570 4894 100 40 75 0.02 0.58
1076 3385 100 40 75 0.02 0.58
3548 11130 100 40 75 0.02 0.58
1259 3898 100 40 75 0.02 0.6
2082 6476 100 40 75 0.02 0.6
1409 4370 100 40 75 0.02 0.6
1991 6196 100 40 75 0.02 0.6
789 2445 100 40 75 0.02 0.62
734 2317 100 40 75 0.02 0.62
1009 3127 100 40 75 0.02 0.62
3842 12164 100 40 75 0.02 0.62
768 1283 100 40 75 0.02 0.64
655 1197 100 40 75 0.02 0.64
1015 1922 100 40 75 0.02 0.64
516 1177 100 40 75 0.02 0.64
278 866 100 40 75 0.02 0.66
346 1095 100 40 75 0.02 0.66
537 1666 100 40 75 0.02 0.66
393 1270 100 40 75 0.02 0.66
149 458 100 40 75 0.02 0.68
279 864 100 40 75 0.02 0.68
259 813 100 40 75 0.02 0.68
393 1243 100 40 75 0.02 0.68
153 488 100 40 75 0.02 0.7
201 622 100 40 75 0.02 0.7
309 967 100 40 75 0.02 0.7
106 317 100 40 75 0.02 0.7
257 812 100 40 75 0.04 0.5
510 1550 100 40 75 0.04 0.5
430 1322 100 40 75 0.04 0.5
659 2062 100 40 75 0.04 0.5
471 1473 100 40 75 0.04 0.52
251 789 100 40 75 0.04 0.52
271 847 100 40 75 0.04 0.52
452 1418 100 40 75 0.04 0.52
237 749 100 40 75 0.04 0.54
281 876 100 40 75 0.04 0.54
267 829 100 40 75 0.04 0.54
430 1346 100 40 75 0.04 0.54
139 443 100 40 75 0.04 0.56
144 455 100 40 75 0.04 0.56
417 1301 100 40 75 0.04 0.56
217 702 100 40 75 0.04 0.56
178 551 100 40 75 0.04 0.58
100 321 100 40 75 0.04 0.58
142 455 100 40 75 0.04 0.58
195 603 100 40 75 0.04 0.58
89 288 100 40 75 0.04 0.6
123 394 100 40 75 0.04 0.6
205 648 100 40 75 0.04 0.6
72 237 100 40 75 0.04 0.6
55 179 100 40 75 0.04 0.62
43 144 100 40 75 0.04 0.62
147 463 100 40 75 0.04 0.62
76 248 100 40 75 0.04 0.62
53 175 100 40 75 0.04 0.64
154 487 100 40 75 0.04 0.64
169 535 100 40 75 0.04 0.64
75 245 100 40 75 0.04 0.64
43 139 100 40 75 0.04 0.66
38 125 100 40 75 0.04 0.66
62 200 100 40 75 0.04 0.66
66 212 100 40 75 0.04 0.66
38 124 100 40 75 0.04 0.68
28 92 100 40 75 0.04 0.68
37 119 100 40 75 0.04 0.68
40 125 100 40 75 0.04 0.68
34 110 100 40 75 0.04 0.7
32 105 100 40 75 0.04 0.7
35 113 100 40 75 0.04 0.7
38 123 100 40 75 0.04 0.7
256 485 100 40 75 0.06 0.5
387 343 100 40 75 0.06 0.5
102 324 100 40 75 0.06 0.5
551 543 100 40 75 0.06 0.5
69 225 100 40 75 0.06 0.52
76 229 100 40 75 0.06 0.52
90 279 100 40 75 0.06 0.52
222 710 100 40 75 0.06 0.52
50 163 100 40 75 0.06 0.54
82 260 100 40 75 0.06 0.54
56 182 100 40 75 0.06 0.54
94 301 100 40 75 0.06 0.54
51 164 100 40 75 0.06 0.56
33 109 100 40 75 0.06 0.56
72 230 100 40 75 0.06 0.56
46 152 100 40 75 0.06 0.56
40 132 100 40 75 0.06 0.58
23 74 100 40 75 0.06 0.58
38 123 100 40 75 0.06 0.58
49 156 100 40 75 0.06 0.58
31 105 100 40 75 0.06 0.6
49 154 100 40 75 0.06 0.6
47 157 100 40 75 0.06 0.6
37 121 100 40 75 0.06 0.6
24 78 100 40 75 0.06 0.62
34 109 100 40 75 0.06 0.62
58 181 100 40 75 0.06 0.62
31 104 100 40 75 0.06 0.62
32 107 100 40 75 0.06 0.64
29 93 100 40 75 0.06 0.64
38 124 100 40 75 0.06 0.64
60 199 100 40 75 0.06 0.64
45 147 100 40 75 0.06 0.66
19 61 100 40 75 0.06 0.66
32 106 100 40 75 0.06 0.66
53 172 100 40 75 0.06 0.66
17 56 100 40 75 0.06 0.68
23 75 100 40 75 0.06 0.68
30 96 100 40 75 0.06 0.68
31 99 100 40 75 0.06 0.68
18 56 100 40 75 0.06 0.7
18 55 100 40 75 0.06 0.7
41 133 100 40 75 0.06 0.7
12 37 100 40 75 0.06 0.7
78 241 100 40 75 0.08 0.5
61 196 100 40 75 0.08 0.5
75 232 100 40 75 0.08 0.5
78 250 100 40 75 0.08 0.5
50 158 100 40 75 0.08 0.52
54 172 100 40 75 0.08 0.52
79 251 100 40 75 0.08 0.52
47 148 100 40 75 0.08 0.52
59 184 100 40 75 0.08 0.54
26 79 100 40 75 0.08 0.54
64 203 100 40 75 0.08 0.54
52 165 100 40 75 0.08 0.54
39 127 100 40 75 0.08 0.56
40 110 100 40 75 0.08 0.56
55 155 100 40 75 0.08 0.56
29 96 100 40 75 0.08 0.56
21 67 100 40 75 0.08 0.58
26 65 100 40 75 0.08 0.58
40 104 100 40 75 0.08 0.58
22 74 100 40 75 0.08 0.58
22 70 100 40 75 0.08 0.6
28 76 100 40 75 0.08 0.6
52 150 100 40 75 0.08 0.6
39 128 100 40 75 0.08 0.6
34 100 100 40 75 0.08 0.62
35 111 100 40 75 0.08 0.62
33 95 100 40 75 0.08 0.62
36 116 100 40 75 0.08 0.62
29 88 100 40 75 0.08 0.64
21 68 100 40 75 0.08 0.64
36 108 100 40 75 0.08 0.64
27 88 100 40 75 0.08 0.64
27 80 100 40 75 0.08 0.66
22 72 100 40 75 0.08 0.66
20 62 100 40 75 0.08 0.66
30 96 100 40 75 0.08 0.66
14 39 100 40 75 0.08 0.68
22 70 100 40 75 0.08 0.68
15 43 100 40 75 0.08 0.68
26 84 100 40 75 0.08 0.68
18 53 100 40 75 0.08 0.7
20 62 100 40 75 0.08 0.7
19 59 100 40 75 0.08 0.7
30 98 100 40 75 0.08 0.7
50 128 100 40 75 0.1 0.5
51 128 100 40 75 0.1 0.5
39 109 100 40 75 0.1 0.5
100 246 100 40 75 0.1 0.5
63 183 100 40 75 0.1 0.52
23 69 100 40 75 0.1 0.52
64 186 100 40 75 0.1 0.52
51 158 100 40 75 0.1 0.52
57 143 100 40 75 0.1 0.54
34 106 100 40 75 0.1 0.54
60 158 100 40 75 0.1 0.54
88 282 100 40 75 0.1 0.54
55 174 100 40 75 0.1 0.56
38 119 100 40 75 0.1 0.56
89 279 100 40 75 0.1 0.56
35 115 100 40 75 0.1 0.56
27 85 100 40 75 0.1 0.58
42 134 100 40 75 0.1 0.58
72 224 100 40 75 0.1 0.58
39 126 100 40 75 0.1 0.58
31 93 100 40 75 0.1 0.6
32 101 100 40 75 0.1 0.6
39 109 100 40 75 0.1 0.6
29 91 100 40 75 0.1 0.6
25 73 100 40 75 0.1 0.62
26 81 100 40 75 0.1 0.62
45 135 100 40 75 0.1 0.62
41 128 100 40 75 0.1 0.62
23 70 100 40 75 0.1 0.64
19 58 100 40 75 0.1 0.64
36 112 100 40 75 0.1 0.64
22 70 100 40 75 0.1 0.64
19 57 100 40 75 0.1 0.66
19 58 100 40 75 0.1 0.66
23 74 100 40 75 0.1 0.66
25 79 100 40 75 0.1 0.66
25 79 100 40 75 0.1 0.68
29 79 100 40 75 0.1 0.68
38 104 100 40 75 0.1 0.68
21 67 100 40 75 0.1 0.68
19 56 100 40 75 0.1 0.7
33 102 100 40 75 0.1 0.7
46 143 100 40 75 0.1 0.7
26 81 100 40 75 0.1 0.7
3661 10433 100 40 100 0.02 0.5
19570 55664 100 40 100 0.02 0.5
37255 108825 100 40 100 0.02 0.5
15475 45324 100 40 100 0.02 0.5
4033 11273 100 40 100 0.02 0.52
3999 11406 100 40 100 0.02 0.52
6413 18223 100 40 100 0.02 0.52
3624 10431 100 40 100 0.02 0.52
1564 4481 100 40 100 0.02 0.54
4649 13155 100 40 100 0.02 0.54
3104 8901 100 40 100 0.02 0.54
4640 13319 100 40 100 0.02 0.54
5151 14623 100 40 100 0.02 0.56
1508 4298 100 40 100 0.02 0.56
9339 26691 100 40 100 0.02 0.56
4585 13209 100 40 100 0.02 0.56
1016 2897 100 40 100 0.02 0.58
1757 5014 100 40 100 0.02 0.58
1663 4696 100 40 100 0.02 0.58
2090 5958 100 40 100 0.02 0.58
562 1644 100 40 100 0.02 0.6
497 1439 100 40 100 0.02 0.6
1096 3136 100 40 100 0.02 0.6
1513 4414 100 40 100 0.02 0.6
774 2218 100 40 100 0.02 0.62
874 2509 100 40 100 0.02 0.62
837 2405 100 40 100 0.02 0.62
860 2444 100 40 100 0.02 0.62
803 2292 100 40 100 0.02 0.64
576 1649 100 40 100 0.02 0.64
628 1785 100 40 100 0.02 0.64
938 2681 100 40 100 0.02 0.64
399 1123 100 40 100 0.02 0.66
373 1092 100 40 100 0.02 0.66
287 835 100 40 100 0.02 0.66
571 1645 100 40 100 0.02 0.66
197 593 100 40 100 0.02 0.68
226 664 100 40 100 0.02 0.68
331 973 100 40 100 0.02 0.68
721 2083 100 40 100 0.02 0.68
133 398 100 40 100 0.02 0.7
144 431 100 40 100 0.02 0.7
127 366 100 40 100 0.02 0.7
202 607 100 40 100 0.02 0.7
632 1821 100 40 100 0.04 0.5
418 1189 100 40 100 0.04 0.5
742 2071 100 40 100 0.04 0.5
702 2008 100 40 100 0.04 0.5
248 743 100 40 100 0.04 0.52
587 1697 100 40 100 0.04 0.52
563 1633 100 40 100 0.04 0.52
426 1234 100 40 100 0.04 0.52
299 867 100 40 100 0.04 0.54
200 583 100 40 100 0.04 0.54
394 1139 100 40 100 0.04 0.54
354 1012 100 40 100 0.04 0.54
308 897 100 40 100 0.04 0.56
161 481 100 40 100 0.04 0.56
119 364 100 40 100 0.04 0.56
372 1078 100 40 100 0.04 0.56
64 197 100 40 100 0.04 0.58
143 403 100 40 100 0.04 0.58
223 641 100 40 100 0.04 0.58
183 549 100 40 100 0.04 0.58
185 526 100 40 100 0.04 0.6
77 238 100 40 100 0.04 0.6
207 590 100 40 100 0.04 0.6
136 409 100 40 100 0.04 0.6
99 304 100 40 100 0.04 0.62
108 329 100 40 100 0.04 0.62
139 422 100 40 100 0.04 0.62
93 294 100 40 100 0.04 0.62
60 179 100 40 100 0.04 0.64
106 319 100 40 100 0.04 0.64
210 620 100 40 100 0.04 0.64
36 117 100 40 100 0.04 0.64
67 206 100 40 100 0.04 0.66
64 199 100 40 100 0.04 0.66
69 212 100 40 100 0.04 0.66
69 205 100 40 100 0.04 0.66
43 137 100 40 100 0.04 0.68
38 117 100 40 100 0.04 0.68
85 264 100 40 100 0.04 0.68
34 112 100 40 100 0.04 0.68
29 92 100 40 100 0.04 0.7
48 147 100 40 100 0.04 0.7
53 159 100 40 100 0.04 0.7
43 139 100 40 100 0.04 0.7
92 278 100 40 100 0.06 0.5
87 265 100 40 100 0.06 0.5
171 494 100 40 100 0.06 0.5
145 437 100 40 100 0.06 0.5
102 307 100 40 100 0.06 0.52
109 314 100 40 100 0.06 0.52
153 439 100 40 100 0.06 0.52
157 451 100 40 100 0.06 0.52
73 221 100 40 100 0.06 0.54
31 98 100 40 100 0.06 0.54
38 117 100 40 100 0.06 0.54
72 217 100 40 100 0.06 0.54
47 140 100 40 100 0.06 0.56
57 177 100 40 100 0.06 0.56
111 316 100 40 100 0.06 0.56
49 148 100 40 100 0.06 0.56
56 170 100 40 100 0.06 0.58
32 101 100 40 100 0.06 0.58
50 156 100 40 100 0.06 0.58
58 184 100 40 100 0.06 0.58
33 103 100 40 100 0.06 0.6
37 115 100 40 100 0.06 0.6
49 149 100 40 100 0.06 0.6
34 110 100 40 100 0.06 0.6
47 124 100 40 100 0.06 0.62
71 211 100 40 100 0.06 0.62
93 261 100 40 100 0.06 0.62
52 162 100 40 100 0.06 0.62
32 104 100 40 100 0.06 0.64
33 105 100 40 100 0.06 0.64
61 186 100 40 100 0.06 0.64
62 192 100 40 100 0.06 0.64
39 108 100 40 100 0.06 0.66
21 65 100 40 100 0.06 0.66
25 64 100 40 100 0.06 0.66
40 124 100 40 100 0.06 0.66
30 91 100 40 100 0.06 0.68
28 88 100 40 100 0.06 0.68
29 87 100 40 100 0.06 0.68
35 108 100 40 100 0.06 0.68
25 79 100 40 100 0.06 0.7
15 46 100 40 100 0.06 0.7
23 72 100 40 100 0.06 0.7
22 67 100 40 100 0.06 0.7
75 229 100 40 100 0.08 0.5
49 150 100 40 100 0.08 0.5
106 311 100 40 100 0.08 0.5
50 154 100 40 100 0.08 0.5
48 154 100 40 100 0.08 0.52
71 216 100 40 100 0.08 0.52
43 138 100 40 100 0.08 0.52
93 277 100 40 100 0.08 0.52
51 152 100 40 100 0.08 0.54
52 160 100 40 100 0.08 0.54
81 236 100 40 100 0.08 0.54
47 145 100 40 100 0.08 0.54
29 92 100 40 100 0.08 0.56
37 106 100 40 100 0.08 0.56
58 174 100 40 100 0.08 0.56
39 114 100 40 100 0.08 0.56
21 62 100 40 100 0.08 0.58
27 87 100 40 100 0.08 0.58
38 117 100 40 100 0.08 0.58
39 125 100 40 100 0.08 0.58
32 97 100 40 100 0.08 0.6
19 59 100 40 100 0.08 0.6
45 135 100 40 100 0.08 0.6
30 97 100 40 100 0.08 0.6
24 74 100 40 100 0.08 0.62
32 98 100 40 100 0.08 0.62
48 150 100 40 100 0.08 0.62
21 69 100 40 100 0.08 0.62
19 59 100 40 100 0.08 0.64
23 72 100 40 100 0.08 0.64
21 67 100 40 100 0.08 0.64
28 85 100 40 100 0.08 0.64
24 76 100 40 100 0.08 0.66
17 53 100 40 100 0.08 0.66
29 90 100 40 100 0.08 0.66
36 112 100 40 100 0.08 0.66
34 98 100 40 100 0.08 0.68
20 62 100 40 100 0.08 0.68
13 38 100 40 100 0.08 0.68
36 106 100 40 100 0.08 0.68
15 46 100 40 100 0.08 0.7
16 47 100 40 100 0.08 0.7
31 96 100 40 100 0.08 0.7
10 29 100 40 100 0.08 0.7
109 309 100 40 100 0.1 0.5
43 134 100 40 100 0.1 0.5
136 394 100 40 100 0.1 0.5
80 242 100 40 100 0.1 0.5
24 74 100 40 100 0.1 0.52
75 221 100 40 100 0.1 0.52
51 158 100 40 100 0.1 0.52
57 177 100 40 100 0.1 0.52
23 72 100 40 100 0.1 0.54
42 131 100 40 100 0.1 0.54
66 199 100 40 100 0.1 0.54
44 135 100 40 100 0.1 0.54
27 85 100 40 100 0.1 0.56
34 87 100 40 100 0.1 0.56
45 139 100 40 100 0.1 0.56
34 91 100 40 100 0.1 0.56
30 96 100 40 100 0.1 0.58
36 105 100 40 100 0.1 0.58
50 155 100 40 100 0.1 0.58
35 102 100 40 100 0.1 0.58
22 66 100 40 100 0.1 0.6
50 135 100 40 100 0.1 0.6
37 96 100 40 100 0.1 0.6
41 128 100 40 100 0.1 0.6
31 86 100 40 100 0.1 0.62
27 82 100 40 100 0.1 0.62
69 196 100 40 100 0.1 0.62
35 105 100 40 100 0.1 0.62
29 90 100 40 100 0.1 0.64
28 75 100 40 100 0.1 0.64
34 106 100 40 100 0.1 0.64
31 85 100 40 100 0.1 0.64
21 65 100 40 100 0.1 0.66
39 98 100 40 100 0.1 0.66
40 104 100 40 100 0.1 0.66
32 100 100 40 100 0.1 0.66
28 81 100 40 100 0.1 0.68
14 44 100 40 100 0.1 0.68
29 89 100 40 100 0.1 0.68
29 91 100 40 100 0.1 0.68
20 53 100 40 100 0.1 0.7
42 127 100 40 100 0.1 0.7
29 84 100 40 100 0.1 0.7
36 111 100 40 100 0.1 0.7
5231 13492 100 40 125 0.02 0.5
17754 45520 100 40 125 0.02 0.5
16321 42207 100 40 125 0.02 0.5
27806 72684 100 40 125 0.02 0.5
6210 15867 100 40 125 0.02 0.52
3436 8867 100 40 125 0.02 0.52
14834 38005 100 40 125 0.02 0.52
14929 38961 100 40 125 0.02 0.52
1637 4240 100 40 125 0.02 0.54
7026 18059 100 40 125 0.02 0.54
7593 19505 100 40 125 0.02 0.54
2137 5539 100 40 125 0.02 0.54
4596 11643 100 40 125 0.02 0.56
1726 4381 100 40 125 0.02 0.56
2710 6906 100 40 125 0.02 0.56
4900 12464 100 40 125 0.02 0.56
1105 2871 100 40 125 0.02 0.58
1786 4604 100 40 125 0.02 0.58
2460 6332 100 40 125 0.02 0.58
1784 4634 100 40 125 0.02 0.58
903 2357 100 40 125 0.02 0.6
1037 2679 100 40 125 0.02 0.6
1404 3630 100 40 125 0.02 0.6
1555 4023 100 40 125 0.02 0.6
878 2276 100 40 125 0.02 0.62
2327 5970 100 40 125 0.02 0.62
2672 6815 100 40 125 0.02 0.62
1592 4163 100 40 125 0.02 0.62
597 1599 100 40 125 0.02 0.64
953 2491 100 40 125 0.02 0.64
481 1270 100 40 125 0.02 0.64
1270 3278 100 40 125 0.02 0.64
355 936 100 40 125 0.02 0.66
639 1682 100 40 125 0.02 0.66
867 2255 100 40 125 0.02 0.66
685 1835 100 40 125 0.02 0.66
200 547 100 40 125 0.02 0.68
467 1261 100 40 125 0.02 0.68
421 1124 100 40 125 0.02 0.68
262 708 100 40 125 0.02 0.68
227 613 100 40 125 0.02 0.7
225 615 100 40 125 0.02 0.7
180 468 100 40 125 0.02 0.7
292 786 100 40 125 0.02 0.7
532 1409 100 40 125 0.04 0.5
461 1230 100 40 125 0.04 0.5
552 1448 100 40 125 0.04 0.5
850 2239 100 40 125 0.04 0.5
650 1688 100 40 125 0.04 0.52
161 447 100 40 125 0.04 0.52
719 1853 100 40 125 0.04 0.52
374 1021 100 40 125 0.04 0.52
1192 1413 100 40 125 0.04 0.54
653 703 100 40 125 0.04 0.54
1107 1374 100 40 125 0.04 0.54
1044 1634 100 40 125 0.04 0.54
169 461 100 40 125 0.04 0.56
391 1024 100 40 125 0.04 0.56
459 1200 100 40 125 0.04 0.56
157 447 100 40 125 0.04 0.56
152 413 100 40 125 0.04 0.58
165 460 100 40 125 0.04 0.58
406 1081 100 40 125 0.04 0.58
164 476 100 40 125 0.04 0.58
89 230 100 40 125 0.04 0.6
81 245 100 40 125 0.04 0.6
216 588 100 40 125 0.04 0.6
84 257 100 40 125 0.04 0.6
127 356 100 40 125 0.04 0.62
83 227 100 40 125 0.04 0.62
68 203 100 40 125 0.04 0.62
146 385 100 40 125 0.04 0.62
60 174 100 40 125 0.04 0.64
119 337 100 40 125 0.04 0.64
171 483 100 40 125 0.04 0.64
80 239 100 40 125 0.04 0.64
60 178 100 40 125 0.04 0.66
33 105 100 40 125 0.04 0.66
90 267 100 40 125 0.04 0.66
50 158 100 40 125 0.04 0.66
84 235 100 40 125 0.04 0.68
36 116 100 40 125 0.04 0.68
62 180 100 40 125 0.04 0.68
60 179 100 40 125 0.04 0.68
53 138 100 40 125 0.04 0.7
38 119 100 40 125 0.04 0.7
74 191 100 40 125 0.04 0.7
49 150 100 40 125 0.04 0.7
68 193 100 40 125 0.06 0.5
99 283 100 40 125 0.06 0.5
91 262 100 40 125 0.06 0.5
214 584 100 40 125 0.06 0.5
153 398 100 40 125 0.06 0.52
58 173 100 40 125 0.06 0.52
81 211 100 40 125 0.06 0.52
137 382 100 40 125 0.06 0.52
96 272 100 40 125 0.06 0.54
96 268 100 40 125 0.06 0.54
155 419 100 40 125 0.06 0.54
65 194 100 40 125 0.06 0.54
81 237 100 40 125 0.06 0.56
54 158 100 40 125 0.06 0.56
94 260 100 40 125 0.06 0.56
96 281 100 40 125 0.06 0.56
55 168 100 40 125 0.06 0.58
63 182 100 40 125 0.06 0.58
98 278 100 40 125 0.06 0.58
43 134 100 40 125 0.06 0.58
28 82 100 40 125 0.06 0.6
21 65 100 40 125 0.06 0.6
71 196 100 40 125 0.06 0.6
44 134 100 40 125 0.06 0.6
54 163 100 40 125 0.06 0.62
30 92 100 40 125 0.06 0.62
48 148 100 40 125 0.06 0.62
38 119 100 40 125 0.06 0.62
35 106 100 40 125 0.06 0.64
35 108 100 40 125 0.06 0.64
51 152 100 40 125 0.06 0.64
58 174 100 40 125 0.06 0.64
50 139 100 40 125 0.06 0.66
31 93 100 40 125 0.06 0.66
49 140 100 40 125 0.06 0.66
33 99 100 40 125 0.06 0.66
37 112 100 40 125 0.06 0.68
26 71 100 40 125 0.06 0.68
37 113 100 40 125 0.06 0.68
28 78 100 40 125 0.06 0.68
20 58 100 40 125 0.06 0.7
24 74 100 40 125 0.06 0.7
35 100 100 40 125 0.06 0.7
40 123 100 40 125 0.06 0.7
30 92 100 40 125 0.08 0.5
83 237 100 40 125 0.08 0.5
47 139 100 40 125 0.08 0.5
128 358 100 40 125 0.08 0.5
33 102 100 40 125 0.08 0.52
78 205 100 40 125 0.08 0.52
40 120 100 40 125 0.08 0.52
80 208 100 40 125 0.08 0.52
46 136 100 40 125 0.08 0.54
45 129 100 40 125 0.08 0.54
71 203 100 40 125 0.08 0.54
61 178 100 40 125 0.08 0.54
40 114 100 40 125 0.08 0.56
46 137 100 40 125 0.08 0.56
44 127 100 40 125 0.08 0.56
52 156 100 40 125 0.08 0.56
67 191 100 40 125 0.08 0.58
34 107 100 40 125 0.08 0.58
51 151 100 40 125 0.08 0.58
54 157 100 40 125 0.08 0.58
47 142 100 40 125 0.08 0.6
18 54 100 40 125 0.08 0.6
45 132 100 40 125 0.08 0.6
78 224 100 40 125 0.08 0.6
34 107 100 40 125 0.08 0.62
20 63 100 40 125 0.08 0.62
38 118 100 40 125 0.08 0.62
34 105 100 40 125 0.08 0.62
26 77 100 40 125 0.08 0.64
23 70 100 40 125 0.08 0.64
35 103 100 40 125 0.08 0.64
26 77 100 40 125 0.08 0.64
28 85 100 40 125 0.08 0.66
19 54 100 40 125 0.08 0.66
29 88 100 40 125 0.08 0.66
24 68 100 40 125 0.08 0.66
22 67 100 40 125 0.08 0.68
23 67 100 40 125 0.08 0.68
37 109 100 40 125 0.08 0.68
30 91 100 40 125 0.08 0.68
29 81 100 40 125 0.08 0.7
18 54 100 40 125 0.08 0.7
25 72 100 40 125 0.08 0.7
22 70 100 40 125 0.08 0.7
48 140 100 40 125 0.1 0.5
58 166 100 40 125 0.1 0.5
67 194 100 40 125 0.1 0.5
63 184 100 40 125 0.1 0.5
38 108 100 40 125 0.1 0.52
68 133 100 40 125 0.1 0.52
98 194 100 40 125 0.1 0.52
64 176 100 40 125 0.1 0.52
50 152 100 40 125 0.1 0.54
38 114 100 40 125 0.1 0.54
60 173 100 40 125 0.1 0.54
59 176 100 40 125 0.1 0.54
53 153 100 40 125 0.1 0.56
32 101 100 40 125 0.1 0.56
68 194 100 40 125 0.1 0.56
47 144 100 40 125 0.1 0.56
22 66 100 40 125 0.1 0.58
40 120 100 40 125 0.1 0.58
33 104 100 40 125 0.1 0.58
36 109 100 40 125 0.1 0.58
34 100 100 40 125 0.1 0.6
30 92 100 40 125 0.1 0.6
44 132 100 40 125 0.1 0.6
25 77 100 40 125 0.1 0.6
22 60 100 40 125 0.1 0.62
39 118 100 40 125 0.1 0.62
24 66 100 40 125 0.1 0.62
54 155 100 40 125 0.1 0.62
30 89 100 40 125 0.1 0.64
24 72 100 40 125 0.1 0.64
29 87 100 40 125 0.1 0.64
58 167 100 40 125 0.1 0.64
38 100 100 40 125 0.1 0.66
22 60 100 40 125 0.1 0.66
36 91 100 40 125 0.1 0.66
24 71 100 40 125 0.1 0.66
26 73 100 40 125 0.1 0.68
26 78 100 40 125 0.1 0.68
33 96 100 40 125 0.1 0.68
26 76 100 40 125 0.1 0.68
18 50 100 40 125 0.1 0.7
19 53 100 40 125 0.1 0.7
35 99 100 40 125 0.1 0.7
27 82 100 40 125 0.1 0.7
67019 132764 100 70 75 0.02 0.5
99845 200000 100 70 75 0.02 0.5
101209 200000 100 70 75 0.02 0.5
99142 200000 100 70 75 0.02 0.5
61589 122815 100 70 75 0.02 0.52
99756 200000 100 70 75 0.02 0.52
100140 200000 100 70 75 0.02 0.52
99952 200000 100 70 75 0.02 0.52
23199 46085 100 70 75 0.02 0.54
100670 200000 100 70 75 0.02 0.54
100416 200000 100 70 75 0.02 0.54
31262 62580 100 70 75 0.02 0.54
13907 27565 100 70 75 0.02 0.56
18541 36704 100 70 75 0.02 0.56
68865 137785 100 70 75 0.02 0.56
59536 120441 100 70 75 0.02 0.56
29461 58449 100 70 75 0.02 0.58
18843 37544 100 70 75 0.02 0.58
68080 134929 100 70 75 0.02 0.58
22603 45529 100 70 75 0.02 0.58
5405 10743 100 70 75 0.02 0.6
30990 61034 100 70 75 0.02 0.6
31899 62590 100 70 75 0.02 0.6
6023 11963 100 70 75 0.02 0.6
10705 21140 100 70 75 0.02 0.62
4250 8449 100 70 75 0.02 0.62
8747 17264 100 70 75 0.02 0.62
17164 34379 100 70 75 0.02 0.62
4455 8813 100 70 75 0.02 0.64
4844 9570 100 70 75 0.02 0.64
9591 18781 100 70 75 0.02 0.64
6211 12600 100 70 75 0.02 0.64
6070 11954 100 70 75 0.02 0.66
3744 7403 100 70 75 0.02 0.66
3515 6949 100 70 75 0.02 0.66
6893 13607 100 70 75 0.02 0.66
2398 4638 100 70 75 0.02 0.68
2210 4391 100 70 75 0.02 0.68
2011 3876 100 70 75 0.02 0.68
3293 6523 100 70 75 0.02 0.68
4224 8265 100 70 75 0.02 0.7
1029 2044 100 70 75 0.02 0.7
3572 7000 100 70 75 0.02 0.7
1873 3706 100 70 75 0.02 0.7
3904 7606 100 70 75 0.04 0.5
2952 5800 100 70 75 0.04 0.5
1712 3324 100 70 75 0.04 0.5
13474 26677 100 70 75 0.04 0.5
1121 2213 100 70 75 0.04 0.52
771 1495 100 70 75 0.04 0.52
766 1513 100 70 75 0.04 0.52
6851 13554 100 70 75 0.04 0.52
1112 2190 100 70 75 0.04 0.54
933 1843 100 70 75 0.04 0.54
1779 3501 100 70 75 0.04 0.54
5526 11158 100 70 75 0.04 0.54
457 904 100 70 75 0.04 0.56
1084 2120 100 70 75 0.04 0.56
725 1427 100 70 75 0.04 0.56
2366 4713 100 70 75 0.04 0.56
1313 2528 100 70 75 0.04 0.58
1019 2001 100 70 75 0.04 0.58
2025 3935 100 70 75 0.04 0.58
524 1026 100 70 75 0.04 0.58
294 576 100 70 75 0.04 0.6
291 574 100 70 75 0.04 0.6
677 1335 100 70 75 0.04 0.6
771 1545 100 70 75 0.04 0.6
282 539 100 70 75 0.04 0.62
134 271 100 70 75 0.04 0.62
1472 2910 100 70 75 0.04 0.62
1571 3145 100 70 75 0.04 0.62
88 174 100 70 75 0.04 0.64
337 669 100 70 75 0.04 0.64
430 846 100 70 75 0.04 0.64
150 305 100 70 75 0.04 0.64
396 780 100 70 75 0.04 0.66
302 599 100 70 75 0.04 0.66
420 831 100 70 75 0.04 0.66
310 614 100 70 75 0.04 0.66
149 298 100 70 75 0.04 0.68
183 362 100 70 75 0.04 0.68
138 275 100 70 75 0.04 0.68
245 481 100 70 75 0.04 0.68
76 143 100 70 75 0.04 0.7
140 274 100 70 75 0.04 0.7
269 526 100 70 75 0.04 0.7
110 224 100 70 75 0.04 0.7
291 571 100 70 75 0.06 0.5
325 638 100 70 75 0.06 0.5
194 378 100 70 75 0.06 0.5
624 1219 100 70 75 0.06 0.5
774 785 100 70 75 0.06 0.52
628 624 100 70 75 0.06 0.52
892 733 100 70 75 0.06 0.52
599 583 100 70 75 0.06 0.52
354 697 100 70 75 0.06 0.54
267 510 100 70 75 0.06 0.54
544 1062 100 70 75 0.06 0.54
109 209 100 70 75 0.06 0.54
173 341 100 70 75 0.06 0.56
133 262 100 70 75 0.06 0.56
103 205 100 70 75 0.06 0.56
346 688 100 70 75 0.06 0.56
222 438 100 70 75 0.06 0.58
97 192 100 70 75 0.06 0.58
251 492 100 70 75 0.06 0.58
123 244 100 70 75 0.06 0.58
83 149 100 70 75 0.06 0.6
132 257 100 70 75 0.06 0.6
93 168 100 70 75 0.06 0.6
217 422 100 70 75 0.06 0.6
55 111 100 70 75 0.06 0.62
72 141 100 70 75 0.06 0.62
61 121 100 70 75 0.06 0.62
256 501 100 70 75 0.06 0.62
111 218 100 70 75 0.06 0.64
54 107 100 70 75 0.06 0.64
90 177 100 70 75 0.06 0.64
107 212 100 70 75 0.06 0.64
58 114 100 70 75 0.06 0.66
45 88 100 70 75 0.06 0.66
67 131 100 70 75 0.06 0.66
72 142 100 70 75 0.06 0.66
59 114 100 70 75 0.06 0.68
60 120 100 70 75 0.06 0.68
55 104 100 70 75 0.06 0.68
69 135 100 70 75 0.06 0.68
69 136 100 70 75 0.06 0.7
33 64 100 70 75 0.06 0.7
81 158 100 70 75 0.06 0.7
38 75 100 70 75 0.06 0.7
144 287 100 70 75 0.08 0.5
118 234 100 70 75 0.08 0.5
155 302 100 70 75 0.08 0.5
166 327 100 70 75 0.08 0.5
101 199 100 70 75 0.08 0.52
142 282 100 70 75 0.08 0.52
325 629 100 70 75 0.08 0.52
122 242 100 70 75 0.08 0.52
65 128 100 70 75 0.08 0.54
106 209 100 70 75 0.08 0.54
57 113 100 70 75 0.08 0.54
127 249 100 70 75 0.08 0.54
37 73 100 70 75 0.08 0.56
135 265 100 70 75 0.08 0.56
79 155 100 70 75 0.08 0.56
159 314 100 70 75 0.08 0.56
94 182 100 70 75 0.08 0.58
33 66 100 70 75 0.08 0.58
53 102 100 70 75 0.08 0.58
84 165 100 70 75 0.08 0.58
76 147 100 70 75 0.08 0.6
72 142 100 70 75 0.08 0.6
68 132 100 70 75 0.08 0.6
87 170 100 70 75 0.08 0.6
41 79 100 70 75 0.08 0.62
37 71 100 70 75 0.08 0.62
42 82 100 70 75 0.08 0.62
115 228 100 70 75 0.08 0.62
68 132 100 70 75 0.08 0.64
31 60 100 70 75 0.08 0.64
70 137 100 70 75 0.08 0.64
38 74 100 70 75 0.08 0.64
55 100 100 70 75 0.08 0.66
45 84 100 70 75 0.08 0.66
97 184 100 70 75 0.08 0.66
58 114 100 70 75 0.08 0.66
14 26 100 70 75 0.08 0.68
46 88 100 70 75 0.08 0.68
41 79 100 70 75 0.08 0.68
32 60 100 70 75 0.08 0.68
26 48 100 70 75 0.08 0.7
26 47 100 70 75 0.08 0.7
35 65 100 70 75 0.08 0.7
66 116 100 70 75 0.08 0.7
61 121 100 70 75 0.1 0.5
109 214 100 70 75 0.1 0.5
119 230 100 70 75 0.1 0.5
124 241 100 70 75 0.1 0.5
51 99 100 70 75 0.1 0.52
60 116 100 70 75 0.1 0.52
72 141 100 70 75 0.1 0.52
164 322 100 70 75 0.1 0.52
54 103 100 70 75 0.1 0.54
56 108 100 70 75 0.1 0.54
93 174 100 70 75 0.1 0.54
58 111 100 70 75 0.1 0.54
49 94 100 70 75 0.1 0.56
50 95 100 70 75 0.1 0.56
88 168 100 70 75 0.1 0.56
58 111 100 70 75 0.1 0.56
204 169 100 70 75 0.1 0.58
144 85 100 70 75 0.1 0.58
64 87 100 70 75 0.1 0.58
316 212 100 70 75 0.1 0.58
53 101 100 70 75 0.1 0.6
38 71 100 70 75 0.1 0.6
39 75 100 70 75 0.1 0.6
73 138 100 70 75 0.1 0.6
50 97 100 70 75 0.1 0.62
228 110 100 70 75 0.1 0.62
45 84 100 70 75 0.1 0.62
234 121 100 70 75 0.1 0.62
39 75 100 70 75 0.1 0.64
37 70 100 70 75 0.1 0.64
56 106 100 70 75 0.1 0.64
52 100 100 70 75 0.1 0.64
34 64 100 70 75 0.1 0.66
33 62 100 70 75 0.1 0.66
33 61 100 70 75 0.1 0.66
35 65 100 70 75 0.1 0.66
35 64 100 70 75 0.1 0.68
22 41 100 70 75 0.1 0.68
33 61 100 70 75 0.1 0.68
41 77 100 70 75 0.1 0.68
20 33 100 70 75 0.1 0.7
23 43 100 70 75 0.1 0.7
39 72 100 70 75 0.1 0.7
30 56 100 70 75 0.1 0.7
58864 110515 100 70 100 0.02 0.5
107303 200000 100 70 100 0.02 0.5
105537 200000 100 70 100 0.02 0.5
104483 200000 100 70 100 0.02 0.5
217166 200000 100 70 100 0.02 0.52
117797 106186 100 70 100 0.02 0.52
184920 200000 100 70 100 0.02 0.52
171457 200000 100 70 100 0.02 0.52
89393 165509 100 70 100 0.02 0.54
25149 47031 100 70 100 0.02 0.54
106845 200000 100 70 100 0.02 0.54
89141 169955 100 70 100 0.02 0.54
44616 82919 100 70 100 0.02 0.56
29740 54879 100 70 100 0.02 0.56
45710 84502 100 70 100 0.02 0.56
95273 180194 100 70 100 0.02 0.56
22590 41763 100 70 100 0.02 0.58
39132 72172 100 70 100 0.02 0.58
28652 52556 100 70 100 0.02 0.58
46322 87258 100 70 100 0.02 0.58
13097 24073 100 70 100 0.02 0.6
7139 13182 100 70 100 0.02 0.6
16020 29441 100 70 100 0.02 0.6
51440 96505 100 70 100 0.02 0.6
5180 9512 100 70 100 0.02 0.62
11006 20405 100 70 100 0.02 0.62
13112 24051 100 70 100 0.02 0.62
23601 44304 100 70 100 0.02 0.62
19427 35794 100 70 100 0.02 0.64
13843 25463 100 70 100 0.02 0.64
21005 38736 100 70 100 0.02 0.64
15979 29569 100 70 100 0.02 0.64
6522 11990 100 70 100 0.02 0.66
10968 20250 100 70 100 0.02 0.66
1809 3355 100 70 100 0.02 0.66
22176 40988 100 70 100 0.02 0.66
1490 2769 100 70 100 0.02 0.68
1144 2118 100 70 100 0.02 0.68
5346 9420 100 70 100 0.02 0.68
4916 8737 100 70 100 0.02 0.68
1096 2044 100 70 100 0.02 0.7
1946 3615 100 70 100 0.02 0.7
2169 4029 100 70 100 0.02 0.7
1231 2308 100 70 100 0.02 0.7
5671 10527 100 70 100 0.04 0.5
2912 5496 100 70 100 0.04 0.5
3978 7390 100 70 100 0.04 0.5
5777 10898 100 70 100 0.04 0.5
2187 4052 100 70 100 0.04 0.52
2947 5468 100 70 100 0.04 0.52
6673 12528 100 70 100 0.04 0.52
2169 4145 100 70 100 0.04 0.52
420 790 100 70 100 0.04 0.54
1053 1979 100 70 100 0.04 0.54
1724 3239 100 70 100 0.04 0.54
2437 4625 100 70 100 0.04 0.54
2162 3992 100 70 100 0.04 0.56
1685 3131 100 70 100 0.04 0.56
4424 8203 100 70 100 0.04 0.56
1162 2190 100 70 100 0.04 0.56
581 1084 100 70 100 0.04 0.58
1108 2045 100 70 100 0.04 0.58
1322 2448 100 70 100 0.04 0.58
3065 5729 100 70 100 0.04 0.58
655 1223 100 70 100 0.04 0.6
544 1024 100 70 100 0.04 0.6
440 823 100 70 100 0.04 0.6
1478 2765 100 70 100 0.04 0.6
505 935 100 70 100 0.04 0.62
478 894 100 70 100 0.04 0.62
806 1491 100 70 100 0.04 0.62
180 350 100 70 100 0.04 0.62
462 868 100 70 100 0.04 0.64
257 485 100 70 100 0.04 0.64
337 642 100 70 100 0.04 0.64
468 889 100 70 100 0.04 0.64
77 149 100 70 100 0.04 0.66
194 366 100 70 100 0.04 0.66
197 379 100 70 100 0.04 0.66
222 429 100 70 100 0.04 0.66
193 348 100 70 100 0.04 0.68
102 182 100 70 100 0.04 0.68
192 349 100 70 100 0.04 0.68
203 370 100 70 100 0.04 0.68
117 224 100 70 100 0.04 0.7
109 214 100 70 100 0.04 0.7
160 309 100 70 100 0.04 0.7
106 208 100 70 100 0.04 0.7
454 851 100 70 100 0.06 0.5
493 921 100 70 100 0.06 0.5
761 1417 100 70 100 0.06 0.5
481 908 100 70 100 0.06 0.5
146 283 100 70 100 0.06 0.52
414 781 100 70 100 0.06 0.52
335 626 100 70 100 0.06 0.52
250 468 100 70 100 0.06 0.52
183 336 100 70 100 0.06 0.54
587 1099 100 70 100 0.06 0.54
270 493 100 70 100 0.06 0.54
558 1043 100 70 100 0.06 0.54
188 353 100 70 100 0.06 0.56
198 370 100 70 100 0.06 0.56
214 404 100 70 100 0.06 0.56
508 951 100 70 100 0.06 0.56
109 204 100 70 100 0.06 0.58
231 434 100 70 100 0.06 0.58
484 886 100 70 100 0.06 0.58
143 279 100 70 100 0.06 0.58
149 278 100 70 100 0.06 0.6
75 142 100 70 100 0.06 0.6
171 325 100 70 100 0.06 0.6
159 308 100 70 100 0.06 0.6
100 193 100 70 100 0.06 0.62
132 255 100 70 100 0.06 0.62
199 372 100 70 100 0.06 0.62
64 125 100 70 100 0.06 0.62
94 175 100 70 100 0.06 0.64
149 286 100 70 100 0.06 0.64
90 173 100 70 100 0.06 0.64
168 309 100 70 100 0.06 0.64
82 152 100 70 100 0.06 0.66
57 109 100 70 100 0.06 0.66
77 140 100 70 100 0.06 0.66
92 178 100 70 100 0.06 0.66
106 200 100 70 100 0.06 0.68
55 106 100 70 100 0.06 0.68
87 166 100 70 100 0.06 0.68
101 192 100 70 100 0.06 0.68
54 84 100 70 100 0.06 0.7
51 98 100 70 100 0.06 0.7
65 118 100 70 100 0.06 0.7
58 111 100 70 100 0.06 0.7
176 317 100 70 100 0.08 0.5
144 273 100 70 100 0.08 0.5
226 411 100 70 100 0.08 0.5
155 291 100 70 100 0.08 0.5
89 158 100 70 100 0.08 0.52
162 302 100 70 100 0.08 0.52
121 215 100 70 100 0.08 0.52
194 361 100 70 100 0.08 0.52
95 167 100 70 100 0.08 0.54
113 213 100 70 100 0.08 0.54
144 258 100 70 100 0.08 0.54
76 141 100 70 100 0.08 0.54
74 140 100 70 100 0.08 0.56
74 138 100 70 100 0.08 0.56
104 197 100 70 100 0.08 0.56
77 132 100 70 100 0.08 0.56
113 198 100 70 100 0.08 0.58
46 89 100 70 100 0.08 0.58
136 242 100 70 100 0.08 0.58
91 168 100 70 100 0.08 0.58
56 105 100 70 100 0.08 0.6
57 108 100 70 100 0.08 0.6
55 105 100 70 100 0.08 0.6
97 180 100 70 100 0.08 0.6
62 108 100 70 100 0.08 0.62
42 78 100 70 100 0.08 0.62
56 93 100 70 100 0.08 0.62
87 164 100 70 100 0.08 0.62
55 103 100 70 100 0.08 0.64
24 45 100 70 100 0.08 0.64
49 90 100 70 100 0.08 0.64
105 197 100 70 100 0.08 0.64
27 51 100 70 100 0.08 0.66
65 120 100 70 100 0.08 0.66
41 79 100 70 100 0.08 0.66
50 95 100 70 100 0.08 0.66
30 53 100 70 100 0.08 0.68
34 63 100 70 100 0.08 0.68
47 87 100 70 100 0.08 0.68
44 85 100 70 100 0.08 0.68
34 49 100 70 100 0.08 0.7
21 38 100 70 100 0.08 0.7
23 43 100 70 100 0.08 0.7
37 52 100 70 100 0.08 0.7
100 183 100 70 100 0.1 0.5
76 146 100 70 100 0.1 0.5
87 161 100 70 100 0.1 0.5
99 189 100 70 100 0.1 0.5
56 93 100 70 100 0.1 0.52
65 124 100 70 100 0.1 0.52
80 136 100 70 100 0.1 0.52
103 198 100 70 100 0.1 0.52
44 84 100 70 100 0.1 0.54
68 132 100 70 100 0.1 0.54
83 156 100 70 100 0.1 0.54
71 133 100 70 100 0.1 0.54
78 146 100 70 100 0.1 0.56
47 88 100 70 100 0.1 0.56
111 212 100 70 100 0.1 0.56
63 120 100 70 100 0.1 0.56
75 130 100 70 100 0.1 0.58
48 92 100 70 100 0.1 0.58
93 161 100 70 100 0.1 0.58
79 148 100 70 100 0.1 0.58
50 96 100 70 100 0.1 0.6
59 104 100 70 100 0.1 0.6
117 211 100 70 100 0.1 0.6
41 76 100 70 100 0.1 0.6
43 72 100 70 100 0.1 0.62
41 74 100 70 100 0.1 0.62
52 88 100 70 100 0.1 0.62
54 104 100 70 100 0.1 0.62
46 70 100 70 100 0.1 0.64
41 77 100 70 100 0.1 0.64
50 77 100 70 100 0.1 0.64
43 82 100 70 100 0.1 0.64
26 49 100 70 100 0.1 0.66
25 46 100 70 100 0.1 0.66
32 59 100 70 100 0.1 0.66
31 58 100 70 100 0.1 0.66
15 27 100 70 100 0.1 0.68
38 71 100 70 100 0.1 0.68
38 69 100 70 100 0.1 0.68
35 65 100 70 100 0.1 0.68
31 57 100 70 100 0.1 0.7
21 36 100 70 100 0.1 0.7
26 47 100 70 100 0.1 0.7
42 78 100 70 100 0.1 0.7
112972 200000 100 70 125 0.02 0.5
107476 193629 100 70 125 0.02 0.5
114553 200000 100 70 125 0.02 0.5
111150 200000 100 70 125 0.02 0.5
23871 41996 100 70 125 0.02 0.52
26073 45486 100 70 125 0.02 0.52
112103 200000 100 70 125 0.02 0.52
47404 86336 100 70 125 0.02 0.52
21350 37264 100 70 125 0.02 0.54
114306 200000 100 70 125 0.02 0.54
99047 172426 100 70 125 0.02 0.54
67844 120222 100 70 125 0.02 0.54
8998 15782 100 70 125 0.02 0.56
86719 150841 100 70 125 0.02 0.56
96875 167629 100 70 125 0.02 0.56
112448 200000 100 70 125 0.02 0.56
28533 32437 100 70 125 0.02 0.58
85317 92828 100 70 125 0.02 0.58
16487 17845 100 70 125 0.02 0.58
139924 168516 100 70 125 0.02 0.58
7671 13283 100 70 125 0.02 0.6
20264 35095 100 70 125 0.02 0.6
5441 9396 100 70 125 0.02 0.6
30691 53280 100 70 125 0.02 0.6
6777 11548 100 70 125 0.02 0.62
19380 33208 100 70 125 0.02 0.62
29763 51204 100 70 125 0.02 0.62
9664 17017 100 70 125 0.02 0.62
10436 17970 100 70 125 0.02 0.64
2469 4294 100 70 125 0.02 0.64
17803 30728 100 70 125 0.02 0.64
1703 3024 100 70 125 0.02 0.64
2212 3818 100 70 125 0.02 0.66
7661 13183 100 70 125 0.02 0.66
9348 16046 100 70 125 0.02 0.66
1435 2495 100 70 125 0.02 0.66
3166 5490 100 70 125 0.02 0.68
6750 11611 100 70 125 0.02 0.68
2866 4998 100 70 125 0.02 0.68
12288 21224 100 70 125 0.02 0.68
4036 4399 100 70 125 0.02 0.7
1745 1877 100 70 125 0.02 0.7
3320 3218 100 70 125 0.02 0.7
4591 6042 100 70 125 0.02 0.7
4017 6900 100 70 125 0.04 0.5
1046 1828 100 70 125 0.04 0.5
1963 3388 100 70 125 0.04 0.5
4319 7616 100 70 125 0.04 0.5
3425 5919 100 70 125 0.04 0.52
2854 4936 100 70 125 0.04 0.52
1740 3038 100 70 125 0.04 0.52
5231 9087 100 70 125 0.04 0.52
1174 2019 100 70 125 0.04 0.54
446 779 100 70 125 0.04 0.54
4200 7333 100 70 125 0.04 0.54
4355 7700 100 70 125 0.04 0.54
1262 2178 100 70 125 0.04 0.56
655 1127 100 70 125 0.04 0.56
4768 8328 100 70 125 0.04 0.56
778 1408 100 70 125 0.04 0.56
834 1463 100 70 125 0.04 0.58
509 883 100 70 125 0.04 0.58
1231 2133 100 70 125 0.04 0.58
1508 2680 100 70 125 0.04 0.58
447 791 100 70 125 0.04 0.6
422 769 100 70 125 0.04 0.6
401 716 100 70 125 0.04 0.6
1268 2236 100 70 125 0.04 0.6
504 886 100 70 125 0.04 0.62
213 397 100 70 125 0.04 0.62
379 686 100 70 125 0.04 0.62
469 822 100 70 125 0.04 0.62
325 590 100 70 125 0.04 0.64
297 548 100 70 125 0.04 0.64
759 1324 100 70 125 0.04 0.64
345 617 100 70 125 0.04 0.64
166 307 100 70 125 0.04 0.66
197 361 100 70 125 0.04 0.66
269 491 100 70 125 0.04 0.66
334 603 100 70 125 0.04 0.66
181 333 100 70 125 0.04 0.68
421 737 100 70 125 0.04 0.68
304 534 100 70 125 0.04 0.68
377 666 100 70 125 0.04 0.68
70 133 100 70 125 0.04 0.7
181 333 100 70 125 0.04 0.7
180 326 100 70 125 0.04 0.7
97 188 100 70 125 0.04 0.7
498 898 100 70 125 0.06 0.5
535 944 100 70 125 0.06 0.5
570 1000 100 70 125 0.06 0.5
853 1497 100 70 125 0.06 0.5
397 682 100 70 125 0.06 0.52
365 661 100 70 125 0.06 0.52
319 552 100 70 125 0.06 0.52
471 835 100 70 125 0.06 0.52
465 825 100 70 125 0.06 0.54
224 380 100 70 125 0.06 0.54
580 1010 100 70 125 0.06 0.54
329 578 100 70 125 0.06 0.54
323 560 100 70 125 0.06 0.56
89 167 100 70 125 0.06 0.56
155 262 100 70 125 0.06 0.56
309 539 100 70 125 0.06 0.56
92 174 100 70 125 0.06 0.58
216 378 100 70 125 0.06 0.58
171 308 100 70 125 0.06 0.58
207 369 100 70 125 0.06 0.58
105 193 100 70 125 0.06 0.6
51 96 100 70 125 0.06 0.6
78 148 100 70 125 0.06 0.6
220 398 100 70 125 0.06 0.6
91 167 100 70 125 0.06 0.62
86 161 100 70 125 0.06 0.62
141 251 100 70 125 0.06 0.62
150 274 100 70 125 0.06 0.62
102 198 100 70 125 0.06 0.64
68 129 100 70 125 0.06 0.64
158 291 100 70 125 0.06 0.64
218 382 100 70 125 0.06 0.64
95 178 100 70 125 0.06 0.66
39 72 100 70 125 0.06 0.66
92 172 100 70 125 0.06 0.66
87 157 100 70 125 0.06 0.66
34 61 100 70 125 0.06 0.68
88 170 100 70 125 0.06 0.68
74 139 100 70 125 0.06 0.68
87 157 100 70 125 0.06 0.68
56 104 100 70 125 0.06 0.7
42 80 100 70 125 0.06 0.7
32 62 100 70 125 0.06 0.7
74 141 100 70 125 0.06 0.7
172 313 100 70 125 0.08 0.5
164 296 100 70 125 0.08 0.5
281 497 100 70 125 0.08 0.5
95 181 100 70 125 0.08 0.5
134 243 100 70 125 0.08 0.52
108 200 100 70 125 0.08 0.52
114 209 100 70 125 0.08 0.52
270 482 100 70 125 0.08 0.52
138 251 100 70 125 0.08 0.54
160 283 100 70 125 0.08 0.54
79 151 100 70 125 0.08 0.54
268 476 100 70 125 0.08 0.54
58 109 100 70 125 0.08 0.56
281 153 100 70 125 0.08 0.56
145 154 100 70 125 0.08 0.56
198 121 100 70 125 0.08 0.56
50 94 100 70 125 0.08 0.58
68 129 100 70 125 0.08 0.58
75 142 100 70 125 0.08 0.58
99 191 100 70 125 0.08 0.58
37 69 100 70 125 0.08 0.6
56 106 100 70 125 0.08 0.6
42 78 100 70 125 0.08 0.6
55 105 100 70 125 0.08 0.6
35 66 100 70 125 0.08 0.62
54 102 100 70 125 0.08 0.62
54 103 100 70 125 0.08 0.62
89 167 100 70 125 0.08 0.62
52 95 100 70 125 0.08 0.64
43 79 100 70 125 0.08 0.64
60 112 100 70 125 0.08 0.64
44 84 100 70 125 0.08 0.64
40 76 100 70 125 0.08 0.66
45 85 100 70 125 0.08 0.66
61 113 100 70 125 0.08 0.66
42 80 100 70 125 0.08 0.66
29 51 100 70 125 0.08 0.68
29 56 100 70 125 0.08 0.68
50 89 100 70 125 0.08 0.68
64 119 100 70 125 0.08 0.68
26 48 100 70 125 0.08 0.7
25 46 100 70 125 0.08 0.7
29 54 100 70 125 0.08 0.7
44 81 100 70 125 0.08 0.7
72 131 100 70 125 0.1 0.5
132 235 100 70 125 0.1 0.5
109 196 100 70 125 0.1 0.5
96 180 100 70 125 0.1 0.5
61 113 100 70 125 0.1 0.52
66 121 100 70 125 0.1 0.52
90 168 100 70 125 0.1 0.52
106 197 100 70 125 0.1 0.52
70 124 100 70 125 0.1 0.54
70 127 100 70 125 0.1 0.54
124 221 100 70 125 0.1 0.54
80 145 100 70 125 0.1 0.54
49 93 100 70 125 0.1 0.56
49 91 100 70 125 0.1 0.56
65 113 100 70 125 0.1 0.56
59 109 100 70 125 0.1 0.56
59 111 100 70 125 0.1 0.58
58 109 100 70 125 0.1 0.58
55 102 100 70 125 0.1 0.58
66 121 100 70 125 0.1 0.58
61 104 100 70 125 0.1 0.6
37 69 100 70 125 0.1 0.6
62 107 100 70 125 0.1 0.6
65 122 100 70 125 0.1 0.6
36 63 100 70 125 0.1 0.62
28 51 100 70 125 0.1 0.62
41 69 100 70 125 0.1 0.62
41 79 100 70 125 0.1 0.62
51 87 100 70 125 0.1 0.64
52 91 100 70 125 0.1 0.64
69 126 100 70 125 0.1 0.64
34 55 100 70 125 0.1 0.64
25 42 100 70 125 0.1 0.66
26 45 100 70 125 0.1 0.66
24 38 100 70 125 0.1 0.66
39 71 100 70 125 0.1 0.66
36 56 100 70 125 0.1 0.68
35 60 100 70 125 0.1 0.68
53 88 100 70 125 0.1 0.68
21 32 100 70 125 0.1 0.68
29 42 100 70 125 0.1 0.7
28 51 100 70 125 0.1 0.7
54 84 100 70 125 0.1 0.7
22 39 100 70 125 0.1 0.7
137565 200000 100 100 75 0.02 0.5
78171 114125 100 100 75 0.02 0.5
136048 200000 100 100 75 0.02 0.5
136914 200000 100 100 75 0.02 0.5
74250 107429 100 100 75 0.02 0.52
121139 176952 100 100 75 0.02 0.52
104407 151344 100 100 75 0.02 0.52
136936 200000 100 100 75 0.02 0.52
24236 35244 100 100 75 0.02 0.54
138253 200000 100 100 75 0.02 0.54
79822 115952 100 100 75 0.02 0.54
136943 200000 100 100 75 0.02 0.54
57181 82654 100 100 75 0.02 0.56
129906 188581 100 100 75 0.02 0.56
138338 200000 100 100 75 0.02 0.56
54880 80180 100 100 75 0.02 0.56
100879 146131 100 100 75 0.02 0.58
20240 29350 100 100 75 0.02 0.58
137939 200000 100 100 75 0.02 0.58
135415 200000 100 100 75 0.02 0.58
138367 200000 100 100 75 0.02 0.6
48897 70731 100 100 75 0.02 0.6
71126 102500 100 100 75 0.02 0.6
137785 200000 100 100 75 0.02 0.6
191410 149736 100 100 75 0.02 0.62
56434 41842 100 100 75 0.02 0.62
142742 92285 100 100 75 0.02 0.62
135736 113701 100 100 75 0.02 0.62
14190 20539 100 100 75 0.02 0.64
29819 43116 100 100 75 0.02 0.64
55468 80198 100 100 75 0.02 0.64
71306 105421 100 100 75 0.02 0.64
27318 39274 100 100 75 0.02 0.66
11940 17241 100 100 75 0.02 0.66
27024 38833 100 100 75 0.02 0.66
50929 74494 100 100 75 0.02 0.66
13584 19564 100 100 75 0.02 0.68
15572 22515 100 100 75 0.02 0.68
29027 41813 100 100 75 0.02 0.68
48696 71947 100 100 75 0.02 0.68
4869 7009 100 100 75 0.02 0.7
1550 2264 100 100 75 0.02 0.7
22011 32211 100 100 75 0.02 0.7
24871 36712 100 100 75 0.02 0.7
11949 15804 100 100 75 0.04 0.5
8455 11195 100 100 75 0.04 0.5
28362 39457 100 100 75 0.04 0.5
9586 14061 100 100 75 0.04 0.5
3261 4669 100 100 75 0.04 0.52
3796 5476 100 100 75 0.04 0.52
10897 15673 100 100 75 0.04 0.52
12671 18650 100 100 75 0.04 0.52
6077 8629 100 100 75 0.04 0.54
3961 5725 100 100 75 0.04 0.54
5269 7509 100 100 75 0.04 0.54
8436 12164 100 100 75 0.04 0.54
2188 3172 100 100 75 0.04 0.56
1165 1662 100 100 75 0.04 0.56
7544 10946 100 100 75 0.04 0.56
11923 17517 100 100 75 0.04 0.56
1192 1700 100 100 75 0.04 0.58
1819 2631 100 100 75 0.04 0.58
1926 2739 100 100 75 0.04 0.58
2582 3766 100 100 75 0.04 0.58
2674 3735 100 100 75 0.04 0.6
1074 1540 100 100 75 0.04 0.6
2646 3666 100 100 75 0.04 0.6
2040 2947 100 100 75 0.04 0.6
388 531 100 100 75 0.04 0.62
1850 2634 100 100 75 0.04 0.62
2014 2856 100 100 75 0.04 0.62
3018 4410 100 100 75 0.04 0.62
1147 1631 100 100 75 0.04 0.64
2124 3024 100 100 75 0.04 0.64
1826 2592 100 100 75 0.04 0.64
2038 2917 100 100 75 0.04 0.64
455 633 100 100 75 0.04 0.66
2133 3029 100 100 75 0.04 0.66
4342 6199 100 100 75 0.04 0.66
479 706 100 100 75 0.04 0.66
600 864 100 100 75 0.04 0.68
340 488 100 100 75 0.04 0.68
571 826 100 100 75 0.04 0.68
557 803 100 100 75 0.04 0.68
366 523 100 100 75 0.04 0.7
263 377 100 100 75 0.04 0.7
522 750 100 100 75 0.04 0.7
231 332 100 100 75 0.04 0.7
621 895 100 100 75 0.06 0.5
826 1166 100 100 75 0.06 0.5
2132 3052 100 100 75 0.06 0.5
487 710 100 100 75 0.06 0.5
1017 1435 100 100 75 0.06 0.52
914 1308 100 100 75 0.06 0.52
882 1245 100 100 75 0.06 0.52
1121 1609 100 100 75 0.06 0.52
1214 1721 100 100 75 0.06 0.54
972 1381 100 100 75 0.06 0.54
1960 2759 100 100 75 0.06 0.54
367 527 100 100 75 0.06 0.54
1872 901 100 100 75 0.06 0.56
1319 576 100 100 75 0.06 0.56
3067 1293 100 100 75 0.06 0.56
283 280 100 100 75 0.06 0.56
267 378 100 100 75 0.06 0.58
153 218 100 100 75 0.06 0.58
459 659 100 100 75 0.06 0.58
472 675 100 100 75 0.06 0.58
205 283 100 100 75 0.06 0.6
340 483 100 100 75 0.06 0.6
438 613 100 100 75 0.06 0.6
238 343 100 100 75 0.06 0.6
277 384 100 100 75 0.06 0.62
197 267 100 100 75 0.06 0.62
217 301 100 100 75 0.06 0.62
423 596 100 100 75 0.06 0.62
276 389 100 100 75 0.06 0.64
250 347 100 100 75 0.06 0.64
252 355 100 100 75 0.06 0.64
354 491 100 100 75 0.06 0.64
207 281 100 100 75 0.06 0.66
122 173 100 100 75 0.06 0.66
218 299 100 100 75 0.06 0.66
173 247 100 100 75 0.06 0.66
99 132 100 100 75 0.06 0.68
94 135 100 100 75 0.06 0.68
120 161 100 100 75 0.06 0.68
95 134 100 100 75 0.06 0.68
132 106 100 100 75 0.06 0.7
105 69 100 100 75 0.06 0.7
162 107 100 100 75 0.06 0.7
236 274 100 100 75 0.06 0.7
280 392 100 100 75 0.08 0.5
531 741 100 100 75 0.08 0.5
411 570 100 100 75 0.08 0.5
408 572 100 100 75 0.08 0.5
127 174 100 100 75 0.08 0.52
191 269 100 100 75 0.08 0.52
668 940 100 100 75 0.08 0.52
208 303 100 100 75 0.08 0.52
214 290 100 100 75 0.08 0.54
154 218 100 100 75 0.08 0.54
302 408 100 100 75 0.08 0.54
171 238 100 100 75 0.08 0.54
104 146 100 100 75 0.08 0.56
227 317 100 100 75 0.08 0.56
161 225 100 100 75 0.08 0.56
299 416 100 100 75 0.08 0.56
101 133 100 100 75 0.08 0.58
168 220 100 100 75 0.08 0.58
197 257 100 100 75 0.08 0.58
163 229 100 100 75 0.08 0.58
101 131 100 100 75 0.08 0.6
72 91 100 100 75 0.08 0.6
159 204 100 100 75 0.08 0.6
104 145 100 100 75 0.08 0.6
88 113 100 100 75 0.08 0.62
119 166 100 100 75 0.08 0.62
141 187 100 100 75 0.08 0.62
81 115 100 100 75 0.08 0.62
47 65 100 100 75 0.08 0.64
72 97 100 100 75 0.08 0.64
115 160 100 100 75 0.08 0.64
105 149 100 100 75 0.08 0.64
42 57 100 100 75 0.08 0.66
40 54 100 100 75 0.08 0.66
56 76 100 100 75 0.08 0.66
48 67 100 100 75 0.08 0.66
61 82 100 100 75 0.08 0.68
36 49 100 100 75 0.08 0.68
65 89 100 100 75 0.08 0.68
54 76 100 100 75 0.08 0.68
40 43 100 100 75 0.08 0.7
33 40 100 100 75 0.08 0.7
64 79 100 100 75 0.08 0.7
56 74 100 100 75 0.08 0.7
173 240 100 100 75 0.1 0.5
79 112 100 100 75 0.1 0.5
159 222 100 100 75 0.1 0.5
209 297 100 100 75 0.1 0.5
110 154 100 100 75 0.1 0.52
123 171 100 100 75 0.1 0.52
148 207 100 100 75 0.1 0.52
208 291 100 100 75 0.1 0.52
90 117 100 100 75 0.1 0.54
100 134 100 100 75 0.1 0.54
154 205 100 100 75 0.1 0.54
80 102 100 100 75 0.1 0.54
96 121 100 100 75 0.1 0.56
56 76 100 100 75 0.1 0.56
138 176 100 100 75 0.1 0.56
81 113 100 100 75 0.1 0.56
72 94 100 100 75 0.1 0.58
91 127 100 100 75 0.1 0.58
90 114 100 100 75 0.1 0.58
85 119 100 100 75 0.1 0.58
45 60 100 100 75 0.1 0.6
65 89 100 100 75 0.1 0.6
73 101 100 100 75 0.1 0.6
101 135 100 100 75 0.1 0.6
55 74 100 100 75 0.1 0.62
50 69 100 100 75 0.1 0.62
59 79 100 100 75 0.1 0.62
55 76 100 100 75 0.1 0.62
61 82 100 100 75 0.1 0.64
40 55 100 100 75 0.1 0.64
41 56 100 100 75 0.1 0.64
63 85 100 100 75 0.1 0.64
40 53 100 100 75 0.1 0.66
49 65 100 100 75 0.1 0.66
71 95 100 100 75 0.1 0.66
63 86 100 100 75 0.1 0.66
35 45 100 100 75 0.1 0.68
42 56 100 100 75 0.1 0.68
58 80 100 100 75 0.1 0.68
33 44 100 100 75 0.1 0.68
30 37 100 100 75 0.1 0.7
35 48 100 100 75 0.1 0.7
57 76 100 100 75 0.1 0.7
48 65 100 100 75 0.1 0.7
117996 165290 100 100 100 0.02 0.5
142526 200000 100 100 100 0.02 0.5
143013 200000 100 100 100 0.02 0.5
142834 200000 100 100 100 0.02 0.5
262586 200000 100 100 100 0.02 0.52
270532 200000 100 100 100 0.02 0.52
313157 200000 100 100 100 0.02 0.52
266959 200000 100 100 100 0.02 0.52
144756 200000 100 100 100 0.02 0.54
55155 76952 100 100 100 0.02 0.54
143892 200000 100 100 100 0.02 0.54
142725 200000 100 100 100 0.02 0.54
118043 162862 100 100 100 0.02 0.56
49677 68885 100 100 100 0.02 0.56
39238 54367 100 100 100 0.02 0.56
144404 200000 100 100 100 0.02 0.56
118969 163761 100 100 100 0.02 0.58
145160 200000 100 100 100 0.02 0.58
145647 200000 100 100 100 0.02 0.58
144418 200000 100 100 100 0.02 0.58
85729 118041 100 100 100 0.02 0.6
73616 101823 100 100 100 0.02 0.6
99466 136864 100 100 100 0.02 0.6
74682 103348 100 100 100 0.02 0.6
43465 59944 100 100 100 0.02 0.62
33112 45649 100 100 100 0.02 0.62
133142 185140 100 100 100 0.02 0.62
50568 71447 100 100 100 0.02 0.62
95405 66426 100 100 100 0.02 0.64
201928 125533 100 100 100 0.02 0.64
40801 32779 100 100 100 0.02 0.64
261705 200000 100 100 100 0.02 0.64
9438 13016 100 100 100 0.02 0.66
37110 50897 100 100 100 0.02 0.66
24449 33689 100 100 100 0.02 0.66
24400 33528 100 100 100 0.02 0.66
25434 18809 100 100 100 0.02 0.68
93408 68434 100 100 100 0.02 0.68
105201 63590 100 100 100 0.02 0.68
23062 21436 100 100 100 0.02 0.68
10451 14270 100 100 100 0.02 0.7
2861 3944 100 100 100 0.02 0.7
5435 7478 100 100 100 0.02 0.7
39819 55554 100 100 100 0.02 0.7
22974 32223 100 100 100 0.04 0.5
21222 29740 100 100 100 0.04 0.5
48012 66327 100 100 100 0.04 0.5
7515 10664 100 100 100 0.04 0.5
4037 5587 100 100 100 0.04 0.52
15190 21026 100 100 100 0.04 0.52
11439 15787 100 100 100 0.04 0.52
20272 28301 100 100 100 0.04 0.52
10140 13711 100 100 100 0.04 0.54
10562 14399 100 100 100 0.04 0.54
8519 11425 100 100 100 0.04 0.54
26583 36636 100 100 100 0.04 0.54
1878 2591 100 100 100 0.04 0.56
2479 3391 100 100 100 0.04 0.56
6449 8865 100 100 100 0.04 0.56
1963 2771 100 100 100 0.04 0.56
2115 2823 100 100 100 0.04 0.58
3181 4351 100 100 100 0.04 0.58
4277 5782 100 100 100 0.04 0.58
1140 1569 100 100 100 0.04 0.58
1700 2336 100 100 100 0.04 0.6
8886 12149 100 100 100 0.04 0.6
12597 17213 100 100 100 0.04 0.6
808 1133 100 100 100 0.04 0.6
2409 3301 100 100 100 0.04 0.62
1727 2374 100 100 100 0.04 0.62
2465 3394 100 100 100 0.04 0.62
2640 3643 100 100 100 0.04 0.62
850 1152 100 100 100 0.04 0.64
1006 1379 100 100 100 0.04 0.64
1344 1837 100 100 100 0.04 0.64
1484 2057 100 100 100 0.04 0.64
619 847 100 100 100 0.04 0.66
284 393 100 100 100 0.04 0.66
1161 1604 100 100 100 0.04 0.66
1057 1481 100 100 100 0.04 0.66
131 182 100 100 100 0.04 0.68
178 251 100 100 100 0.04 0.68
394 539 100 100 100 0.04 0.68
878 1231 100 100 100 0.04 0.68
164 211 100 100 100 0.04 0.7
188 262 100 100 100 0.04 0.7
397 532 100 100 100 0.04 0.7
293 415 100 100 100 0.04 0.7
1668 2254 100 100 100 0.06 0.5
511 708 100 100 100 0.06 0.5
1847 2494 100 100 100 0.06 0.5
1075 1494 100 100 100 0.06 0.5
790 1068 100 100 100 0.06 0.52
1469 2025 100 100 100 0.06 0.52
3428 4739 100 100 100 0.06 0.52
942 1324 100 100 100 0.06 0.52
432 584 100 100 100 0.06 0.54
926 1269 100 100 100 0.06 0.54
1285 1756 100 100 100 0.06 0.54
315 448 100 100 100 0.06 0.54
814 1074 100 100 100 0.06 0.56
308 420 100 100 100 0.06 0.56
905 1199 100 100 100 0.06 0.56
540 751 100 100 100 0.06 0.56
606 836 100 100 100 0.06 0.58
520 717 100 100 100 0.06 0.58
612 843 100 100 100 0.06 0.58
515 705 100 100 100 0.06 0.58
195 275 100 100 100 0.06 0.6
445 600 100 100 100 0.06 0.6
633 863 100 100 100 0.06 0.6
334 461 100 100 100 0.06 0.6
351 485 100 100 100 0.06 0.62
150 208 100 100 100 0.06 0.62
235 328 100 100 100 0.06 0.62
300 415 100 100 100 0.06 0.62
145 194 100 100 100 0.06 0.64
238 332 100 100 100 0.06 0.64
313 426 100 100 100 0.06 0.64
118 165 100 100 100 0.06 0.64
197 159 100 100 100 0.06 0.66
357 139 100 100 100 0.06 0.66
397 236 100 100 100 0.06 0.66
213 145 100 100 100 0.06 0.66
71 97 100 100 100 0.06 0.68
97 132 100 100 100 0.06 0.68
146 192 100 100 100 0.06 0.68
149 210 100 100 100 0.06 0.68
81 109 100 100 100 0.06 0.7
23 29 100 100 100 0.06 0.7
110 146 100 100 100 0.06 0.7
88 124 100 100 100 0.06 0.7
120 165 100 100 100 0.08 0.5
136 188 100 100 100 0.08 0.5
412 566 100 100 100 0.08 0.5
525 729 100 100 100 0.08 0.5
253 327 100 100 100 0.08 0.52
181 242 100 100 100 0.08 0.52
382 498 100 100 100 0.08 0.52
200 280 100 100 100 0.08 0.52
341 459 100 100 100 0.08 0.54
206 275 100 100 100 0.08 0.54
316 427 100 100 100 0.08 0.54
307 410 100 100 100 0.08 0.54
190 256 100 100 100 0.08 0.56
250 346 100 100 100 0.08 0.56
210 290 100 100 100 0.08 0.56
323 442 100 100 100 0.08 0.56
86 113 100 100 100 0.08 0.58
70 96 100 100 100 0.08 0.58
132 176 100 100 100 0.08 0.58
130 180 100 100 100 0.08 0.58
145 186 100 100 100 0.08 0.6
69 89 100 100 100 0.08 0.6
145 190 100 100 100 0.08 0.6
91 119 100 100 100 0.08 0.6
71 99 100 100 100 0.08 0.62
53 73 100 100 100 0.08 0.62
66 92 100 100 100 0.08 0.62
84 116 100 100 100 0.08 0.62
59 80 100 100 100 0.08 0.64
91 126 100 100 100 0.08 0.64
99 136 100 100 100 0.08 0.64
109 152 100 100 100 0.08 0.64
59 79 100 100 100 0.08 0.66
103 143 100 100 100 0.08 0.66
139 191 100 100 100 0.08 0.66
59 83 100 100 100 0.08 0.66
46 62 100 100 100 0.08 0.68
26 33 100 100 100 0.08 0.68
61 84 100 100 100 0.08 0.68
50 64 100 100 100 0.08 0.68
58 79 100 100 100 0.08 0.7
53 72 100 100 100 0.08 0.7
75 103 100 100 100 0.08 0.7
44 60 100 100 100 0.08 0.7
129 126 100 100 100 0.1 0.5
104 140 100 100 100 0.1 0.5
185 192 100 100 100 0.1 0.5
196 266 100 100 100 0.1 0.5
91 125 100 100 100 0.1 0.52
205 281 100 100 100 0.1 0.52
129 172 100 100 100 0.1 0.52
193 267 100 100 100 0.1 0.52
99 137 100 100 100 0.1 0.54
205 285 100 100 100 0.1 0.54
247 335 100 100 100 0.1 0.54
99 137 100 100 100 0.1 0.54
73 100 100 100 100 0.1 0.56
66 90 100 100 100 0.1 0.56
126 173 100 100 100 0.1 0.56
186 258 100 100 100 0.1 0.56
83 114 100 100 100 0.1 0.58
104 142 100 100 100 0.1 0.58
122 168 100 100 100 0.1 0.58
68 94 100 100 100 0.1 0.58
46 62 100 100 100 0.1 0.6
82 113 100 100 100 0.1 0.6
70 94 100 100 100 0.1 0.6
116 160 100 100 100 0.1 0.6
44 58 100 100 100 0.1 0.62
65 86 100 100 100 0.1 0.62
51 69 100 100 100 0.1 0.62
79 108 100 100 100 0.1 0.62
37 49 100 100 100 0.1 0.64
46 62 100 100 100 0.1 0.64
51 68 100 100 100 0.1 0.64
50 68 100 100 100 0.1 0.64
38 49 100 100 100 0.1 0.66
43 59 100 100 100 0.1 0.66
62 82 100 100 100 0.1 0.66
42 55 100 100 100 0.1 0.66
55 73 100 100 100 0.1 0.68
43 57 100 100 100 0.1 0.68
41 54 100 100 100 0.1 0.68
58 78 100 100 100 0.1 0.68
43 55 100 100 100 0.1 0.7
22 27 100 100 100 0.1 0.7
51 65 100 100 100 0.1 0.7
49 66 100 100 100 0.1 0.7
149321 200000 100 100 125 0.02 0.5
150382 200000 100 100 125 0.02 0.5
153288 200000 100 100 125 0.02 0.5
150059 200000 100 100 125 0.02 0.5
54507 71416 100 100 125 0.02 0.52
151883 200000 100 100 125 0.02 0.52
151587 200000 100 100 125 0.02 0.52
149632 200000 100 100 125 0.02 0.52
101344 132973 100 100 125 0.02 0.54
57249 76692 100 100 125 0.02 0.54
151982 200000 100 100 125 0.02 0.54
123007 165028 100 100 125 0.02 0.54
65611 85646 100 100 125 0.02 0.56
102617 135154 100 100 125 0.02 0.56
37694 49777 100 100 125 0.02 0.56
151468 200000 100 100 125 0.02 0.56
153241 200000 100 100 125 0.02 0.58
64774 84355 100 100 125 0.02 0.58
153138 200000 100 100 125 0.02 0.58
149603 200000 100 100 125 0.02 0.58
88731 67744 100 100 125 0.02 0.6
248481 184127 100 100 125 0.02 0.6
318168 200000 100 100 125 0.02 0.6
97342 116920 100 100 125 0.02 0.6
84940 110498 100 100 125 0.02 0.62
46078 59916 100 100 125 0.02 0.62
153177 200000 100 100 125 0.02 0.62
48677 64789 100 100 125 0.02 0.62
28199 36613 100 100 125 0.02 0.64
26565 34811 100 100 125 0.02 0.64
130553 171389 100 100 125 0.02 0.64
111581 148185 100 100 125 0.02 0.64
59803 77684 100 100 125 0.02 0.66
26033 33775 100 100 125 0.02 0.66
59170 76619 100 100 125 0.02 0.66
33452 43692 100 100 125 0.02 0.66
17620 23031 100 100 125 0.02 0.68
25015 32744 100 100 125 0.02 0.68
34788 45318 100 100 125 0.02 0.68
16619 21930 100 100 125 0.02 0.68
19686 25514 100 100 125 0.02 0.7
3850 4995 100 100 125 0.02 0.7
4107 5387 100 100 125 0.02 0.7
19784 25818 100 100 125 0.02 0.7
8966 8627 100 100 125 0.04 0.5
23729 14074 100 100 125 0.04 0.5
43479 40737 100 100 125 0.04 0.5
3441 4663 100 100 125 0.04 0.5
15509 20359 100 100 125 0.04 0.52
6144 7987 100 100 125 0.04 0.52
12103 15892 100 100 125 0.04 0.52
15631 20619 100 100 125 0.04 0.52
4853 6331 100 100 125 0.04 0.54
1125 1485 100 100 125 0.04 0.54
22010 29047 100 100 125 0.04 0.54
6310 8352 100 100 125 0.04 0.54
9027 11770 100 100 125 0.04 0.56
15784 20507 100 100 125 0.04 0.56
8697 11328 100 100 125 0.04 0.56
33315 43746 100 100 125 0.04 0.56
3881 5083 100 100 125 0.04 0.58
1533 2013 100 100 125 0.04 0.58
5029 6492 100 100 125 0.04 0.58
10922 14464 100 100 125 0.04 0.58
662 869 100 100 125 0.04 0.6
1971 2582 100 100 125 0.04 0.6
4189 5464 100 100 125 0.04 0.6
2890 3857 100 100 125 0.04 0.6
1753 2321 100 100 125 0.04 0.62
1051 1388 100 100 125 0.04 0.62
2091 2761 100 100 125 0.04 0.62
748 989 100 100 125 0.04 0.62
1382 1816 100 100 125 0.04 0.64
592 780 100 100 125 0.04 0.64
1910 2482 100 100 125 0.04 0.64
880 1182 100 100 125 0.04 0.64
579 778 100 100 125 0.04 0.66
410 547 100 100 125 0.04 0.66
593 798 100 100 125 0.04 0.66
1520 2015 100 100 125 0.04 0.66
2090 859 100 100 125 0.04 0.68
1021 439 100 100 125 0.04 0.68
2128 894 100 100 125 0.04 0.68
1121 615 100 100 125 0.04 0.68
253 327 100 100 125 0.04 0.7
332 435 100 100 125 0.04 0.7
567 654 100 100 125 0.04 0.7
604 742 100 100 125 0.04 0.7
1784 2350 100 100 125 0.06 0.5
636 848 100 100 125 0.06 0.5
474 633 100 100 125 0.06 0.5
4030 5370 100 100 125 0.06 0.5
555 723 100 100 125 0.06 0.52
1712 2253 100 100 125 0.06 0.52
598 796 100 100 125 0.06 0.52
2216 2920 100 100 125 0.06 0.52
647 831 100 100 125 0.06 0.54
1004 1347 100 100 125 0.06 0.54
941 1235 100 100 125 0.06 0.54
1480 1976 100 100 125 0.06 0.54
523 694 100 100 125 0.06 0.56
530 711 100 100 125 0.06 0.56
1288 1686 100 100 125 0.06 0.56
346 472 100 100 125 0.06 0.56
321 416 100 100 125 0.06 0.58
429 561 100 100 125 0.06 0.58
681 887 100 100 125 0.06 0.58
616 829 100 100 125 0.06 0.58
203 269 100 100 125 0.06 0.6
371 487 100 100 125 0.06 0.6
642 817 100 100 125 0.06 0.6
843 1138 100 100 125 0.06 0.6
82 115 100 100 125 0.06 0.62
162 223 100 100 125 0.06 0.62
327 442 100 100 125 0.06 0.62
115 161 100 100 125 0.06 0.62
383 401 100 100 125 0.06 0.64
599 400 100 100 125 0.06 0.64
748 682 100 100 125 0.06 0.64
261 233 100 100 125 0.06 0.64
120 166 100 100 125 0.06 0.66
96 123 100 100 125 0.06 0.66
146 193 100 100 125 0.06 0.66
123 175 100 100 125 0.06 0.66
145 194 100 100 125 0.06 0.68
116 162 100 100 125 0.06 0.68
108 144 100 100 125 0.06 0.68
186 252 100 100 125 0.06 0.68
89 110 100 100 125 0.06 0.7
55 70 100 100 125 0.06 0.7
61 72 100 100 125 0.06 0.7
98 130 100 100 125 0.06 0.7
275 365 100 100 125 0.08 0.5
306 404 100 100 125 0.08 0.5
226 299 100 100 125 0.08 0.5
428 560 100 100 125 0.08 0.5
247 318 100 100 125 0.08 0.52
128 175 100 100 125 0.08 0.52
268 345 100 100 125 0.08 0.52
171 227 100 100 125 0.08 0.52
128 174 100 100 125 0.08 0.54
215 280 100 100 125 0.08 0.54
232 310 100 100 125 0.08 0.54
150 193 100 100 125 0.08 0.54
140 190 100 100 125 0.08 0.56
285 385 100 100 125 0.08 0.56
226 300 100 100 125 0.08 0.56
323 428 100 100 125 0.08 0.56
75 103 100 100 125 0.08 0.58
169 230 100 100 125 0.08 0.58
78 108 100 100 125 0.08 0.58
285 387 100 100 125 0.08 0.58
72 98 100 100 125 0.08 0.6
69 97 100 100 125 0.08 0.6
65 90 100 100 125 0.08 0.6
86 119 100 100 125 0.08 0.6
72 98 100 100 125 0.08 0.62
86 118 100 100 125 0.08 0.62
244 331 100 100 125 0.08 0.62
58 80 100 100 125 0.08 0.62
81 110 100 100 125 0.08 0.64
74 95 100 100 125 0.08 0.64
110 142 100 100 125 0.08 0.64
72 99 100 100 125 0.08 0.64
52 71 100 100 125 0.08 0.66
51 68 100 100 125 0.08 0.66
108 146 100 100 125 0.08 0.66
40 54 100 100 125 0.08 0.66
50 67 100 100 125 0.08 0.68
53 73 100 100 125 0.08 0.68
85 115 100 100 125 0.08 0.68
85 116 100 100 125 0.08 0.68
44 58 100 100 125 0.08 0.7
38 48 100 100 125 0.08 0.7
51 69 100 100 125 0.08 0.7
50 64 100 100 125 0.08 0.7
152 204 100 100 125 0.1 0.5
192 255 100 100 125 0.1 0.5
258 339 100 100 125 0.1 0.5
96 130 100 100 125 0.1 0.5
315 216 100 100 125 0.1 0.52
287 192 100 100 125 0.1 0.52
437 242 100 100 125 0.1 0.52
266 230 100 100 125 0.1 0.52
129 173 100 100 125 0.1 0.54
57 77 100 100 125 0.1 0.54
168 224 100 100 125 0.1 0.54
65 90 100 100 125 0.1 0.54
81 108 100 100 125 0.1 0.56
114 156 100 100 125 0.1 0.56
86 116 100 100 125 0.1 0.56
113 155 100 100 125 0.1 0.56
61 82 100 100 125 0.1 0.58
44 59 100 100 125 0.1 0.58
107 141 100 100 125 0.1 0.58
199 262 100 100 125 0.1 0.58
82 111 100 100 125 0.1 0.6
43 56 100 100 125 0.1 0.6
120 158 100 100 125 0.1 0.6
81 111 100 100 125 0.1 0.6
53 70 100 100 125 0.1 0.62
61 81 100 100 125 0.1 0.62
90 118 100 100 125 0.1 0.62
172 228 100 100 125 0.1 0.62
41 54 100 100 125 0.1 0.64
49 64 100 100 125 0.1 0.64
74 98 100 100 125 0.1 0.64
85 114 100 100 125 0.1 0.64
38 41 100 100 125 0.1 0.66
43 57 100 100 125 0.1 0.66
54 64 100 100 125 0.1 0.66
59 78 100 100 125 0.1 0.66
46 60 100 100 125 0.1 0.68
49 65 100 100 125 0.1 0.68
107 139 100 100 125 0.1 0.68
50 65 100 100 125 0.1 0.68
32 41 100 100 125 0.1 0.7
37 48 100 100 125 0.1 0.7
67 89 100 100 125 0.1 0.7
90 120 100 100 125 0.1 0.7
