338 1068 200 10 150 0.02 0.5
295 904 200 10 150 0.02 0.5
372 1171 200 10 150 0.02 0.5
282 827 200 10 150 0.02 0.5
163 575 200 10 150 0.02 0.52
151 540 200 10 150 0.02 0.52
196 659 200 10 150 0.02 0.52
173 621 200 10 150 0.02 0.52
115 457 200 10 150 0.02 0.54
165 576 200 10 150 0.02 0.54
145 515 200 10 150 0.02 0.54
171 622 200 10 150 0.02 0.54
139 504 200 10 150 0.02 0.56
153 570 200 10 150 0.02 0.56
121 462 200 10 150 0.02 0.56
199 671 200 10 150 0.02 0.56
127 456 200 10 150 0.02 0.58
139 524 200 10 150 0.02 0.58
124 467 200 10 150 0.02 0.58
216 730 200 10 150 0.02 0.58
106 439 200 10 150 0.02 0.6
63 274 200 10 150 0.02 0.6
87 355 200 10 150 0.02 0.6
165 597 200 10 150 0.02 0.6
68 290 200 10 150 0.02 0.62
82 330 200 10 150 0.02 0.62
83 338 200 10 150 0.02 0.62
82 319 200 10 150 0.02 0.62
71 299 200 10 150 0.02 0.64
82 351 200 10 150 0.02 0.64
81 340 200 10 150 0.02 0.64
77 329 200 10 150 0.02 0.64
62 268 200 10 150 0.02 0.66
75 319 200 10 150 0.02 0.66
179 636 200 10 150 0.02 0.66
77 333 200 10 150 0.02 0.66
81 327 200 10 150 0.02 0.68
75 324 200 10 150 0.02 0.68
100 376 200 10 150 0.02 0.68
99 411 200 10 150 0.02 0.68
104 407 200 10 150 0.02 0.7
54 241 200 10 150 0.02 0.7
91 364 200 10 150 0.02 0.7
91 397 200 10 150 0.02 0.7
330 1184 200 10 150 0.04 0.5
201 783 200 10 150 0.04 0.5
537 1863 200 10 150 0.04 0.5
411 1578 200 10 150 0.04 0.5
283 1045 200 10 150 0.04 0.52
192 757 200 10 150 0.04 0.52
397 1410 200 10 150 0.04 0.52
289 1191 200 10 150 0.04 0.52
246 938 200 10 150 0.04 0.54
228 904 200 10 150 0.04 0.54
283 1098 200 10 150 0.04 0.54
199 805 200 10 150 0.04 0.54
118 498 200 10 150 0.04 0.56
244 969 200 10 150 0.04 0.56
182 721 200 10 150 0.04 0.56
308 1189 200 10 150 0.04 0.56
163 665 200 10 150 0.04 0.58
178 710 200 10 150 0.04 0.58
205 802 200 10 150 0.04 0.58
328 1286 200 10 150 0.04 0.58
116 487 200 10 150 0.04 0.6
123 492 200 10 150 0.04 0.6
129 538 200 10 150 0.04 0.6
140 615 200 10 150 0.04 0.6
139 588 200 10 150 0.04 0.62
165 702 200 10 150 0.04 0.62
159 682 200 10 150 0.04 0.62
190 807 200 10 150 0.04 0.62
202 852 200 10 150 0.04 0.64
117 507 200 10 150 0.04 0.64
149 609 200 10 150 0.04 0.64
305 1257 200 10 150 0.04 0.64
121 515 200 10 150 0.04 0.66
96 415 200 10 150 0.04 0.66
297 1243 200 10 150 0.04 0.66
114 519 200 10 150 0.04 0.66
132 550 200 10 150 0.04 0.68
129 539 200 10 150 0.04 0.68
154 638 200 10 150 0.04 0.68
183 761 200 10 150 0.04 0.68
98 428 200 10 150 0.04 0.7
350 729 200 10 150 0.04 0.7
488 1300 200 10 150 0.04 0.7
119 559 200 10 150 0.04 0.7
1405 5314 200 10 150 0.06 0.5
1588 6276 200 10 150 0.06 0.5
2034 7520 200 10 150 0.06 0.5
1016 4031 200 10 150 0.06 0.5
1109 4395 200 10 150 0.06 0.52
1128 4586 200 10 150 0.06 0.52
1250 4924 200 10 150 0.06 0.52
1577 6363 200 10 150 0.06 0.52
1612 6247 200 10 150 0.06 0.54
1310 5173 200 10 150 0.06 0.54
1060 4147 200 10 150 0.06 0.54
2097 7983 200 10 150 0.06 0.54
962 3729 200 10 150 0.06 0.56
1427 5535 200 10 150 0.06 0.56
1340 5279 200 10 150 0.06 0.56
1407 5651 200 10 150 0.06 0.56
1083 4307 200 10 150 0.06 0.58
677 2653 200 10 150 0.06 0.58
759 3056 200 10 150 0.06 0.58
1003 3944 200 10 150 0.06 0.58
1184 4757 200 10 150 0.06 0.6
877 3519 200 10 150 0.06 0.6
1807 7348 200 10 150 0.06 0.6
1155 4822 200 10 150 0.06 0.6
1052 4204 200 10 150 0.06 0.62
739 3105 200 10 150 0.06 0.62
1526 6097 200 10 150 0.06 0.62
1327 5756 200 10 150 0.06 0.62
670 2812 200 10 150 0.06 0.64
1707 6907 200 10 150 0.06 0.64
1316 5291 200 10 150 0.06 0.64
1797 7359 200 10 150 0.06 0.64
2230 6059 200 10 150 0.06 0.66
1193 3651 200 10 150 0.06 0.66
2004 5319 200 10 150 0.06 0.66
2944 10260 200 10 150 0.06 0.66
1239 5026 200 10 150 0.06 0.68
1172 4740 200 10 150 0.06 0.68
1411 5516 200 10 150 0.06 0.68
1774 7473 200 10 150 0.06 0.68
806 3351 200 10 150 0.06 0.7
831 3463 200 10 150 0.06 0.7
941 3857 200 10 150 0.06 0.7
959 4072 200 10 150 0.06 0.7
8145 31905 200 10 150 0.08 0.5
5016 20519 200 10 150 0.08 0.5
11209 44777 200 10 150 0.08 0.5
39049 200000 200 10 150 0.08 0.5
2266 9458 200 10 150 0.08 0.52
8685 34999 200 10 150 0.08 0.52
8895 35463 200 10 150 0.08 0.52
9206 39500 200 10 150 0.08 0.52
5171 20757 200 10 150 0.08 0.54
7199 28682 200 10 150 0.08 0.54
8502 32718 200 10 150 0.08 0.54
7902 32454 200 10 150 0.08 0.54
4809 19678 200 10 150 0.08 0.56
5597 22915 200 10 150 0.08 0.56
10066 39574 200 10 150 0.08 0.56
4850 21037 200 10 150 0.08 0.56
11496 45337 200 10 150 0.08 0.58
4968 20116 200 10 150 0.08 0.58
9996 40754 200 10 150 0.08 0.58
10194 42720 200 10 150 0.08 0.58
5758 23613 200 10 150 0.08 0.6
10406 43563 200 10 150 0.08 0.6
5996 24600 200 10 150 0.08 0.6
12540 51939 200 10 150 0.08 0.6
9336 37985 200 10 150 0.08 0.62
4943 20163 200 10 150 0.08 0.62
6780 27665 200 10 150 0.08 0.62
11844 48766 200 10 150 0.08 0.62
7681 31082 200 10 150 0.08 0.64
4846 19800 200 10 150 0.08 0.64
6355 25974 200 10 150 0.08 0.64
10003 41877 200 10 150 0.08 0.64
5703 23637 200 10 150 0.08 0.66
7039 28371 200 10 150 0.08 0.66
10810 43136 200 10 150 0.08 0.66
5323 22825 200 10 150 0.08 0.66
6019 24778 200 10 150 0.08 0.68
8412 34421 200 10 150 0.08 0.68
11246 45713 200 10 150 0.08 0.68
8649 37179 200 10 150 0.08 0.68
5071 20585 200 10 150 0.08 0.7
5168 21495 200 10 150 0.08 0.7
8290 33491 200 10 150 0.08 0.7
8596 37187 200 10 150 0.08 0.7
36915 147290 200 10 150 0.1 0.5
21796 89635 200 10 150 0.1 0.5
51242 200000 200 10 150 0.1 0.5
31941 138362 200 10 150 0.1 0.5
15073 62274 200 10 150 0.1 0.52
35701 149528 200 10 150 0.1 0.52
25736 103936 200 10 150 0.1 0.52
41698 175345 200 10 150 0.1 0.52
30758 126398 200 10 150 0.1 0.54
38917 161453 200 10 150 0.1 0.54
45351 188178 200 10 150 0.1 0.54
46876 200000 200 10 150 0.1 0.54
33720 136776 200 10 150 0.1 0.56
37079 148814 200 10 150 0.1 0.56
34499 139551 200 10 150 0.1 0.56
46733 194577 200 10 150 0.1 0.56
26490 109388 200 10 150 0.1 0.58
37000 149888 200 10 150 0.1 0.58
20553 85172 200 10 150 0.1 0.58
54037 200000 200 10 150 0.1 0.58
37841 156531 200 10 150 0.1 0.6
22033 90998 200 10 150 0.1 0.6
33481 139241 200 10 150 0.1 0.6
46587 200000 200 10 150 0.1 0.6
15386 65597 200 10 150 0.1 0.62
47733 200000 200 10 150 0.1 0.62
26172 109083 200 10 150 0.1 0.62
47695 200000 200 10 150 0.1 0.62
25862 108131 200 10 150 0.1 0.64
48913 200000 200 10 150 0.1 0.64
48450 200000 200 10 150 0.1 0.64
46619 200000 200 10 150 0.1 0.64
34825 132471 200 10 150 0.1 0.66
71998 200000 200 10 150 0.1 0.66
61057 200000 200 10 150 0.1 0.66
58863 200000 200 10 150 0.1 0.66
11984 50230 200 10 150 0.1 0.68
28337 118131 200 10 150 0.1 0.68
28799 119163 200 10 150 0.1 0.68
21929 96831 200 10 150 0.1 0.68
48334 200000 200 10 150 0.1 0.7
22875 95857 200 10 150 0.1 0.7
35313 147678 200 10 150 0.1 0.7
36706 155335 200 10 150 0.1 0.7
292 780 200 10 200 0.02 0.5
176 530 200 10 200 0.02 0.5
274 735 200 10 200 0.02 0.5
442 1121 200 10 200 0.02 0.5
127 431 200 10 200 0.02 0.52
126 436 200 10 200 0.02 0.52
200 577 200 10 200 0.02 0.52
262 742 200 10 200 0.02 0.52
193 572 200 10 200 0.02 0.54
153 466 200 10 200 0.02 0.54
176 590 200 10 200 0.02 0.54
195 612 200 10 200 0.02 0.54
141 448 200 10 200 0.02 0.56
202 563 200 10 200 0.02 0.56
187 515 200 10 200 0.02 0.56
237 700 200 10 200 0.02 0.56
117 411 200 10 200 0.02 0.58
185 591 200 10 200 0.02 0.58
212 678 200 10 200 0.02 0.58
213 674 200 10 200 0.02 0.58
115 398 200 10 200 0.02 0.6
72 264 200 10 200 0.02 0.6
74 298 200 10 200 0.02 0.6
136 453 200 10 200 0.02 0.6
67 272 200 10 200 0.02 0.62
91 354 200 10 200 0.02 0.62
113 416 200 10 200 0.02 0.62
129 470 200 10 200 0.02 0.62
90 321 200 10 200 0.02 0.64
85 342 200 10 200 0.02 0.64
91 350 200 10 200 0.02 0.64
91 350 200 10 200 0.02 0.64
80 312 200 10 200 0.02 0.66
88 330 200 10 200 0.02 0.66
97 375 200 10 200 0.02 0.66
113 400 200 10 200 0.02 0.66
101 401 200 10 200 0.02 0.68
101 384 200 10 200 0.02 0.68
125 449 200 10 200 0.02 0.68
92 349 200 10 200 0.02 0.68
67 276 200 10 200 0.02 0.7
90 351 200 10 200 0.02 0.7
98 364 200 10 200 0.02 0.7
69 282 200 10 200 0.02 0.7
353 1075 200 10 200 0.04 0.5
425 1369 200 10 200 0.04 0.5
817 2367 200 10 200 0.04 0.5
851 2657 200 10 200 0.04 0.5
213 762 200 10 200 0.04 0.52
297 1013 200 10 200 0.04 0.52
231 822 200 10 200 0.04 0.52
283 1014 200 10 200 0.04 0.52
311 1062 200 10 200 0.04 0.54
308 1017 200 10 200 0.04 0.54
314 997 200 10 200 0.04 0.54
446 1402 200 10 200 0.04 0.54
210 778 200 10 200 0.04 0.56
253 909 200 10 200 0.04 0.56
345 1109 200 10 200 0.04 0.56
188 710 200 10 200 0.04 0.56
257 857 200 10 200 0.04 0.58
165 608 200 10 200 0.04 0.58
349 1154 200 10 200 0.04 0.58
404 1303 200 10 200 0.04 0.58
189 713 200 10 200 0.04 0.6
244 869 200 10 200 0.04 0.6
179 680 200 10 200 0.04 0.6
278 1027 200 10 200 0.04 0.6
145 566 200 10 200 0.04 0.62
156 591 200 10 200 0.04 0.62
136 530 200 10 200 0.04 0.62
179 670 200 10 200 0.04 0.62
192 744 200 10 200 0.04 0.64
184 698 200 10 200 0.04 0.64
187 727 200 10 200 0.04 0.64
232 895 200 10 200 0.04 0.64
122 486 200 10 200 0.04 0.66
85 349 200 10 200 0.04 0.66
150 586 200 10 200 0.04 0.66
177 678 200 10 200 0.04 0.66
155 614 200 10 200 0.04 0.68
82 336 200 10 200 0.04 0.68
161 615 200 10 200 0.04 0.68
111 458 200 10 200 0.04 0.68
89 358 200 10 200 0.04 0.7
116 351 200 10 200 0.04 0.7
140 513 200 10 200 0.04 0.7
125 420 200 10 200 0.04 0.7
1622 5462 200 10 200 0.06 0.5
2442 8173 200 10 200 0.06 0.5
1110 3872 200 10 200 0.06 0.5
5957 27267 200 10 200 0.06 0.5
1576 5529 200 10 200 0.06 0.52
2528 8482 200 10 200 0.06 0.52
2332 7804 200 10 200 0.06 0.52
1912 6498 200 10 200 0.06 0.52
1419 5032 200 10 200 0.06 0.54
1203 4265 200 10 200 0.06 0.54
1139 3966 200 10 200 0.06 0.54
1514 5239 200 10 200 0.06 0.54
1911 6369 200 10 200 0.06 0.56
1854 6169 200 10 200 0.06 0.56
2004 6658 200 10 200 0.06 0.56
2026 7047 200 10 200 0.06 0.56
996 3455 200 10 200 0.06 0.58
1348 4711 200 10 200 0.06 0.58
1154 4119 200 10 200 0.06 0.58
1789 6418 200 10 200 0.06 0.58
1717 5754 200 10 200 0.06 0.6
1719 5909 200 10 200 0.06 0.6
1314 4740 200 10 200 0.06 0.6
2239 7829 200 10 200 0.06 0.6
1557 5463 200 10 200 0.06 0.62
1301 4800 200 10 200 0.06 0.62
1782 6051 200 10 200 0.06 0.62
1264 4504 200 10 200 0.06 0.62
1884 6576 200 10 200 0.06 0.64
1778 6133 200 10 200 0.06 0.64
1966 6942 200 10 200 0.06 0.64
1860 6129 200 10 200 0.06 0.64
864 3157 200 10 200 0.06 0.66
714 2668 200 10 200 0.06 0.66
1711 5964 200 10 200 0.06 0.66
1839 6939 200 10 200 0.06 0.66
1039 3674 200 10 200 0.06 0.68
2066 7329 200 10 200 0.06 0.68
1351 4954 200 10 200 0.06 0.68
1894 6542 200 10 200 0.06 0.68
1560 3080 200 10 200 0.06 0.7
2848 4926 200 10 200 0.06 0.7
1981 3803 200 10 200 0.06 0.7
2908 5874 200 10 200 0.06 0.7
3620 13130 200 10 200 0.08 0.5
11701 39993 200 10 200 0.08 0.5
7530 25882 200 10 200 0.08 0.5
8330 29147 200 10 200 0.08 0.5
9420 33577 200 10 200 0.08 0.52
8505 30976 200 10 200 0.08 0.52
3241 11979 200 10 200 0.08 0.52
15140 53003 200 10 200 0.08 0.52
9727 34453 200 10 200 0.08 0.54
7264 25890 200 10 200 0.08 0.54
7548 26742 200 10 200 0.08 0.54
27330 97531 200 10 200 0.08 0.54
6259 22207 200 10 200 0.08 0.56
6837 24474 200 10 200 0.08 0.56
11058 39728 200 10 200 0.08 0.56
12003 44781 200 10 200 0.08 0.56
14173 51326 200 10 200 0.08 0.58
8757 31663 200 10 200 0.08 0.58
18016 62009 200 10 200 0.08 0.58
14200 53556 200 10 200 0.08 0.58
7735 27684 200 10 200 0.08 0.6
4543 16545 200 10 200 0.08 0.6
7100 25616 200 10 200 0.08 0.6
8632 32047 200 10 200 0.08 0.6
7590 27911 200 10 200 0.08 0.62
6020 22368 200 10 200 0.08 0.62
9506 34384 200 10 200 0.08 0.62
10818 40594 200 10 200 0.08 0.62
5595 20559 200 10 200 0.08 0.64
4948 18285 200 10 200 0.08 0.64
14005 50371 200 10 200 0.08 0.64
15518 57626 200 10 200 0.08 0.64
7987 29092 200 10 200 0.08 0.66
4522 16666 200 10 200 0.08 0.66
8253 30140 200 10 200 0.08 0.66
8758 32172 200 10 200 0.08 0.66
9632 34199 200 10 200 0.08 0.68
4848 18238 200 10 200 0.08 0.68
10099 36272 200 10 200 0.08 0.68
9802 37473 200 10 200 0.08 0.68
5521 20424 200 10 200 0.08 0.7
6367 22992 200 10 200 0.08 0.7
9001 32454 200 10 200 0.08 0.7
5698 21738 200 10 200 0.08 0.7
35308 127128 200 10 200 0.1 0.5
46345 164386 200 10 200 0.1 0.5
54695 192167 200 10 200 0.1 0.5
54023 200000 200 10 200 0.1 0.5
41197 150281 200 10 200 0.1 0.52
34833 128040 200 10 200 0.1 0.52
26050 94013 200 10 200 0.1 0.52
54683 200000 200 10 200 0.1 0.52
56375 200000 200 10 200 0.1 0.54
39427 145821 200 10 200 0.1 0.54
50639 184743 200 10 200 0.1 0.54
53259 200000 200 10 200 0.1 0.54
14153 53421 200 10 200 0.1 0.56
22129 83101 200 10 200 0.1 0.56
19274 71611 200 10 200 0.1 0.56
26578 100616 200 10 200 0.1 0.56
22050 82796 200 10 200 0.1 0.58
55871 200000 200 10 200 0.1 0.58
56545 200000 200 10 200 0.1 0.58
52510 200000 200 10 200 0.1 0.58
12714 48484 200 10 200 0.1 0.6
31403 117740 200 10 200 0.1 0.6
31971 119444 200 10 200 0.1 0.6
43597 167969 200 10 200 0.1 0.6
29300 108899 200 10 200 0.1 0.62
36619 137710 200 10 200 0.1 0.62
55271 200000 200 10 200 0.1 0.62
50400 200000 200 10 200 0.1 0.62
36942 136036 200 10 200 0.1 0.64
35430 134451 200 10 200 0.1 0.64
32041 118796 200 10 200 0.1 0.64
44029 166219 200 10 200 0.1 0.64
50078 181802 200 10 200 0.1 0.66
28480 106664 200 10 200 0.1 0.66
55008 200000 200 10 200 0.1 0.66
52502 200000 200 10 200 0.1 0.66
46242 171290 200 10 200 0.1 0.68
20551 76125 200 10 200 0.1 0.68
46640 171482 200 10 200 0.1 0.68
49538 190087 200 10 200 0.1 0.68
36360 134437 200 10 200 0.1 0.7
30373 117774 200 10 200 0.1 0.7
52280 200000 200 10 200 0.1 0.7
37509 146283 200 10 200 0.1 0.7
371 852 200 10 250 0.02 0.5
366 849 200 10 250 0.02 0.5
527 1098 200 10 250 0.02 0.5
515 1034 200 10 250 0.02 0.5
169 500 200 10 250 0.02 0.52
232 639 200 10 250 0.02 0.52
214 540 200 10 250 0.02 0.52
222 623 200 10 250 0.02 0.52
143 426 200 10 250 0.02 0.54
203 562 200 10 250 0.02 0.54
197 529 200 10 250 0.02 0.54
195 548 200 10 250 0.02 0.54
330 751 200 10 250 0.02 0.56
130 423 200 10 250 0.02 0.56
203 556 200 10 250 0.02 0.56
268 624 200 10 250 0.02 0.56
146 345 200 10 250 0.02 0.58
281 510 200 10 250 0.02 0.58
314 567 200 10 250 0.02 0.58
237 620 200 10 250 0.02 0.58
88 313 200 10 250 0.02 0.6
93 345 200 10 250 0.02 0.6
123 425 200 10 250 0.02 0.6
87 307 200 10 250 0.02 0.6
73 272 200 10 250 0.02 0.62
83 319 200 10 250 0.02 0.62
108 383 200 10 250 0.02 0.62
84 300 200 10 250 0.02 0.62
64 248 200 10 250 0.02 0.64
67 270 200 10 250 0.02 0.64
99 331 200 10 250 0.02 0.64
81 310 200 10 250 0.02 0.64
86 328 200 10 250 0.02 0.66
110 381 200 10 250 0.02 0.66
132 462 200 10 250 0.02 0.66
81 314 200 10 250 0.02 0.66
79 259 200 10 250 0.02 0.68
117 384 200 10 250 0.02 0.68
83 309 200 10 250 0.02 0.68
138 450 200 10 250 0.02 0.68
65 249 200 10 250 0.02 0.7
59 232 200 10 250 0.02 0.7
52 206 200 10 250 0.02 0.7
93 332 200 10 250 0.02 0.7
642 1397 200 10 250 0.04 0.5
907 1700 200 10 250 0.04 0.5
560 1288 200 10 250 0.04 0.5
41488 200000 200 10 250 0.04 0.5
367 1049 200 10 250 0.04 0.52
257 830 200 10 250 0.04 0.52
480 1291 200 10 250 0.04 0.52
261 887 200 10 250 0.04 0.52
316 953 200 10 250 0.04 0.54
187 626 200 10 250 0.04 0.54
205 691 200 10 250 0.04 0.54
367 1071 200 10 250 0.04 0.54
199 650 200 10 250 0.04 0.56
259 794 200 10 250 0.04 0.56
235 688 200 10 250 0.04 0.56
281 933 200 10 250 0.04 0.56
148 512 200 10 250 0.04 0.58
200 664 200 10 250 0.04 0.58
256 790 200 10 250 0.04 0.58
91 347 200 10 250 0.04 0.58
150 528 200 10 250 0.04 0.6
171 619 200 10 250 0.04 0.6
171 616 200 10 250 0.04 0.6
158 563 200 10 250 0.04 0.6
170 589 200 10 250 0.04 0.62
143 537 200 10 250 0.04 0.62
348 1136 200 10 250 0.04 0.62
100 404 200 10 250 0.04 0.62
106 405 200 10 250 0.04 0.64
128 444 200 10 250 0.04 0.64
154 556 200 10 250 0.04 0.64
136 503 200 10 250 0.04 0.64
240 791 200 10 250 0.04 0.66
162 619 200 10 250 0.04 0.66
473 1315 200 10 250 0.04 0.66
142 544 200 10 250 0.04 0.66
176 633 200 10 250 0.04 0.68
121 462 200 10 250 0.04 0.68
117 432 200 10 250 0.04 0.68
187 625 200 10 250 0.04 0.68
130 485 200 10 250 0.04 0.7
162 603 200 10 250 0.04 0.7
191 719 200 10 250 0.04 0.7
189 710 200 10 250 0.04 0.7
847 2566 200 10 250 0.06 0.5
2610 7603 200 10 250 0.06 0.5
4019 10724 200 10 250 0.06 0.5
1607 5106 200 10 250 0.06 0.5
2263 6581 200 10 250 0.06 0.52
1714 5147 200 10 250 0.06 0.52
1746 5658 200 10 250 0.06 0.52
4289 12189 200 10 250 0.06 0.52
3184 9460 200 10 250 0.06 0.54
1499 4694 200 10 250 0.06 0.54
3002 8396 200 10 250 0.06 0.54
2848 8490 200 10 250 0.06 0.54
2335 6723 200 10 250 0.06 0.56
2381 7240 200 10 250 0.06 0.56
1690 5341 200 10 250 0.06 0.56
3212 9744 200 10 250 0.06 0.56
3132 9678 200 10 250 0.06 0.58
2236 6631 200 10 250 0.06 0.58
1785 5620 200 10 250 0.06 0.58
4097 12038 200 10 250 0.06 0.58
501 1786 200 10 250 0.06 0.6
1371 4417 200 10 250 0.06 0.6
1362 4466 200 10 250 0.06 0.6
1230 4368 200 10 250 0.06 0.6
1269 3907 200 10 250 0.06 0.62
1828 5590 200 10 250 0.06 0.62
1811 5716 200 10 250 0.06 0.62
1812 6115 200 10 250 0.06 0.62
2177 6672 200 10 250 0.06 0.64
596 2002 200 10 250 0.06 0.64
2103 6576 200 10 250 0.06 0.64
1106 3747 200 10 250 0.06 0.64
2568 8312 200 10 250 0.06 0.66
2281 7077 200 10 250 0.06 0.66
2216 6792 200 10 250 0.06 0.66
3361 9730 200 10 250 0.06 0.66
949 3258 200 10 250 0.06 0.68
1106 3640 200 10 250 0.06 0.68
1254 3974 200 10 250 0.06 0.68
2700 8451 200 10 250 0.06 0.68
1456 4599 200 10 250 0.06 0.7
949 3192 200 10 250 0.06 0.7
1326 4301 200 10 250 0.06 0.7
1296 4354 200 10 250 0.06 0.7
11153 33686 200 10 250 0.08 0.5
12638 39114 200 10 250 0.08 0.5
16650 53343 200 10 250 0.08 0.5
9114 28375 200 10 250 0.08 0.5
10774 33751 200 10 250 0.08 0.52
9222 29224 200 10 250 0.08 0.52
10185 31632 200 10 250 0.08 0.52
29172 88097 200 10 250 0.08 0.52
14330 46127 200 10 250 0.08 0.54
4529 14562 200 10 250 0.08 0.54
17096 53875 200 10 250 0.08 0.54
11161 37303 200 10 250 0.08 0.54
6627 21448 200 10 250 0.08 0.56
9938 31836 200 10 250 0.08 0.56
10470 32961 200 10 250 0.08 0.56
12630 42125 200 10 250 0.08 0.56
9999 31203 200 10 250 0.08 0.58
18985 56865 200 10 250 0.08 0.58
15995 50078 200 10 250 0.08 0.58
14724 45370 200 10 250 0.08 0.58
11603 38155 200 10 250 0.08 0.6
17148 44308 200 10 250 0.08 0.6
23988 68844 200 10 250 0.08 0.6
8364 25236 200 10 250 0.08 0.6
2954 10172 200 10 250 0.08 0.62
14309 43984 200 10 250 0.08 0.62
9719 31519 200 10 250 0.08 0.62
13805 45611 200 10 250 0.08 0.62
10784 35017 200 10 250 0.08 0.64
10366 33331 200 10 250 0.08 0.64
25117 79791 200 10 250 0.08 0.64
15348 50458 200 10 250 0.08 0.64
8095 27038 200 10 250 0.08 0.66
12546 38941 200 10 250 0.08 0.66
11912 38510 200 10 250 0.08 0.66
8898 29727 200 10 250 0.08 0.66
9647 31322 200 10 250 0.08 0.68
10973 36520 200 10 250 0.08 0.68
19659 62842 200 10 250 0.08 0.68
15045 50610 200 10 250 0.08 0.68
7858 25474 200 10 250 0.08 0.7
9652 32534 200 10 250 0.08 0.7
17461 55079 200 10 250 0.08 0.7
10348 37220 200 10 250 0.08 0.7
61278 200000 200 10 250 0.1 0.5
34587 118010 200 10 250 0.1 0.5
63380 200000 200 10 250 0.1 0.5
49031 156772 200 10 250 0.1 0.5
61935 200000 200 10 250 0.1 0.52
45024 144942 200 10 250 0.1 0.52
59451 200000 200 10 250 0.1 0.52
52781 180538 200 10 250 0.1 0.52
16516 56322 200 10 250 0.1 0.54
44579 142576 200 10 250 0.1 0.54
42371 145672 200 10 250 0.1 0.54
53054 183086 200 10 250 0.1 0.54
44221 139622 200 10 250 0.1 0.56
43418 144668 200 10 250 0.1 0.56
50297 165443 200 10 250 0.1 0.56
48798 163255 200 10 250 0.1 0.56
42275 126048 200 10 250 0.1 0.58
46123 116180 200 10 250 0.1 0.58
58120 164494 200 10 250 0.1 0.58
68509 200000 200 10 250 0.1 0.58
30471 102893 200 10 250 0.1 0.6
45940 153303 200 10 250 0.1 0.6
61700 200000 200 10 250 0.1 0.6
47747 161502 200 10 250 0.1 0.6
54846 165306 200 10 250 0.1 0.62
46022 151888 200 10 250 0.1 0.62
54393 168316 200 10 250 0.1 0.62
61321 200000 200 10 250 0.1 0.62
58296 195984 200 10 250 0.1 0.64
32434 110181 200 10 250 0.1 0.64
59242 188484 200 10 250 0.1 0.64
48131 165278 200 10 250 0.1 0.64
36484 128024 200 10 250 0.1 0.66
61305 200000 200 10 250 0.1 0.66
53382 180641 200 10 250 0.1 0.66
60942 200000 200 10 250 0.1 0.66
60379 195021 200 10 250 0.1 0.68
35602 122643 200 10 250 0.1 0.68
61652 200000 200 10 250 0.1 0.68
54928 189421 200 10 250 0.1 0.68
25826 91053 200 10 250 0.1 0.7
44766 141492 200 10 250 0.1 0.7
59728 200000 200 10 250 0.1 0.7
58509 200000 200 10 250 0.1 0.7
10162 6087 200 40 150 0.02 0.5
4580 5258 200 40 150 0.02 0.5
12872 8835 200 40 150 0.02 0.5
14278 19749 200 40 150 0.02 0.5
3904 5223 200 40 150 0.02 0.52
3168 4246 200 40 150 0.02 0.52
4067 5530 200 40 150 0.02 0.52
3789 5043 200 40 150 0.02 0.52
1353 1891 200 40 150 0.02 0.54
2722 3702 200 40 150 0.02 0.54
2131 2892 200 40 150 0.02 0.54
3294 4503 200 40 150 0.02 0.54
914 1285 200 40 150 0.02 0.56
2425 3319 200 40 150 0.02 0.56
1175 1655 200 40 150 0.02 0.56
2488 3415 200 40 150 0.02 0.56
1446 2035 200 40 150 0.02 0.58
826 1177 200 40 150 0.02 0.58
1625 2265 200 40 150 0.02 0.58
825 1176 200 40 150 0.02 0.58
949 1371 200 40 150 0.02 0.6
581 871 200 40 150 0.02 0.6
1324 1809 200 40 150 0.02 0.6
817 1175 200 40 150 0.02 0.6
360 571 200 40 150 0.02 0.62
900 1285 200 40 150 0.02 0.62
1852 2519 200 40 150 0.02 0.62
1190 1697 200 40 150 0.02 0.62
360 558 200 40 150 0.02 0.64
598 854 200 40 150 0.02 0.64
662 961 200 40 150 0.02 0.64
681 1024 200 40 150 0.02 0.64
437 654 200 40 150 0.02 0.66
272 435 200 40 150 0.02 0.66
575 848 200 40 150 0.02 0.66
153 257 200 40 150 0.02 0.66
237 378 200 40 150 0.02 0.68
275 440 200 40 150 0.02 0.68
238 392 200 40 150 0.02 0.68
462 693 200 40 150 0.02 0.68
130 216 200 40 150 0.02 0.7
151 249 200 40 150 0.02 0.7
208 332 200 40 150 0.02 0.7
242 389 200 40 150 0.02 0.7
579 836 200 40 150 0.04 0.5
391 593 200 40 150 0.04 0.5
487 709 200 40 150 0.04 0.5
532 768 200 40 150 0.04 0.5
471 688 200 40 150 0.04 0.52
163 258 200 40 150 0.04 0.52
408 607 200 40 150 0.04 0.52
547 801 200 40 150 0.04 0.52
205 331 200 40 150 0.04 0.54
251 405 200 40 150 0.04 0.54
395 583 200 40 150 0.04 0.54
309 491 200 40 150 0.04 0.54
246 378 200 40 150 0.04 0.56
212 328 200 40 150 0.04 0.56
197 308 200 40 150 0.04 0.56
326 493 200 40 150 0.04 0.56
235 349 200 40 150 0.04 0.58
225 347 200 40 150 0.04 0.58
215 314 200 40 150 0.04 0.58
362 549 200 40 150 0.04 0.58
213 233 200 40 150 0.04 0.6
381 300 200 40 150 0.04 0.6
361 348 200 40 150 0.04 0.6
346 353 200 40 150 0.04 0.6
167 265 200 40 150 0.04 0.62
146 240 200 40 150 0.04 0.62
181 283 200 40 150 0.04 0.62
237 370 200 40 150 0.04 0.62
129 217 200 40 150 0.04 0.64
114 188 200 40 150 0.04 0.64
115 192 200 40 150 0.04 0.64
150 249 200 40 150 0.04 0.64
79 134 200 40 150 0.04 0.66
96 159 200 40 150 0.04 0.66
139 224 200 40 150 0.04 0.66
126 208 200 40 150 0.04 0.66
83 140 200 40 150 0.04 0.68
68 115 200 40 150 0.04 0.68
140 218 200 40 150 0.04 0.68
105 175 200 40 150 0.04 0.68
65 105 200 40 150 0.04 0.7
75 124 200 40 150 0.04 0.7
86 144 200 40 150 0.04 0.7
78 130 200 40 150 0.04 0.7
398 628 200 40 150 0.06 0.5
274 438 200 40 150 0.06 0.5
734 1127 200 40 150 0.06 0.5
277 448 200 40 150 0.06 0.5
285 458 200 40 150 0.06 0.52
304 492 200 40 150 0.06 0.52
268 431 200 40 150 0.06 0.52
608 948 200 40 150 0.06 0.52
332 538 200 40 150 0.06 0.54
234 379 200 40 150 0.06 0.54
211 348 200 40 150 0.06 0.54
625 958 200 40 150 0.06 0.54
172 285 200 40 150 0.06 0.56
393 644 200 40 150 0.06 0.56
246 397 200 40 150 0.06 0.56
337 550 200 40 150 0.06 0.56
105 174 200 40 150 0.06 0.58
172 287 200 40 150 0.06 0.58
210 344 200 40 150 0.06 0.58
143 242 200 40 150 0.06 0.58
126 201 200 40 150 0.06 0.6
170 285 200 40 150 0.06 0.6
219 352 200 40 150 0.06 0.6
132 220 200 40 150 0.06 0.6
191 317 200 40 150 0.06 0.62
103 173 200 40 150 0.06 0.62
266 446 200 40 150 0.06 0.62
157 266 200 40 150 0.06 0.62
209 341 200 40 150 0.06 0.64
189 314 200 40 150 0.06 0.64
240 400 200 40 150 0.06 0.64
158 264 200 40 150 0.06 0.64
171 286 200 40 150 0.06 0.66
99 162 200 40 150 0.06 0.66
198 329 200 40 150 0.06 0.66
256 428 200 40 150 0.06 0.66
108 179 200 40 150 0.06 0.68
87 143 200 40 150 0.06 0.68
66 108 200 40 150 0.06 0.68
152 255 200 40 150 0.06 0.68
204 343 200 40 150 0.06 0.7
197 326 200 40 150 0.06 0.7
155 259 200 40 150 0.06 0.7
424 695 200 40 150 0.06 0.7
3221 5167 200 40 150 0.08 0.5
3367 5451 200 40 150 0.08 0.5
6444 10075 200 40 150 0.08 0.5
2172 3632 200 40 150 0.08 0.5
2112 3468 200 40 150 0.08 0.52
1741 2840 200 40 150 0.08 0.52
3606 5694 200 40 150 0.08 0.52
2240 3714 200 40 150 0.08 0.52
2096 3360 200 40 150 0.08 0.54
3889 6195 200 40 150 0.08 0.54
3872 6110 200 40 150 0.08 0.54
2260 3656 200 40 150 0.08 0.54
1062 1743 200 40 150 0.08 0.56
1414 2275 200 40 150 0.08 0.56
2086 3326 200 40 150 0.08 0.56
4743 7752 200 40 150 0.08 0.56
2477 3939 200 40 150 0.08 0.58
3759 5977 200 40 150 0.08 0.58
4068 6332 200 40 150 0.08 0.58
2517 4064 200 40 150 0.08 0.58
3879 6180 200 40 150 0.08 0.6
1506 2463 200 40 150 0.08 0.6
1655 2691 200 40 150 0.08 0.6
4654 7322 200 40 150 0.08 0.6
2912 4718 200 40 150 0.08 0.62
1850 3007 200 40 150 0.08 0.62
827 1334 200 40 150 0.08 0.62
5199 8292 200 40 150 0.08 0.62
3687 5976 200 40 150 0.08 0.64
1632 2626 200 40 150 0.08 0.64
1519 2457 200 40 150 0.08 0.64
5366 8626 200 40 150 0.08 0.64
1836 3011 200 40 150 0.08 0.66
1791 2909 200 40 150 0.08 0.66
1008 1664 200 40 150 0.08 0.66
5176 8270 200 40 150 0.08 0.66
3981 6383 200 40 150 0.08 0.68
2426 3928 200 40 150 0.08 0.68
1958 3195 200 40 150 0.08 0.68
5726 9195 200 40 150 0.08 0.68
3899 6267 200 40 150 0.08 0.7
2423 3960 200 40 150 0.08 0.7
1955 3209 200 40 150 0.08 0.7
4871 7740 200 40 150 0.08 0.7
10782 17523 200 40 150 0.1 0.5
26844 43489 200 40 150 0.1 0.5
23082 37444 200 40 150 0.1 0.5
31108 50562 200 40 150 0.1 0.5
9498 15414 200 40 150 0.1 0.52
14662 23865 200 40 150 0.1 0.52
23180 37224 200 40 150 0.1 0.52
25448 42611 200 40 150 0.1 0.52
59104 35121 200 40 150 0.1 0.54
8511 13837 200 40 150 0.1 0.54
64929 44067 200 40 150 0.1 0.54
9616 16098 200 40 150 0.1 0.54
16504 27068 200 40 150 0.1 0.56
24329 39342 200 40 150 0.1 0.56
13986 22870 200 40 150 0.1 0.56
27406 44296 200 40 150 0.1 0.56
13560 21790 200 40 150 0.1 0.58
14477 23712 200 40 150 0.1 0.58
52677 85291 200 40 150 0.1 0.58
33170 55215 200 40 150 0.1 0.58
26706 33096 200 40 150 0.1 0.6
46209 39476 200 40 150 0.1 0.6
55698 51755 200 40 150 0.1 0.6
30327 34166 200 40 150 0.1 0.6
14681 24194 200 40 150 0.1 0.62
16857 27256 200 40 150 0.1 0.62
18573 30044 200 40 150 0.1 0.62
37203 60489 200 40 150 0.1 0.62
20988 34399 200 40 150 0.1 0.64
12542 20456 200 40 150 0.1 0.64
26905 43744 200 40 150 0.1 0.64
14887 24698 200 40 150 0.1 0.64
21176 34274 200 40 150 0.1 0.66
10416 17050 200 40 150 0.1 0.66
16624 27049 200 40 150 0.1 0.66
19988 32733 200 40 150 0.1 0.66
18681 30854 200 40 150 0.1 0.68
14505 23863 200 40 150 0.1 0.68
21179 34398 200 40 150 0.1 0.68
34886 56734 200 40 150 0.1 0.68
58745 51156 200 40 150 0.1 0.7
19503 16138 200 40 150 0.1 0.7
54368 40191 200 40 150 0.1 0.7
32893 31452 200 40 150 0.1 0.7
6460 7476 200 40 200 0.02 0.5
8898 10149 200 40 200 0.02 0.5
12130 13795 200 40 200 0.02 0.5
10549 12086 200 40 200 0.02 0.5
5237 6006 200 40 200 0.02 0.52
3803 4384 200 40 200 0.02 0.52
4890 5565 200 40 200 0.02 0.52
4655 5276 200 40 200 0.02 0.52
1532 1826 200 40 200 0.02 0.54
3521 3978 200 40 200 0.02 0.54
3431 3942 200 40 200 0.02 0.54
6685 7673 200 40 200 0.02 0.54
2233 2632 200 40 200 0.02 0.56
1340 1642 200 40 200 0.02 0.56
2389 2776 200 40 200 0.02 0.56
1552 1856 200 40 200 0.02 0.56
916 1160 200 40 200 0.02 0.58
652 850 200 40 200 0.02 0.58
1500 1773 200 40 200 0.02 0.58
1535 1893 200 40 200 0.02 0.58
845 1056 200 40 200 0.02 0.6
774 1005 200 40 200 0.02 0.6
963 1211 200 40 200 0.02 0.6
980 1208 200 40 200 0.02 0.6
410 577 200 40 200 0.02 0.62
414 591 200 40 200 0.02 0.62
1518 1844 200 40 200 0.02 0.62
767 1046 200 40 200 0.02 0.62
544 523 200 40 200 0.02 0.64
1023 843 200 40 200 0.02 0.64
1215 989 200 40 200 0.02 0.64
833 908 200 40 200 0.02 0.64
419 613 200 40 200 0.02 0.66
386 575 200 40 200 0.02 0.66
864 1067 200 40 200 0.02 0.66
474 658 200 40 200 0.02 0.66
240 374 200 40 200 0.02 0.68
296 416 200 40 200 0.02 0.68
494 706 200 40 200 0.02 0.68
143 237 200 40 200 0.02 0.68
174 270 200 40 200 0.02 0.7
168 272 200 40 200 0.02 0.7
436 556 200 40 200 0.02 0.7
196 304 200 40 200 0.02 0.7
470 611 200 40 200 0.04 0.5
570 736 200 40 200 0.04 0.5
109626 200000 200 40 200 0.04 0.5
540 751 200 40 200 0.04 0.5
401 548 200 40 200 0.04 0.52
299 421 200 40 200 0.04 0.52
443 551 200 40 200 0.04 0.52
471 636 200 40 200 0.04 0.52
380 522 200 40 200 0.04 0.54
240 364 200 40 200 0.04 0.54
319 447 200 40 200 0.04 0.54
305 434 200 40 200 0.04 0.54
175 259 200 40 200 0.04 0.56
216 331 200 40 200 0.04 0.56
269 392 200 40 200 0.04 0.56
280 404 200 40 200 0.04 0.56
230 334 200 40 200 0.04 0.58
263 392 200 40 200 0.04 0.58
253 377 200 40 200 0.04 0.58
264 376 200 40 200 0.04 0.58
352 222 200 40 200 0.04 0.6
506 264 200 40 200 0.04 0.6
489 285 200 40 200 0.04 0.6
371 210 200 40 200 0.04 0.6
154 242 200 40 200 0.04 0.62
169 252 200 40 200 0.04 0.62
205 310 200 40 200 0.04 0.62
153 251 200 40 200 0.04 0.62
177 202 200 40 200 0.04 0.64
305 261 200 40 200 0.04 0.64
259 254 200 40 200 0.04 0.64
301 290 200 40 200 0.04 0.64
178 279 200 40 200 0.04 0.66
141 223 200 40 200 0.04 0.66
242 366 200 40 200 0.04 0.66
129 215 200 40 200 0.04 0.66
101 165 200 40 200 0.04 0.68
171 253 200 40 200 0.04 0.68
100 162 200 40 200 0.04 0.68
208 306 200 40 200 0.04 0.68
96 147 200 40 200 0.04 0.7
93 151 200 40 200 0.04 0.7
89 137 200 40 200 0.04 0.7
141 216 200 40 200 0.04 0.7
315 478 200 40 200 0.06 0.5
535 774 200 40 200 0.06 0.5
111161 200000 200 40 200 0.06 0.5
581 865 200 40 200 0.06 0.5
298 424 200 40 200 0.06 0.52
261 391 200 40 200 0.06 0.52
286 432 200 40 200 0.06 0.52
318 476 200 40 200 0.06 0.52
232 343 200 40 200 0.06 0.54
265 393 200 40 200 0.06 0.54
218 341 200 40 200 0.06 0.54
435 633 200 40 200 0.06 0.54
224 356 200 40 200 0.06 0.56
186 301 200 40 200 0.06 0.56
288 444 200 40 200 0.06 0.56
185 293 200 40 200 0.06 0.56
178 268 200 40 200 0.06 0.58
203 310 200 40 200 0.06 0.58
325 453 200 40 200 0.06 0.58
212 337 200 40 200 0.06 0.58
227 361 200 40 200 0.06 0.6
135 195 200 40 200 0.06 0.6
207 320 200 40 200 0.06 0.6
356 532 200 40 200 0.06 0.6
201 324 200 40 200 0.06 0.62
182 300 200 40 200 0.06 0.62
173 284 200 40 200 0.06 0.62
321 513 200 40 200 0.06 0.62
115 189 200 40 200 0.06 0.64
132 214 200 40 200 0.06 0.64
142 232 200 40 200 0.06 0.64
193 316 200 40 200 0.06 0.64
184 299 200 40 200 0.06 0.66
148 240 200 40 200 0.06 0.66
251 402 200 40 200 0.06 0.66
207 342 200 40 200 0.06 0.66
134 216 200 40 200 0.06 0.68
84 136 200 40 200 0.06 0.68
126 206 200 40 200 0.06 0.68
162 264 200 40 200 0.06 0.68
64 101 200 40 200 0.06 0.7
151 244 200 40 200 0.06 0.7
251 401 200 40 200 0.06 0.7
112 184 200 40 200 0.06 0.7
3231 4943 200 40 200 0.08 0.5
3899 5735 200 40 200 0.08 0.5
6765 9879 200 40 200 0.08 0.5
5013 7645 200 40 200 0.08 0.5
2694 4087 200 40 200 0.08 0.52
1291 2016 200 40 200 0.08 0.52
1938 3013 200 40 200 0.08 0.52
2387 3644 200 40 200 0.08 0.52
1755 2663 200 40 200 0.08 0.54
2930 4496 200 40 200 0.08 0.54
4812 7207 200 40 200 0.08 0.54
2443 3852 200 40 200 0.08 0.54
1339 2099 200 40 200 0.08 0.56
4113 6119 200 40 200 0.08 0.56
3505 5315 200 40 200 0.08 0.56
4893 7541 200 40 200 0.08 0.56
1904 2859 200 40 200 0.08 0.58
1938 3081 200 40 200 0.08 0.58
2113 3206 200 40 200 0.08 0.58
6256 9675 200 40 200 0.08 0.58
2305 3533 200 40 200 0.08 0.6
3200 4893 200 40 200 0.08 0.6
7933 11740 200 40 200 0.08 0.6
3344 5010 200 40 200 0.08 0.6
2011 3132 200 40 200 0.08 0.62
3010 4601 200 40 200 0.08 0.62
4918 7482 200 40 200 0.08 0.62
560 906 200 40 200 0.08 0.62
2115 3325 200 40 200 0.08 0.64
1293 2039 200 40 200 0.08 0.64
2142 3302 200 40 200 0.08 0.64
3312 5161 200 40 200 0.08 0.64
911 1469 200 40 200 0.08 0.66
1136 1805 200 40 200 0.08 0.66
2826 4416 200 40 200 0.08 0.66
2212 3591 200 40 200 0.08 0.66
818 1302 200 40 200 0.08 0.68
323 509 200 40 200 0.08 0.68
575 928 200 40 200 0.08 0.68
4270 6785 200 40 200 0.08 0.68
485 776 200 40 200 0.08 0.7
4259 6509 200 40 200 0.08 0.7
1731 2691 200 40 200 0.08 0.7
3318 4922 200 40 200 0.08 0.7
42155 47589 200 40 200 0.1 0.5
20202 31103 200 40 200 0.1 0.5
70742 85739 200 40 200 0.1 0.5
19223 30594 200 40 200 0.1 0.5
16678 25619 200 40 200 0.1 0.52
22804 35283 200 40 200 0.1 0.52
22982 34777 200 40 200 0.1 0.52
19257 30018 200 40 200 0.1 0.52
23099 35449 200 40 200 0.1 0.54
22060 33913 200 40 200 0.1 0.54
55200 83979 200 40 200 0.1 0.54
23753 37146 200 40 200 0.1 0.54
27949 43194 200 40 200 0.1 0.56
9314 14629 200 40 200 0.1 0.56
22599 34584 200 40 200 0.1 0.56
22948 34489 200 40 200 0.1 0.56
13278 20676 200 40 200 0.1 0.58
31148 41272 200 40 200 0.1 0.58
24017 37238 200 40 200 0.1 0.58
32010 42313 200 40 200 0.1 0.58
17824 25224 200 40 200 0.1 0.6
37764 32423 200 40 200 0.1 0.6
10999 17136 200 40 200 0.1 0.6
53162 48549 200 40 200 0.1 0.6
21428 32277 200 40 200 0.1 0.62
22282 33639 200 40 200 0.1 0.62
15679 24132 200 40 200 0.1 0.62
32244 49901 200 40 200 0.1 0.62
15858 24578 200 40 200 0.1 0.64
22415 34428 200 40 200 0.1 0.64
19747 30421 200 40 200 0.1 0.64
22014 33939 200 40 200 0.1 0.64
16301 25511 200 40 200 0.1 0.66
25769 39135 200 40 200 0.1 0.66
25840 39305 200 40 200 0.1 0.66
23054 35857 200 40 200 0.1 0.66
31423 47122 200 40 200 0.1 0.68
16077 24715 200 40 200 0.1 0.68
43789 65863 200 40 200 0.1 0.68
19280 30621 200 40 200 0.1 0.68
23686 35625 200 40 200 0.1 0.7
23686 36024 200 40 200 0.1 0.7
19554 30037 200 40 200 0.1 0.7
33713 52616 200 40 200 0.1 0.7
5942 5618 200 40 250 0.02 0.5
3838 3775 200 40 250 0.02 0.5
5856 5613 200 40 250 0.02 0.5
8243 7898 200 40 250 0.02 0.5
3538 3517 200 40 250 0.02 0.52
3176 3147 200 40 250 0.02 0.52
5086 4848 200 40 250 0.02 0.52
3829 3876 200 40 250 0.02 0.52
3119 3151 200 40 250 0.02 0.54
7219 6847 200 40 250 0.02 0.54
3515 3426 200 40 250 0.02 0.54
7382 6950 200 40 250 0.02 0.54
1727 1970 200 40 250 0.02 0.56
721 889 200 40 250 0.02 0.56
2564 2559 200 40 250 0.02 0.56
4335 4402 200 40 250 0.02 0.56
2008 2076 200 40 250 0.02 0.58
2009 2038 200 40 250 0.02 0.58
2434 2398 200 40 250 0.02 0.58
2879 2821 200 40 250 0.02 0.58
567 672 200 40 250 0.02 0.6
1431 1473 200 40 250 0.02 0.6
1817 1805 200 40 250 0.02 0.6
882 1110 200 40 250 0.02 0.6
683 804 200 40 250 0.02 0.62
400 541 200 40 250 0.02 0.62
643 756 200 40 250 0.02 0.62
1712 1792 200 40 250 0.02 0.62
484 596 200 40 250 0.02 0.64
383 528 200 40 250 0.02 0.64
574 675 200 40 250 0.02 0.64
328 462 200 40 250 0.02 0.64
647 755 200 40 250 0.02 0.66
173 277 200 40 250 0.02 0.66
1005 1093 200 40 250 0.02 0.66
479 630 200 40 250 0.02 0.66
317 444 200 40 250 0.02 0.68
357 495 200 40 250 0.02 0.68
280 402 200 40 250 0.02 0.68
438 584 200 40 250 0.02 0.68
207 312 200 40 250 0.02 0.7
273 370 200 40 250 0.02 0.7
350 469 200 40 250 0.02 0.7
193 274 200 40 250 0.02 0.7
475 588 200 40 250 0.04 0.5
469 573 200 40 250 0.04 0.5
528 654 200 40 250 0.04 0.5
1008 1163 200 40 250 0.04 0.5
270 352 200 40 250 0.04 0.52
388 476 200 40 250 0.04 0.52
363 485 200 40 250 0.04 0.52
593 741 200 40 250 0.04 0.52
289 399 200 40 250 0.04 0.54
346 451 200 40 250 0.04 0.54
251 359 200 40 250 0.04 0.54
402 516 200 40 250 0.04 0.54
390 379 200 40 250 0.04 0.56
518 434 200 40 250 0.04 0.56
670 531 200 40 250 0.04 0.56
351 330 200 40 250 0.04 0.56
120 188 200 40 250 0.04 0.58
256 370 200 40 250 0.04 0.58
245 365 200 40 250 0.04 0.58
266 397 200 40 250 0.04 0.58
166 239 200 40 250 0.04 0.6
132 208 200 40 250 0.04 0.6
132 207 200 40 250 0.04 0.6
213 323 200 40 250 0.04 0.6
220 313 200 40 250 0.04 0.62
130 191 200 40 250 0.04 0.62
240 332 200 40 250 0.04 0.62
302 395 200 40 250 0.04 0.62
119 182 200 40 250 0.04 0.64
144 218 200 40 250 0.04 0.64
240 338 200 40 250 0.04 0.64
130 206 200 40 250 0.04 0.64
70 108 200 40 250 0.04 0.66
148 222 200 40 250 0.04 0.66
138 214 200 40 250 0.04 0.66
189 275 200 40 250 0.04 0.66
79 122 200 40 250 0.04 0.68
114 178 200 40 250 0.04 0.68
82 133 200 40 250 0.04 0.68
141 217 200 40 250 0.04 0.68
113 177 200 40 250 0.04 0.7
87 137 200 40 250 0.04 0.7
127 191 200 40 250 0.04 0.7
100 163 200 40 250 0.04 0.7
211 314 200 40 250 0.06 0.5
589 763 200 40 250 0.06 0.5
430 601 200 40 250 0.06 0.5
112321 200000 200 40 250 0.06 0.5
326 454 200 40 250 0.06 0.52
451 625 200 40 250 0.06 0.52
694 905 200 40 250 0.06 0.52
239 365 200 40 250 0.06 0.52
213 327 200 40 250 0.06 0.54
272 420 200 40 250 0.06 0.54
273 409 200 40 250 0.06 0.54
520 753 200 40 250 0.06 0.54
218 324 200 40 250 0.06 0.56
206 320 200 40 250 0.06 0.56
203 312 200 40 250 0.06 0.56
260 403 200 40 250 0.06 0.56
257 396 200 40 250 0.06 0.58
134 201 200 40 250 0.06 0.58
293 413 200 40 250 0.06 0.58
138 224 200 40 250 0.06 0.58
226 350 200 40 250 0.06 0.6
142 225 200 40 250 0.06 0.6
311 464 200 40 250 0.06 0.6
128 199 200 40 250 0.06 0.6
160 240 200 40 250 0.06 0.62
225 340 200 40 250 0.06 0.62
233 357 200 40 250 0.06 0.62
266 409 200 40 250 0.06 0.62
190 297 200 40 250 0.06 0.64
114 181 200 40 250 0.06 0.64
136 213 200 40 250 0.06 0.64
242 378 200 40 250 0.06 0.64
164 258 200 40 250 0.06 0.66
89 138 200 40 250 0.06 0.66
178 277 200 40 250 0.06 0.66
89 137 200 40 250 0.06 0.66
151 243 200 40 250 0.06 0.68
113 173 200 40 250 0.06 0.68
160 253 200 40 250 0.06 0.68
240 379 200 40 250 0.06 0.68
119 189 200 40 250 0.06 0.7
97 158 200 40 250 0.06 0.7
136 214 200 40 250 0.06 0.7
220 351 200 40 250 0.06 0.7
2907 4192 200 40 250 0.08 0.5
4441 6345 200 40 250 0.08 0.5
3693 5363 200 40 250 0.08 0.5
4381 6265 200 40 250 0.08 0.5
5091 6905 200 40 250 0.08 0.52
6508 9177 200 40 250 0.08 0.52
9139 12856 200 40 250 0.08 0.52
6302 9185 200 40 250 0.08 0.52
3108 4458 200 40 250 0.08 0.54
2490 3586 200 40 250 0.08 0.54
3586 4941 200 40 250 0.08 0.54
5243 7341 200 40 250 0.08 0.54
1430 2123 200 40 250 0.08 0.56
2007 2927 200 40 250 0.08 0.56
3102 4282 200 40 250 0.08 0.56
7188 9841 200 40 250 0.08 0.56
3062 4412 200 40 250 0.08 0.58
2053 2934 200 40 250 0.08 0.58
2440 3513 200 40 250 0.08 0.58
4139 5902 200 40 250 0.08 0.58
4532 6591 200 40 250 0.08 0.6
2501 3655 200 40 250 0.08 0.6
2491 3723 200 40 250 0.08 0.6
8272 11495 200 40 250 0.08 0.6
2010 2926 200 40 250 0.08 0.62
3384 4854 200 40 250 0.08 0.62
3094 4366 200 40 250 0.08 0.62
3250 4707 200 40 250 0.08 0.62
1226 1862 200 40 250 0.08 0.64
3527 5059 200 40 250 0.08 0.64
2606 3851 200 40 250 0.08 0.64
4405 5864 200 40 250 0.08 0.64
1896 2772 200 40 250 0.08 0.66
3595 5135 200 40 250 0.08 0.66
3835 5598 200 40 250 0.08 0.66
3911 5903 200 40 250 0.08 0.66
1761 2649 200 40 250 0.08 0.68
2722 4076 200 40 250 0.08 0.68
2549 3817 200 40 250 0.08 0.68
1943 2884 200 40 250 0.08 0.68
2165 3225 200 40 250 0.08 0.7
2331 3345 200 40 250 0.08 0.7
2637 3980 200 40 250 0.08 0.7
2758 4173 200 40 250 0.08 0.7
9595 14354 200 40 250 0.1 0.5
16682 24628 200 40 250 0.1 0.5
31030 45036 200 40 250 0.1 0.5
32805 48016 200 40 250 0.1 0.5
17191 24713 200 40 250 0.1 0.52
24692 36787 200 40 250 0.1 0.52
42806 61140 200 40 250 0.1 0.52
37598 55648 200 40 250 0.1 0.52
24142 29624 200 40 250 0.1 0.54
19666 28401 200 40 250 0.1 0.54
36579 46606 200 40 250 0.1 0.54
23907 35097 200 40 250 0.1 0.54
16694 24608 200 40 250 0.1 0.56
22155 32742 200 40 250 0.1 0.56
24369 36424 200 40 250 0.1 0.56
14785 22241 200 40 250 0.1 0.56
23415 34868 200 40 250 0.1 0.58
30709 43445 200 40 250 0.1 0.58
54706 74233 200 40 250 0.1 0.58
31816 47122 200 40 250 0.1 0.58
24228 35441 200 40 250 0.1 0.6
18506 27220 200 40 250 0.1 0.6
45739 67042 200 40 250 0.1 0.6
21317 31154 200 40 250 0.1 0.6
17235 25347 200 40 250 0.1 0.62
18219 27002 200 40 250 0.1 0.62
28005 40856 200 40 250 0.1 0.62
25626 38910 200 40 250 0.1 0.62
39304 56897 200 40 250 0.1 0.64
31334 44867 200 40 250 0.1 0.64
50544 71349 200 40 250 0.1 0.64
33656 49096 200 40 250 0.1 0.64
17043 25675 200 40 250 0.1 0.66
20326 30398 200 40 250 0.1 0.66
39326 58240 200 40 250 0.1 0.66
37461 54270 200 40 250 0.1 0.66
14174 21122 200 40 250 0.1 0.68
23674 34584 200 40 250 0.1 0.68
18840 27948 200 40 250 0.1 0.68
29354 42384 200 40 250 0.1 0.68
6805 10422 200 40 250 0.1 0.7
28620 42442 200 40 250 0.1 0.7
19357 28232 200 40 250 0.1 0.7
18782 27930 200 40 250 0.1 0.7
22628 20532 200 70 150 0.02 0.5
177864 161512 200 70 150 0.02 0.5
144645 131066 200 70 150 0.02 0.5
109352 100025 200 70 150 0.02 0.5
56365 51253 200 70 150 0.02 0.52
26972 24632 200 70 150 0.02 0.52
14967 13549 200 70 150 0.02 0.52
76281 69589 200 70 150 0.02 0.52
7115 6475 200 70 150 0.02 0.54
39779 36210 200 70 150 0.02 0.54
32857 29700 200 70 150 0.02 0.54
22170 20351 200 70 150 0.02 0.54
16390 14915 200 70 150 0.02 0.56
8783 7990 200 70 150 0.02 0.56
21674 19661 200 70 150 0.02 0.56
21033 19340 200 70 150 0.02 0.56
7042 6435 200 70 150 0.02 0.58
9665 8768 200 70 150 0.02 0.58
24704 22310 200 70 150 0.02 0.58
12849 11841 200 70 150 0.02 0.58
1431 1334 200 70 150 0.02 0.6
7654 6934 200 70 150 0.02 0.6
4341 3962 200 70 150 0.02 0.6
11484 10502 200 70 150 0.02 0.6
7224 6549 200 70 150 0.02 0.62
3478 3178 200 70 150 0.02 0.62
10002 8970 200 70 150 0.02 0.62
3295 3084 200 70 150 0.02 0.62
6786 6141 200 70 150 0.02 0.64
3830 3466 200 70 150 0.02 0.64
3760 3443 200 70 150 0.02 0.64
7823 7159 200 70 150 0.02 0.64
1613 1500 200 70 150 0.02 0.66
3657 3341 200 70 150 0.02 0.66
1442 1352 200 70 150 0.02 0.66
3946 3569 200 70 150 0.02 0.66
3456 3147 200 70 150 0.02 0.68
924 908 200 70 150 0.02 0.68
2356 2179 200 70 150 0.02 0.68
2720 2474 200 70 150 0.02 0.68
621 594 200 70 150 0.02 0.7
1340 1263 200 70 150 0.02 0.7
934 869 200 70 150 0.02 0.7
1109 1046 200 70 150 0.02 0.7
1415 1330 200 70 150 0.04 0.5
1026 957 200 70 150 0.04 0.5
2673 2468 200 70 150 0.04 0.5
1155 1116 200 70 150 0.04 0.5
750 704 200 70 150 0.04 0.52
916 877 200 70 150 0.04 0.52
849 799 200 70 150 0.04 0.52
1076 1036 200 70 150 0.04 0.52
536 527 200 70 150 0.04 0.54
763 739 200 70 150 0.04 0.54
817 783 200 70 150 0.04 0.54
754 725 200 70 150 0.04 0.54
774 746 200 70 150 0.04 0.56
514 510 200 70 150 0.04 0.56
685 668 200 70 150 0.04 0.56
778 751 200 70 150 0.04 0.56
451 442 200 70 150 0.04 0.58
240 243 200 70 150 0.04 0.58
721 691 200 70 150 0.04 0.58
380 387 200 70 150 0.04 0.58
603 590 200 70 150 0.04 0.6
269 275 200 70 150 0.04 0.6
615 593 200 70 150 0.04 0.6
523 523 200 70 150 0.04 0.6
328 330 200 70 150 0.04 0.62
196 203 200 70 150 0.04 0.62
352 352 200 70 150 0.04 0.62
295 292 200 70 150 0.04 0.62
324 322 200 70 150 0.04 0.64
361 365 200 70 150 0.04 0.64
595 583 200 70 150 0.04 0.64
292 296 200 70 150 0.04 0.64
369 360 200 70 150 0.04 0.66
136 141 200 70 150 0.04 0.66
239 232 200 70 150 0.04 0.66
373 372 200 70 150 0.04 0.66
261 232 200 70 150 0.04 0.68
188 186 200 70 150 0.04 0.68
253 227 200 70 150 0.04 0.68
291 287 200 70 150 0.04 0.68
216 209 200 70 150 0.04 0.7
174 174 200 70 150 0.04 0.7
213 212 200 70 150 0.04 0.7
188 193 200 70 150 0.04 0.7
396 394 200 70 150 0.06 0.5
579 578 200 70 150 0.06 0.5
578 564 200 70 150 0.06 0.5
500 489 200 70 150 0.06 0.5
314 316 200 70 150 0.06 0.52
457 456 200 70 150 0.06 0.52
424 419 200 70 150 0.06 0.52
548 532 200 70 150 0.06 0.52
294 291 200 70 150 0.06 0.54
239 245 200 70 150 0.06 0.54
513 493 200 70 150 0.06 0.54
239 247 200 70 150 0.06 0.54
356 267 200 70 150 0.06 0.56
438 432 200 70 150 0.06 0.56
636 525 200 70 150 0.06 0.56
430 436 200 70 150 0.06 0.56
192 194 200 70 150 0.06 0.58
298 289 200 70 150 0.06 0.58
242 246 200 70 150 0.06 0.58
400 391 200 70 150 0.06 0.58
167 169 200 70 150 0.06 0.6
167 170 200 70 150 0.06 0.6
210 208 200 70 150 0.06 0.6
147 150 200 70 150 0.06 0.6
151 145 200 70 150 0.06 0.62
243 240 200 70 150 0.06 0.62
232 222 200 70 150 0.06 0.62
166 171 200 70 150 0.06 0.62
196 185 200 70 150 0.06 0.64
123 124 200 70 150 0.06 0.64
249 241 200 70 150 0.06 0.64
192 198 200 70 150 0.06 0.64
159 144 200 70 150 0.06 0.66
136 135 200 70 150 0.06 0.66
289 275 200 70 150 0.06 0.66
107 109 200 70 150 0.06 0.66
157 149 200 70 150 0.06 0.68
124 113 200 70 150 0.06 0.68
146 141 200 70 150 0.06 0.68
216 206 200 70 150 0.06 0.68
102 99 200 70 150 0.06 0.7
169 155 200 70 150 0.06 0.7
134 122 200 70 150 0.06 0.7
144 138 200 70 150 0.06 0.7
2661 2625 200 70 150 0.08 0.5
495 499 200 70 150 0.08 0.5
1602 1621 200 70 150 0.08 0.5
1631 1642 200 70 150 0.08 0.5
2159 2131 200 70 150 0.08 0.52
1729 1717 200 70 150 0.08 0.52
3480 3424 200 70 150 0.08 0.52
1266 1288 200 70 150 0.08 0.52
851 842 200 70 150 0.08 0.54
1842 1824 200 70 150 0.08 0.54
4969 4937 200 70 150 0.08 0.54
406 424 200 70 150 0.08 0.54
1190 1175 200 70 150 0.08 0.56
1165 1183 200 70 150 0.08 0.56
1309 1327 200 70 150 0.08 0.56
1202 1221 200 70 150 0.08 0.56
888 905 200 70 150 0.08 0.58
1027 1031 200 70 150 0.08 0.58
439 448 200 70 150 0.08 0.58
3020 3044 200 70 150 0.08 0.58
580 584 200 70 150 0.08 0.6
2088 2077 200 70 150 0.08 0.6
3342 3347 200 70 150 0.08 0.6
4648 4760 200 70 150 0.08 0.6
439 439 200 70 150 0.08 0.62
295 299 200 70 150 0.08 0.62
727 720 200 70 150 0.08 0.62
909 921 200 70 150 0.08 0.62
872 889 200 70 150 0.08 0.64
1318 1333 200 70 150 0.08 0.64
1924 1949 200 70 150 0.08 0.64
1635 1671 200 70 150 0.08 0.64
367 368 200 70 150 0.08 0.66
614 620 200 70 150 0.08 0.66
3626 3693 200 70 150 0.08 0.66
589 609 200 70 150 0.08 0.66
265 240 200 70 150 0.08 0.68
1563 1581 200 70 150 0.08 0.68
485 476 200 70 150 0.08 0.68
1630 1652 200 70 150 0.08 0.68
2117 2128 200 70 150 0.08 0.7
810 821 200 70 150 0.08 0.7
3676 3678 200 70 150 0.08 0.7
1482 1538 200 70 150 0.08 0.7
13568 13583 200 70 150 0.1 0.5
15507 15648 200 70 150 0.1 0.5
18338 18482 200 70 150 0.1 0.5
18418 18448 200 70 150 0.1 0.5
7005 7146 200 70 150 0.1 0.52
7334 7343 200 70 150 0.1 0.52
22072 22403 200 70 150 0.1 0.52
23692 23898 200 70 150 0.1 0.52
19337 19186 200 70 150 0.1 0.54
16965 16965 200 70 150 0.1 0.54
19059 19157 200 70 150 0.1 0.54
20221 20308 200 70 150 0.1 0.54
14901 14991 200 70 150 0.1 0.56
8065 8108 200 70 150 0.1 0.56
15935 16081 200 70 150 0.1 0.56
14547 14856 200 70 150 0.1 0.56
14967 15016 200 70 150 0.1 0.58
23480 23530 200 70 150 0.1 0.58
26936 26829 200 70 150 0.1 0.58
17472 17621 200 70 150 0.1 0.58
12658 12652 200 70 150 0.1 0.6
15301 15349 200 70 150 0.1 0.6
17187 17247 200 70 150 0.1 0.6
13913 14124 200 70 150 0.1 0.6
11294 11285 200 70 150 0.1 0.62
19404 19495 200 70 150 0.1 0.62
23862 23922 200 70 150 0.1 0.62
20046 20257 200 70 150 0.1 0.62
23068 23364 200 70 150 0.1 0.64
8403 8505 200 70 150 0.1 0.64
17009 17062 200 70 150 0.1 0.64
16254 16293 200 70 150 0.1 0.64
13813 13914 200 70 150 0.1 0.66
28830 29036 200 70 150 0.1 0.66
18690 18621 200 70 150 0.1 0.66
27481 27636 200 70 150 0.1 0.66
19207 19171 200 70 150 0.1 0.68
10255 10278 200 70 150 0.1 0.68
4436 4440 200 70 150 0.1 0.68
25447 25450 200 70 150 0.1 0.68
67171 17453 200 70 150 0.1 0.7
69353 19766 200 70 150 0.1 0.7
97012 25419 200 70 150 0.1 0.7
59186 31882 200 70 150 0.1 0.7
28354 22973 200 70 200 0.02 0.5
181115 200000 200 70 200 0.02 0.5
95292 76455 200 70 200 0.02 0.5
150017 120997 200 70 200 0.02 0.5
33867 27196 200 70 200 0.02 0.52
32028 25912 200 70 200 0.02 0.52
41569 33489 200 70 200 0.02 0.52
28761 23043 200 70 200 0.02 0.52
13062 10455 200 70 200 0.02 0.54
14830 12055 200 70 200 0.02 0.54
5862 4775 200 70 200 0.02 0.54
75125 60309 200 70 200 0.02 0.54
10550 8370 200 70 200 0.02 0.56
33763 26981 200 70 200 0.02 0.56
10599 8568 200 70 200 0.02 0.56
86306 69650 200 70 200 0.02 0.56
20128 15936 200 70 200 0.02 0.58
9695 7886 200 70 200 0.02 0.58
24092 19189 200 70 200 0.02 0.58
18561 15017 200 70 200 0.02 0.58
7847 6381 200 70 200 0.02 0.6
8782 7056 200 70 200 0.02 0.6
6615 5262 200 70 200 0.02 0.6
23886 19302 200 70 200 0.02 0.6
3860 3166 200 70 200 0.02 0.62
3546 2911 200 70 200 0.02 0.62
8358 6719 200 70 200 0.02 0.62
8429 6845 200 70 200 0.02 0.62
3873 3153 200 70 200 0.02 0.64
5018 4006 200 70 200 0.02 0.64
8011 6451 200 70 200 0.02 0.64
6785 5515 200 70 200 0.02 0.64
1735 1416 200 70 200 0.02 0.66
1735 1418 200 70 200 0.02 0.66
2929 2371 200 70 200 0.02 0.66
3506 2878 200 70 200 0.02 0.66
1986 1681 200 70 200 0.02 0.68
1069 951 200 70 200 0.02 0.68
1264 1100 200 70 200 0.02 0.68
2175 1804 200 70 200 0.02 0.68
1745 1457 200 70 200 0.02 0.7
1326 1128 200 70 200 0.02 0.7
1795 1517 200 70 200 0.02 0.7
1302 1132 200 70 200 0.02 0.7
3050 1058 200 70 200 0.04 0.5
2138 673 200 70 200 0.04 0.5
2911 1006 200 70 200 0.04 0.5
2638 1033 200 70 200 0.04 0.5
913 765 200 70 200 0.04 0.52
802 733 200 70 200 0.04 0.52
1354 1180 200 70 200 0.04 0.52
715 645 200 70 200 0.04 0.52
322 308 200 70 200 0.04 0.54
938 854 200 70 200 0.04 0.54
588 532 200 70 200 0.04 0.54
811 723 200 70 200 0.04 0.54
720 637 200 70 200 0.04 0.56
549 527 200 70 200 0.04 0.56
834 726 200 70 200 0.04 0.56
1057 939 200 70 200 0.04 0.56
416 396 200 70 200 0.04 0.58
567 511 200 70 200 0.04 0.58
630 554 200 70 200 0.04 0.58
835 744 200 70 200 0.04 0.58
482 463 200 70 200 0.04 0.6
411 395 200 70 200 0.04 0.6
544 503 200 70 200 0.04 0.6
524 482 200 70 200 0.04 0.6
485 459 200 70 200 0.04 0.62
295 291 200 70 200 0.04 0.62
237 232 200 70 200 0.04 0.62
560 538 200 70 200 0.04 0.62
304 288 200 70 200 0.04 0.64
307 286 200 70 200 0.04 0.64
467 448 200 70 200 0.04 0.64
290 292 200 70 200 0.04 0.64
239 236 200 70 200 0.04 0.66
260 260 200 70 200 0.04 0.66
202 199 200 70 200 0.04 0.66
318 301 200 70 200 0.04 0.66
256 116 200 70 200 0.04 0.68
231 223 200 70 200 0.04 0.68
372 229 200 70 200 0.04 0.68
130 128 200 70 200 0.04 0.68
166 163 200 70 200 0.04 0.7
123 124 200 70 200 0.04 0.7
164 165 200 70 200 0.04 0.7
165 166 200 70 200 0.04 0.7
605 562 200 70 200 0.06 0.5
331 317 200 70 200 0.06 0.5
942 852 200 70 200 0.06 0.5
399 382 200 70 200 0.06 0.5
468 436 200 70 200 0.06 0.52
330 317 200 70 200 0.06 0.52
492 465 200 70 200 0.06 0.52
469 441 200 70 200 0.06 0.52
241 239 200 70 200 0.06 0.54
303 301 200 70 200 0.06 0.54
542 504 200 70 200 0.06 0.54
461 429 200 70 200 0.06 0.54
345 338 200 70 200 0.06 0.56
189 188 200 70 200 0.06 0.56
324 315 200 70 200 0.06 0.56
478 459 200 70 200 0.06 0.56
246 237 200 70 200 0.06 0.58
149 148 200 70 200 0.06 0.58
296 285 200 70 200 0.06 0.58
279 278 200 70 200 0.06 0.58
301 281 200 70 200 0.06 0.6
158 151 200 70 200 0.06 0.6
241 224 200 70 200 0.06 0.6
335 314 200 70 200 0.06 0.6
199 199 200 70 200 0.06 0.62
113 113 200 70 200 0.06 0.62
158 159 200 70 200 0.06 0.62
195 197 200 70 200 0.06 0.62
198 196 200 70 200 0.06 0.64
138 123 200 70 200 0.06 0.64
192 191 200 70 200 0.06 0.64
193 177 200 70 200 0.06 0.64
124 123 200 70 200 0.06 0.66
187 181 200 70 200 0.06 0.66
119 117 200 70 200 0.06 0.66
245 243 200 70 200 0.06 0.66
204 202 200 70 200 0.06 0.68
142 140 200 70 200 0.06 0.68
186 186 200 70 200 0.06 0.68
166 163 200 70 200 0.06 0.68
199 137 200 70 200 0.06 0.7
318 157 200 70 200 0.06 0.7
504 241 200 70 200 0.06 0.7
153 148 200 70 200 0.06 0.7
1897 1822 200 70 200 0.08 0.5
778 759 200 70 200 0.08 0.5
1348 1318 200 70 200 0.08 0.5
2333 2302 200 70 200 0.08 0.5
1413 1358 200 70 200 0.08 0.52
660 647 200 70 200 0.08 0.52
1519 1455 200 70 200 0.08 0.52
818 808 200 70 200 0.08 0.52
1204 1167 200 70 200 0.08 0.54
797 775 200 70 200 0.08 0.54
3110 2934 200 70 200 0.08 0.54
1318 1314 200 70 200 0.08 0.54
1739 1695 200 70 200 0.08 0.56
1013 988 200 70 200 0.08 0.56
4113 3643 200 70 200 0.08 0.56
1513 1379 200 70 200 0.08 0.56
557 549 200 70 200 0.08 0.58
2886 2761 200 70 200 0.08 0.58
3499 3350 200 70 200 0.08 0.58
536 549 200 70 200 0.08 0.58
343 338 200 70 200 0.08 0.6
285 282 200 70 200 0.08 0.6
1092 1088 200 70 200 0.08 0.6
398 403 200 70 200 0.08 0.6
938 459 200 70 200 0.08 0.62
439 208 200 70 200 0.08 0.62
661 265 200 70 200 0.08 0.62
3493 2988 200 70 200 0.08 0.62
587 573 200 70 200 0.08 0.64
609 600 200 70 200 0.08 0.64
287 288 200 70 200 0.08 0.64
910 882 200 70 200 0.08 0.64
328 327 200 70 200 0.08 0.66
813 810 200 70 200 0.08 0.66
1745 1679 200 70 200 0.08 0.66
266 267 200 70 200 0.08 0.66
720 717 200 70 200 0.08 0.68
590 588 200 70 200 0.08 0.68
1007 994 200 70 200 0.08 0.68
1020 1020 200 70 200 0.08 0.68
136 130 200 70 200 0.08 0.7
325 323 200 70 200 0.08 0.7
240 233 200 70 200 0.08 0.7
755 759 200 70 200 0.08 0.7
13336 12943 200 70 200 0.1 0.5
17491 16911 200 70 200 0.1 0.5
16213 15794 200 70 200 0.1 0.5
19289 18968 200 70 200 0.1 0.5
20433 19912 200 70 200 0.1 0.52
6941 6801 200 70 200 0.1 0.52
31179 30079 200 70 200 0.1 0.52
25692 25042 200 70 200 0.1 0.52
61464 32645 200 70 200 0.1 0.54
11248 11005 200 70 200 0.1 0.54
68232 38767 200 70 200 0.1 0.54
12606 12502 200 70 200 0.1 0.54
24417 23606 200 70 200 0.1 0.56
16020 15471 200 70 200 0.1 0.56
23870 22617 200 70 200 0.1 0.56
18876 18461 200 70 200 0.1 0.56
5233 5132 200 70 200 0.1 0.58
9901 9763 200 70 200 0.1 0.58
35121 34300 200 70 200 0.1 0.58
14409 14391 200 70 200 0.1 0.58
19468 19062 200 70 200 0.1 0.6
10321 10141 200 70 200 0.1 0.6
13552 13278 200 70 200 0.1 0.6
36396 35294 200 70 200 0.1 0.6
9792 9554 200 70 200 0.1 0.62
26876 26122 200 70 200 0.1 0.62
11848 11133 200 70 200 0.1 0.62
29320 27731 200 70 200 0.1 0.62
13165 12825 200 70 200 0.1 0.64
4283 4274 200 70 200 0.1 0.64
53622 52494 200 70 200 0.1 0.64
17910 17824 200 70 200 0.1 0.64
11353 11169 200 70 200 0.1 0.66
11991 11671 200 70 200 0.1 0.66
18593 18138 200 70 200 0.1 0.66
44522 42964 200 70 200 0.1 0.66
20915 20040 200 70 200 0.1 0.68
14243 13905 200 70 200 0.1 0.68
25970 24944 200 70 200 0.1 0.68
28662 28132 200 70 200 0.1 0.68
11614 11249 200 70 200 0.1 0.7
23749 23191 200 70 200 0.1 0.7
9210 8292 200 70 200 0.1 0.7
37948 35637 200 70 200 0.1 0.7
55529 38977 200 70 250 0.02 0.5
72451 50327 200 70 250 0.02 0.5
117830 83329 200 70 250 0.02 0.5
72607 52004 200 70 250 0.02 0.5
20554 14650 200 70 250 0.02 0.52
10603 7595 200 70 250 0.02 0.52
102885 73042 200 70 250 0.02 0.52
11197 8128 200 70 250 0.02 0.52
48341 33876 200 70 250 0.02 0.54
119742 84704 200 70 250 0.02 0.54
118228 83718 200 70 250 0.02 0.54
70749 50194 200 70 250 0.02 0.54
21923 15297 200 70 250 0.02 0.56
4660 3445 200 70 250 0.02 0.56
29655 20770 200 70 250 0.02 0.56
31059 22117 200 70 250 0.02 0.56
4750 3402 200 70 250 0.02 0.58
11291 8080 200 70 250 0.02 0.58
17065 11893 200 70 250 0.02 0.58
20068 14255 200 70 250 0.02 0.58
8886 6257 200 70 250 0.02 0.6
9628 6819 200 70 250 0.02 0.6
5706 4129 200 70 250 0.02 0.6
16979 12109 200 70 250 0.02 0.6
12910 9000 200 70 250 0.02 0.62
3650 2685 200 70 250 0.02 0.62
8612 6031 200 70 250 0.02 0.62
9341 6568 200 70 250 0.02 0.62
7192 5133 200 70 250 0.02 0.64
3918 2854 200 70 250 0.02 0.64
8107 5726 200 70 250 0.02 0.64
5192 3750 200 70 250 0.02 0.64
5805 4110 200 70 250 0.02 0.66
2473 1870 200 70 250 0.02 0.66
3053 2298 200 70 250 0.02 0.66
7083 4907 200 70 250 0.02 0.66
2867 2154 200 70 250 0.02 0.68
2346 1781 200 70 250 0.02 0.68
2058 1524 200 70 250 0.02 0.68
4344 3148 200 70 250 0.02 0.68
1081 911 200 70 250 0.02 0.7
1082 854 200 70 250 0.02 0.7
1885 1403 200 70 250 0.02 0.7
1273 1021 200 70 250 0.02 0.7
1142 926 200 70 250 0.04 0.5
974 791 200 70 250 0.04 0.5
1219 983 200 70 250 0.04 0.5
1722 1341 200 70 250 0.04 0.5
1709 1317 200 70 250 0.04 0.52
719 622 200 70 250 0.04 0.52
1240 1000 200 70 250 0.04 0.52
1278 1032 200 70 250 0.04 0.52
529 467 200 70 250 0.04 0.54
750 617 200 70 250 0.04 0.54
836 696 200 70 250 0.04 0.54
1632 1275 200 70 250 0.04 0.54
748 620 200 70 250 0.04 0.56
661 557 200 70 250 0.04 0.56
915 747 200 70 250 0.04 0.56
619 511 200 70 250 0.04 0.56
371 352 200 70 250 0.04 0.58
672 568 200 70 250 0.04 0.58
465 423 200 70 250 0.04 0.58
681 581 200 70 250 0.04 0.58
218 212 200 70 250 0.04 0.6
267 238 200 70 250 0.04 0.6
774 630 200 70 250 0.04 0.6
235 234 200 70 250 0.04 0.6
442 394 200 70 250 0.04 0.62
506 456 200 70 250 0.04 0.62
592 479 200 70 250 0.04 0.62
476 416 200 70 250 0.04 0.62
323 278 200 70 250 0.04 0.64
204 187 200 70 250 0.04 0.64
447 383 200 70 250 0.04 0.64
256 224 200 70 250 0.04 0.64
241 220 200 70 250 0.04 0.66
231 217 200 70 250 0.04 0.66
385 350 200 70 250 0.04 0.66
200 183 200 70 250 0.04 0.66
184 182 200 70 250 0.04 0.68
252 224 200 70 250 0.04 0.68
207 201 200 70 250 0.04 0.68
270 250 200 70 250 0.04 0.68
131 129 200 70 250 0.04 0.7
162 157 200 70 250 0.04 0.7
207 201 200 70 250 0.04 0.7
239 227 200 70 250 0.04 0.7
606 501 200 70 250 0.06 0.5
646 544 200 70 250 0.06 0.5
953 779 200 70 250 0.06 0.5
671 581 200 70 250 0.06 0.5
1195 588 200 70 250 0.06 0.52
537 277 200 70 250 0.06 0.52
879 406 200 70 250 0.06 0.52
945 411 200 70 250 0.06 0.52
354 325 200 70 250 0.06 0.54
280 267 200 70 250 0.06 0.54
175 170 200 70 250 0.06 0.54
709 620 200 70 250 0.06 0.54
362 334 200 70 250 0.06 0.56
272 264 200 70 250 0.06 0.56
329 308 200 70 250 0.06 0.56
332 296 200 70 250 0.06 0.56
347 315 200 70 250 0.06 0.58
234 224 200 70 250 0.06 0.58
540 466 200 70 250 0.06 0.58
230 225 200 70 250 0.06 0.58
164 160 200 70 250 0.06 0.6
328 317 200 70 250 0.06 0.6
533 476 200 70 250 0.06 0.6
283 276 200 70 250 0.06 0.6
205 204 200 70 250 0.06 0.62
146 144 200 70 250 0.06 0.62
200 194 200 70 250 0.06 0.62
193 189 200 70 250 0.06 0.62
175 170 200 70 250 0.06 0.64
167 166 200 70 250 0.06 0.64
284 268 200 70 250 0.06 0.64
121 120 200 70 250 0.06 0.64
185 180 200 70 250 0.06 0.66
197 194 200 70 250 0.06 0.66
206 206 200 70 250 0.06 0.66
314 306 200 70 250 0.06 0.66
152 147 200 70 250 0.06 0.68
179 176 200 70 250 0.06 0.68
175 173 200 70 250 0.06 0.68
230 222 200 70 250 0.06 0.68
87 82 200 70 250 0.06 0.7
112 109 200 70 250 0.06 0.7
216 212 200 70 250 0.06 0.7
146 144 200 70 250 0.06 0.7
1515 1413 200 70 250 0.08 0.5
976 921 200 70 250 0.08 0.5
2354 2194 200 70 250 0.08 0.5
1540 1469 200 70 250 0.08 0.5
1802 1658 200 70 250 0.08 0.52
578 556 200 70 250 0.08 0.52
2159 1950 200 70 250 0.08 0.52
681 664 200 70 250 0.08 0.52
463 456 200 70 250 0.08 0.54
507 492 200 70 250 0.08 0.54
479 461 200 70 250 0.08 0.54
1755 1656 200 70 250 0.08 0.54
1400 1315 200 70 250 0.08 0.56
1271 1197 200 70 250 0.08 0.56
473 465 200 70 250 0.08 0.56
2769 2545 200 70 250 0.08 0.56
2849 1116 200 70 250 0.08 0.58
436 183 200 70 250 0.08 0.58
1380 674 200 70 250 0.08 0.58
2102 1114 200 70 250 0.08 0.58
1673 1595 200 70 250 0.08 0.6
236 233 200 70 250 0.08 0.6
542 531 200 70 250 0.08 0.6
1878 1802 200 70 250 0.08 0.6
1142 1097 200 70 250 0.08 0.62
750 724 200 70 250 0.08 0.62
1100 1060 200 70 250 0.08 0.62
1057 998 200 70 250 0.08 0.62
1922 1782 200 70 250 0.08 0.64
381 377 200 70 250 0.08 0.64
1342 1294 200 70 250 0.08 0.64
1321 1290 200 70 250 0.08 0.64
845 817 200 70 250 0.08 0.66
398 378 200 70 250 0.08 0.66
1326 1285 200 70 250 0.08 0.66
569 569 200 70 250 0.08 0.66
974 954 200 70 250 0.08 0.68
411 407 200 70 250 0.08 0.68
597 587 200 70 250 0.08 0.68
819 809 200 70 250 0.08 0.68
499 491 200 70 250 0.08 0.7
294 290 200 70 250 0.08 0.7
315 308 200 70 250 0.08 0.7
942 931 200 70 250 0.08 0.7
25800 24042 200 70 250 0.1 0.5
15425 14390 200 70 250 0.1 0.5
30656 27489 200 70 250 0.1 0.5
38258 35587 200 70 250 0.1 0.5
23756 21705 200 70 250 0.1 0.52
14450 13608 200 70 250 0.1 0.52
24361 22394 200 70 250 0.1 0.52
20922 19492 200 70 250 0.1 0.52
21124 11088 200 70 250 0.1 0.54
42769 21726 200 70 250 0.1 0.54
34785 14857 200 70 250 0.1 0.54
46168 28449 200 70 250 0.1 0.54
13231 12473 200 70 250 0.1 0.56
18715 17277 200 70 250 0.1 0.56
25907 24113 200 70 250 0.1 0.56
7321 7007 200 70 250 0.1 0.56
21320 19939 200 70 250 0.1 0.58
7782 7484 200 70 250 0.1 0.58
23523 22281 200 70 250 0.1 0.58
16529 15909 200 70 250 0.1 0.58
13138 12215 200 70 250 0.1 0.6
15343 14194 200 70 250 0.1 0.6
10731 10214 200 70 250 0.1 0.6
26796 24931 200 70 250 0.1 0.6
16045 15080 200 70 250 0.1 0.62
11602 10786 200 70 250 0.1 0.62
31330 28720 200 70 250 0.1 0.62
12141 11691 200 70 250 0.1 0.62
17852 16599 200 70 250 0.1 0.64
11611 10995 200 70 250 0.1 0.64
23513 21404 200 70 250 0.1 0.64
14198 13451 200 70 250 0.1 0.64
16521 15579 200 70 250 0.1 0.66
13989 13202 200 70 250 0.1 0.66
13488 12719 200 70 250 0.1 0.66
20756 19736 200 70 250 0.1 0.66
17735 16791 200 70 250 0.1 0.68
13746 13045 200 70 250 0.1 0.68
40091 37233 200 70 250 0.1 0.68
49810 45955 200 70 250 0.1 0.68
3371 3220 200 70 250 0.1 0.7
26079 23955 200 70 250 0.1 0.7
20388 18889 200 70 250 0.1 0.7
13493 12646 200 70 250 0.1 0.7
150847 103822 200 100 150 0.02 0.5
76571 53795 200 100 150 0.02 0.5
170270 121119 200 100 150 0.02 0.5
280104 200000 200 100 150 0.02 0.5
62270 42631 200 100 150 0.02 0.52
44179 30447 200 100 150 0.02 0.52
289402 200000 200 100 150 0.02 0.52
87722 61486 200 100 150 0.02 0.52
36327 25153 200 100 150 0.02 0.54
288647 200000 200 100 150 0.02 0.54
294386 200000 200 100 150 0.02 0.54
154302 108620 200 100 150 0.02 0.54
57427 39186 200 100 150 0.02 0.56
11793 8145 200 100 150 0.02 0.56
10027 6907 200 100 150 0.02 0.56
240502 165766 200 100 150 0.02 0.56
15132 10325 200 100 150 0.02 0.58
92130 62527 200 100 150 0.02 0.58
87117 59222 200 100 150 0.02 0.58
26390 18148 200 100 150 0.02 0.58
21096 14388 200 100 150 0.02 0.6
22342 15253 200 100 150 0.02 0.6
71625 49402 200 100 150 0.02 0.6
73456 50704 200 100 150 0.02 0.6
56730 38409 200 100 150 0.02 0.62
101159 69148 200 100 150 0.02 0.62
102360 69362 200 100 150 0.02 0.62
107200 73193 200 100 150 0.02 0.62
13241 5784 200 100 150 0.02 0.64
11331 7724 200 100 150 0.02 0.64
18511 9329 200 100 150 0.02 0.64
30583 21139 200 100 150 0.02 0.64
13133 8982 200 100 150 0.02 0.66
7046 4847 200 100 150 0.02 0.66
16234 11014 200 100 150 0.02 0.66
23849 16463 200 100 150 0.02 0.66
5464 3412 200 100 150 0.02 0.68
4319 2736 200 100 150 0.02 0.68
4123 2822 200 100 150 0.02 0.68
10084 6940 200 100 150 0.02 0.68
2439 1686 200 100 150 0.02 0.7
3662 2513 200 100 150 0.02 0.7
3244 2240 200 100 150 0.02 0.7
3637 2543 200 100 150 0.02 0.7
2268 1581 200 100 150 0.04 0.5
2761 1923 200 100 150 0.04 0.5
2748 1895 200 100 150 0.04 0.5
2655 1852 200 100 150 0.04 0.5
1740 1212 200 100 150 0.04 0.52
3100 2163 200 100 150 0.04 0.52
3778 2596 200 100 150 0.04 0.52
4644 3254 200 100 150 0.04 0.52
1764 1224 200 100 150 0.04 0.54
969 700 200 100 150 0.04 0.54
717 506 200 100 150 0.04 0.54
2362 1644 200 100 150 0.04 0.54
1081 761 200 100 150 0.04 0.56
932 658 200 100 150 0.04 0.56
2825 1966 200 100 150 0.04 0.56
1817 1295 200 100 150 0.04 0.56
943 668 200 100 150 0.04 0.58
1042 743 200 100 150 0.04 0.58
1235 871 200 100 150 0.04 0.58
2123 1514 200 100 150 0.04 0.58
737 518 200 100 150 0.04 0.6
750 537 200 100 150 0.04 0.6
1030 722 200 100 150 0.04 0.6
1155 837 200 100 150 0.04 0.6
754 538 200 100 150 0.04 0.62
483 354 200 100 150 0.04 0.62
678 490 200 100 150 0.04 0.62
673 485 200 100 150 0.04 0.62
252 188 200 100 150 0.04 0.64
255 191 200 100 150 0.04 0.64
637 465 200 100 150 0.04 0.64
907 669 200 100 150 0.04 0.64
549 392 200 100 150 0.04 0.66
241 174 200 100 150 0.04 0.66
465 338 200 100 150 0.04 0.66
992 709 200 100 150 0.04 0.66
381 270 200 100 150 0.04 0.68
434 314 200 100 150 0.04 0.68
266 193 200 100 150 0.04 0.68
701 511 200 100 150 0.04 0.68
318 226 200 100 150 0.04 0.7
348 254 200 100 150 0.04 0.7
520 375 200 100 150 0.04 0.7
245 185 200 100 150 0.04 0.7
1111 787 200 100 150 0.06 0.5
461 334 200 100 150 0.06 0.5
750 534 200 100 150 0.06 0.5
880 630 200 100 150 0.06 0.5
441 320 200 100 150 0.06 0.52
414 303 200 100 150 0.06 0.52
1351 940 200 100 150 0.06 0.52
454 334 200 100 150 0.06 0.52
461 328 200 100 150 0.06 0.54
399 294 200 100 150 0.06 0.54
731 517 200 100 150 0.06 0.54
445 325 200 100 150 0.06 0.54
431 313 200 100 150 0.06 0.56
231 170 200 100 150 0.06 0.56
644 454 200 100 150 0.06 0.56
360 270 200 100 150 0.06 0.56
273 197 200 100 150 0.06 0.58
345 250 200 100 150 0.06 0.58
315 225 200 100 150 0.06 0.58
586 413 200 100 150 0.06 0.58
449 324 200 100 150 0.06 0.6
236 175 200 100 150 0.06 0.6
526 373 200 100 150 0.06 0.6
318 237 200 100 150 0.06 0.6
250 185 200 100 150 0.06 0.62
252 186 200 100 150 0.06 0.62
320 231 200 100 150 0.06 0.62
320 233 200 100 150 0.06 0.62
156 113 200 100 150 0.06 0.64
291 210 200 100 150 0.06 0.64
527 372 200 100 150 0.06 0.64
264 197 200 100 150 0.06 0.64
291 209 200 100 150 0.06 0.66
157 114 200 100 150 0.06 0.66
269 191 200 100 150 0.06 0.66
234 171 200 100 150 0.06 0.66
268 191 200 100 150 0.06 0.68
195 142 200 100 150 0.06 0.68
326 233 200 100 150 0.06 0.68
227 166 200 100 150 0.06 0.68
198 142 200 100 150 0.06 0.7
196 144 200 100 150 0.06 0.7
168 121 200 100 150 0.06 0.7
243 176 200 100 150 0.06 0.7
642 464 200 100 150 0.08 0.5
480 353 200 100 150 0.08 0.5
1478 1065 200 100 150 0.08 0.5
1169 870 200 100 150 0.08 0.5
922 672 200 100 150 0.08 0.52
1148 845 200 100 150 0.08 0.52
942 683 200 100 150 0.08 0.52
1490 1081 200 100 150 0.08 0.52
574 414 200 100 150 0.08 0.54
507 372 200 100 150 0.08 0.54
967 696 200 100 150 0.08 0.54
1301 967 200 100 150 0.08 0.54
367 257 200 100 150 0.08 0.56
554 404 200 100 150 0.08 0.56
539 387 200 100 150 0.08 0.56
569 420 200 100 150 0.08 0.56
310 221 200 100 150 0.08 0.58
578 426 200 100 150 0.08 0.58
708 515 200 100 150 0.08 0.58
938 675 200 100 150 0.08 0.58
782 572 200 100 150 0.08 0.6
253 184 200 100 150 0.08 0.6
1196 873 200 100 150 0.08 0.6
935 702 200 100 150 0.08 0.6
319 230 200 100 150 0.08 0.62
241 174 200 100 150 0.08 0.62
653 477 200 100 150 0.08 0.62
672 497 200 100 150 0.08 0.62
708 514 200 100 150 0.08 0.64
273 195 200 100 150 0.08 0.64
665 486 200 100 150 0.08 0.64
345 251 200 100 150 0.08 0.64
381 276 200 100 150 0.08 0.66
269 195 200 100 150 0.08 0.66
514 372 200 100 150 0.08 0.66
247 180 200 100 150 0.08 0.66
1250 293 200 100 150 0.08 0.68
784 143 200 100 150 0.08 0.68
964 246 200 100 150 0.08 0.68
1108 226 200 100 150 0.08 0.68
274 196 200 100 150 0.08 0.7
160 112 200 100 150 0.08 0.7
742 541 200 100 150 0.08 0.7
291 213 200 100 150 0.08 0.7
8283 6064 200 100 150 0.1 0.5
5758 4214 200 100 150 0.1 0.5
9226 6782 200 100 150 0.1 0.5
22644 16785 200 100 150 0.1 0.5
12952 4455 200 100 150 0.1 0.52
16515 12023 200 100 150 0.1 0.52
12196 4110 200 100 150 0.1 0.52
23951 17460 200 100 150 0.1 0.52
15411 11187 200 100 150 0.1 0.54
8348 6130 200 100 150 0.1 0.54
12320 9031 200 100 150 0.1 0.54
12033 8804 200 100 150 0.1 0.54
11869 6348 200 100 150 0.1 0.56
22991 6291 200 100 150 0.1 0.56
36077 15486 200 100 150 0.1 0.56
22866 17048 200 100 150 0.1 0.56
16209 11817 200 100 150 0.1 0.58
14021 10220 200 100 150 0.1 0.58
18883 13602 200 100 150 0.1 0.58
13331 9653 200 100 150 0.1 0.58
12078 4482 200 100 150 0.1 0.6
28885 5345 200 100 150 0.1 0.6
19413 5877 200 100 150 0.1 0.6
22077 4320 200 100 150 0.1 0.6
6650 4792 200 100 150 0.1 0.62
19237 13851 200 100 150 0.1 0.62
27662 19909 200 100 150 0.1 0.62
12453 9227 200 100 150 0.1 0.62
11883 8580 200 100 150 0.1 0.64
11524 8300 200 100 150 0.1 0.64
10748 7713 200 100 150 0.1 0.64
13256 9465 200 100 150 0.1 0.64
16418 11891 200 100 150 0.1 0.66
13438 9787 200 100 150 0.1 0.66
26533 19254 200 100 150 0.1 0.66
7551 5538 200 100 150 0.1 0.66
13331 9595 200 100 150 0.1 0.68
12295 8866 200 100 150 0.1 0.68
13341 9602 200 100 150 0.1 0.68
13760 10011 200 100 150 0.1 0.68
6726 4894 200 100 150 0.1 0.7
16211 11741 200 100 150 0.1 0.7
48319 35336 200 100 150 0.1 0.7
23674 17442 200 100 150 0.1 0.7
153234 97458 200 100 200 0.02 0.5
199021 124115 200 100 200 0.02 0.5
179889 112833 200 100 200 0.02 0.5
304068 200000 200 100 200 0.02 0.5
237703 151080 200 100 200 0.02 0.52
71476 44668 200 100 200 0.02 0.52
212891 132853 200 100 200 0.02 0.52
310353 200000 200 100 200 0.02 0.52
126998 77754 200 100 200 0.02 0.54
86547 53864 200 100 200 0.02 0.54
122054 77598 200 100 200 0.02 0.54
105352 65783 200 100 200 0.02 0.54
22097 13757 200 100 200 0.02 0.56
36504 22602 200 100 200 0.02 0.56
69896 43809 200 100 200 0.02 0.56
321505 200000 200 100 200 0.02 0.56
53389 30224 200 100 200 0.02 0.58
47545 29578 200 100 200 0.02 0.58
43728 24049 200 100 200 0.02 0.58
111050 68742 200 100 200 0.02 0.58
38226 20683 200 100 200 0.02 0.6
26966 16702 200 100 200 0.02 0.6
16770 7610 200 100 200 0.02 0.6
79207 49474 200 100 200 0.02 0.6
36649 22747 200 100 200 0.02 0.62
11603 7228 200 100 200 0.02 0.62
117705 72663 200 100 200 0.02 0.62
19702 12430 200 100 200 0.02 0.62
6937 4365 200 100 200 0.02 0.64
46078 28063 200 100 200 0.02 0.64
7864 4910 200 100 200 0.02 0.64
49315 30330 200 100 200 0.02 0.64
11387 7091 200 100 200 0.02 0.66
5807 3589 200 100 200 0.02 0.66
7512 4686 200 100 200 0.02 0.66
29462 18257 200 100 200 0.02 0.66
7043 4389 200 100 200 0.02 0.68
6842 4272 200 100 200 0.02 0.68
16182 9933 200 100 200 0.02 0.68
19447 12127 200 100 200 0.02 0.68
8214 5106 200 100 200 0.02 0.7
7301 4594 200 100 200 0.02 0.7
2274 1501 200 100 200 0.02 0.7
13329 8248 200 100 200 0.02 0.7
4728 3019 200 100 200 0.04 0.5
2000 922 200 100 200 0.04 0.5
4528 2883 200 100 200 0.04 0.5
5597 3251 200 100 200 0.04 0.5
2919 1892 200 100 200 0.04 0.52
2223 1460 200 100 200 0.04 0.52
9049 5770 200 100 200 0.04 0.52
4164 2727 200 100 200 0.04 0.52
1762 1146 200 100 200 0.04 0.54
1492 1001 200 100 200 0.04 0.54
4964 3181 200 100 200 0.04 0.54
1534 1011 200 100 200 0.04 0.54
2901 692 200 100 200 0.04 0.56
1257 831 200 100 200 0.04 0.56
4615 1771 200 100 200 0.04 0.56
1376 914 200 100 200 0.04 0.56
677 470 200 100 200 0.04 0.58
1110 728 200 100 200 0.04 0.58
1400 941 200 100 200 0.04 0.58
1977 1323 200 100 200 0.04 0.58
815 555 200 100 200 0.04 0.6
638 432 200 100 200 0.04 0.6
810 559 200 100 200 0.04 0.6
1534 1001 200 100 200 0.04 0.6
509 354 200 100 200 0.04 0.62
661 456 200 100 200 0.04 0.62
528 372 200 100 200 0.04 0.62
739 524 200 100 200 0.04 0.62
294 215 200 100 200 0.04 0.64
528 383 200 100 200 0.04 0.64
441 306 200 100 200 0.04 0.64
592 421 200 100 200 0.04 0.64
390 269 200 100 200 0.04 0.66
353 255 200 100 200 0.04 0.66
640 445 200 100 200 0.04 0.66
376 273 200 100 200 0.04 0.66
299 214 200 100 200 0.04 0.68
223 165 200 100 200 0.04 0.68
331 241 200 100 200 0.04 0.68
226 165 200 100 200 0.04 0.68
283 203 200 100 200 0.04 0.7
215 157 200 100 200 0.04 0.7
355 256 200 100 200 0.04 0.7
324 236 200 100 200 0.04 0.7
929 627 200 100 200 0.06 0.5
401 289 200 100 200 0.06 0.5
442 313 200 100 200 0.06 0.5
1219 810 200 100 200 0.06 0.5
517 362 200 100 200 0.06 0.52
528 369 200 100 200 0.06 0.52
1142 767 200 100 200 0.06 0.52
667 462 200 100 200 0.06 0.52
459 326 200 100 200 0.06 0.54
642 443 200 100 200 0.06 0.54
682 481 200 100 200 0.06 0.54
433 299 200 100 200 0.06 0.54
420 293 200 100 200 0.06 0.56
542 379 200 100 200 0.06 0.56
535 377 200 100 200 0.06 0.56
466 324 200 100 200 0.06 0.56
299 204 200 100 200 0.06 0.58
348 248 200 100 200 0.06 0.58
323 228 200 100 200 0.06 0.58
737 508 200 100 200 0.06 0.58
320 228 200 100 200 0.06 0.6
272 197 200 100 200 0.06 0.6
338 239 200 100 200 0.06 0.6
545 376 200 100 200 0.06 0.6
285 203 200 100 200 0.06 0.62
184 127 200 100 200 0.06 0.62
371 262 200 100 200 0.06 0.62
282 200 200 100 200 0.06 0.62
287 206 200 100 200 0.06 0.64
306 219 200 100 200 0.06 0.64
260 187 200 100 200 0.06 0.64
417 294 200 100 200 0.06 0.64
181 129 200 100 200 0.06 0.66
283 205 200 100 200 0.06 0.66
296 212 200 100 200 0.06 0.66
176 128 200 100 200 0.06 0.66
111 75 200 100 200 0.06 0.68
210 154 200 100 200 0.06 0.68
207 148 200 100 200 0.06 0.68
136 99 200 100 200 0.06 0.68
146 103 200 100 200 0.06 0.7
151 105 200 100 200 0.06 0.7
235 165 200 100 200 0.06 0.7
179 131 200 100 200 0.06 0.7
1178 815 200 100 200 0.08 0.5
465 334 200 100 200 0.08 0.5
2061 1409 200 100 200 0.08 0.5
1352 972 200 100 200 0.08 0.5
1097 777 200 100 200 0.08 0.52
430 295 200 100 200 0.08 0.52
856 607 200 100 200 0.08 0.52
1892 1336 200 100 200 0.08 0.52
500 356 200 100 200 0.08 0.54
776 548 200 100 200 0.08 0.54
1329 937 200 100 200 0.08 0.54
633 457 200 100 200 0.08 0.54
357 254 200 100 200 0.08 0.56
235 169 200 100 200 0.08 0.56
586 418 200 100 200 0.08 0.56
1123 812 200 100 200 0.08 0.56
316 225 200 100 200 0.08 0.58
287 207 200 100 200 0.08 0.58
620 449 200 100 200 0.08 0.58
540 400 200 100 200 0.08 0.58
849 613 200 100 200 0.08 0.6
606 437 200 100 200 0.08 0.6
502 363 200 100 200 0.08 0.6
968 690 200 100 200 0.08 0.6
560 405 200 100 200 0.08 0.62
491 356 200 100 200 0.08 0.62
618 445 200 100 200 0.08 0.62
515 372 200 100 200 0.08 0.62
214 152 200 100 200 0.08 0.64
257 186 200 100 200 0.08 0.64
275 196 200 100 200 0.08 0.64
248 180 200 100 200 0.08 0.64
692 503 200 100 200 0.08 0.66
538 389 200 100 200 0.08 0.66
299 214 200 100 200 0.08 0.66
2230 1636 200 100 200 0.08 0.66
760 551 200 100 200 0.08 0.68
237 169 200 100 200 0.08 0.68
788 570 200 100 200 0.08 0.68
289 205 200 100 200 0.08 0.68
386 274 200 100 200 0.08 0.7
413 298 200 100 200 0.08 0.7
183 126 200 100 200 0.08 0.7
762 546 200 100 200 0.08 0.7
15533 11063 200 100 200 0.1 0.5
17623 12402 200 100 200 0.1 0.5
40939 28813 200 100 200 0.1 0.5
12166 8790 200 100 200 0.1 0.5
7578 5434 200 100 200 0.1 0.52
19111 13452 200 100 200 0.1 0.52
10866 7685 200 100 200 0.1 0.52
20709 14516 200 100 200 0.1 0.52
28148 13520 200 100 200 0.1 0.54
66734 13439 200 100 200 0.1 0.54
63603 21131 200 100 200 0.1 0.54
34807 8156 200 100 200 0.1 0.54
37211 26426 200 100 200 0.1 0.56
11794 8452 200 100 200 0.1 0.56
24194 16784 200 100 200 0.1 0.56
29137 20373 200 100 200 0.1 0.56
12692 9021 200 100 200 0.1 0.58
6520 4658 200 100 200 0.1 0.58
7209 5157 200 100 200 0.1 0.58
14358 10187 200 100 200 0.1 0.58
13349 9471 200 100 200 0.1 0.6
7770 5541 200 100 200 0.1 0.6
10186 7207 200 100 200 0.1 0.6
21268 15125 200 100 200 0.1 0.6
85207 20873 200 100 200 0.1 0.62
60645 11360 200 100 200 0.1 0.62
65628 16685 200 100 200 0.1 0.62
90677 22656 200 100 200 0.1 0.62
25163 17714 200 100 200 0.1 0.64
5986 4287 200 100 200 0.1 0.64
24467 16738 200 100 200 0.1 0.64
36083 25247 200 100 200 0.1 0.64
9207 6597 200 100 200 0.1 0.66
20396 14399 200 100 200 0.1 0.66
25144 17387 200 100 200 0.1 0.66
15700 11289 200 100 200 0.1 0.66
11827 8351 200 100 200 0.1 0.68
11969 8524 200 100 200 0.1 0.68
9096 6491 200 100 200 0.1 0.68
16322 11609 200 100 200 0.1 0.68
14633 10307 200 100 200 0.1 0.7
7257 5093 200 100 200 0.1 0.7
23396 16420 200 100 200 0.1 0.7
27843 19508 200 100 200 0.1 0.7
341792 200000 200 100 250 0.02 0.5
194844 113113 200 100 250 0.02 0.5
180773 103212 200 100 250 0.02 0.5
358756 200000 200 100 250 0.02 0.5
379694 156388 200 100 250 0.02 0.52
508520 200000 200 100 250 0.02 0.52
473524 200000 200 100 250 0.02 0.52
417267 172346 200 100 250 0.02 0.52
59611 33647 200 100 250 0.02 0.54
87710 49239 200 100 250 0.02 0.54
168520 95683 200 100 250 0.02 0.54
99078 59613 200 100 250 0.02 0.54
14904 6267 200 100 250 0.02 0.56
205538 113348 200 100 250 0.02 0.56
267908 144635 200 100 250 0.02 0.56
189262 109132 200 100 250 0.02 0.56
24060 13400 200 100 250 0.02 0.58
40892 22997 200 100 250 0.02 0.58
358629 200000 200 100 250 0.02 0.58
36816 21068 200 100 250 0.02 0.58
14427 8010 200 100 250 0.02 0.6
38715 21295 200 100 250 0.02 0.6
119011 65308 200 100 250 0.02 0.6
37533 21135 200 100 250 0.02 0.6
24003 13344 200 100 250 0.02 0.62
16189 8995 200 100 250 0.02 0.62
41815 23078 200 100 250 0.02 0.62
38482 21716 200 100 250 0.02 0.62
43779 23869 200 100 250 0.02 0.64
15159 8388 200 100 250 0.02 0.64
65869 35989 200 100 250 0.02 0.64
10823 6234 200 100 250 0.02 0.64
19652 10800 200 100 250 0.02 0.66
4371 2465 200 100 250 0.02 0.66
19064 10548 200 100 250 0.02 0.66
5445 3141 200 100 250 0.02 0.66
10899 6036 200 100 250 0.02 0.68
6325 3553 200 100 250 0.02 0.68
15610 8637 200 100 250 0.02 0.68
2394 1468 200 100 250 0.02 0.68
6662 3760 200 100 250 0.02 0.7
4110 2383 200 100 250 0.02 0.7
3625 2146 200 100 250 0.02 0.7
7979 4542 200 100 250 0.02 0.7
7530 1869 200 100 250 0.04 0.5
2512 1476 200 100 250 0.04 0.5
13590 5317 200 100 250 0.04 0.5
3900 2336 200 100 250 0.04 0.5
2477 1485 200 100 250 0.04 0.52
3742 2164 200 100 250 0.04 0.52
11343 6516 200 100 250 0.04 0.52
1880 1187 200 100 250 0.04 0.52
1318 817 200 100 250 0.04 0.54
1580 971 200 100 250 0.04 0.54
2114 1316 200 100 250 0.04 0.54
2117 1342 200 100 250 0.04 0.54
879 572 200 100 250 0.04 0.56
481 329 200 100 250 0.04 0.56
660 429 200 100 250 0.04 0.56
1635 1052 200 100 250 0.04 0.56
697 446 200 100 250 0.04 0.58
714 460 200 100 250 0.04 0.58
2563 1543 200 100 250 0.04 0.58
1335 831 200 100 250 0.04 0.58
636 429 200 100 250 0.04 0.6
808 521 200 100 250 0.04 0.6
767 502 200 100 250 0.04 0.6
934 588 200 100 250 0.04 0.6
607 410 200 100 250 0.04 0.62
1027 649 200 100 250 0.04 0.62
822 526 200 100 250 0.04 0.62
915 602 200 100 250 0.04 0.62
256 182 200 100 250 0.04 0.64
460 326 200 100 250 0.04 0.64
304 215 200 100 250 0.04 0.64
451 314 200 100 250 0.04 0.64
446 309 200 100 250 0.04 0.66
297 205 200 100 250 0.04 0.66
428 280 200 100 250 0.04 0.66
614 404 200 100 250 0.04 0.66
363 242 200 100 250 0.04 0.68
262 185 200 100 250 0.04 0.68
355 243 200 100 250 0.04 0.68
419 298 200 100 250 0.04 0.68
309 220 200 100 250 0.04 0.7
464 322 200 100 250 0.04 0.7
568 363 200 100 250 0.04 0.7
362 251 200 100 250 0.04 0.7
1320 484 200 100 250 0.06 0.5
1655 602 200 100 250 0.06 0.5
1960 575 200 100 250 0.06 0.5
1053 358 200 100 250 0.06 0.5
763 496 200 100 250 0.06 0.52
613 405 200 100 250 0.06 0.52
566 382 200 100 250 0.06 0.52
811 537 200 100 250 0.06 0.52
396 276 200 100 250 0.06 0.54
675 445 200 100 250 0.06 0.54
910 569 200 100 250 0.06 0.54
565 380 200 100 250 0.06 0.54
885 560 200 100 250 0.06 0.56
263 189 200 100 250 0.06 0.56
1012 630 200 100 250 0.06 0.56
447 312 200 100 250 0.06 0.56
191 136 200 100 250 0.06 0.58
347 249 200 100 250 0.06 0.58
411 286 200 100 250 0.06 0.58
267 192 200 100 250 0.06 0.58
338 240 200 100 250 0.06 0.6
229 164 200 100 250 0.06 0.6
365 251 200 100 250 0.06 0.6
423 295 200 100 250 0.06 0.6
375 252 200 100 250 0.06 0.62
309 217 200 100 250 0.06 0.62
388 267 200 100 250 0.06 0.62
515 351 200 100 250 0.06 0.62
267 185 200 100 250 0.06 0.64
254 179 200 100 250 0.06 0.64
243 167 200 100 250 0.06 0.64
451 307 200 100 250 0.06 0.64
223 157 200 100 250 0.06 0.66
241 171 200 100 250 0.06 0.66
227 158 200 100 250 0.06 0.66
308 220 200 100 250 0.06 0.66
225 159 200 100 250 0.06 0.68
197 140 200 100 250 0.06 0.68
259 174 200 100 250 0.06 0.68
202 143 200 100 250 0.06 0.68
129 82 200 100 250 0.06 0.7
168 118 200 100 250 0.06 0.7
225 137 200 100 250 0.06 0.7
178 128 200 100 250 0.06 0.7
1153 773 200 100 250 0.08 0.5
821 555 200 100 250 0.08 0.5
861 578 200 100 250 0.08 0.5
1351 904 200 100 250 0.08 0.5
958 658 200 100 250 0.08 0.52
1030 712 200 100 250 0.08 0.52
1267 860 200 100 250 0.08 0.52
1154 802 200 100 250 0.08 0.52
407 284 200 100 250 0.08 0.54
342 244 200 100 250 0.08 0.54
561 397 200 100 250 0.08 0.54
688 490 200 100 250 0.08 0.54
690 473 200 100 250 0.08 0.56
413 291 200 100 250 0.08 0.56
1074 732 200 100 250 0.08 0.56
782 558 200 100 250 0.08 0.56
470 332 200 100 250 0.08 0.58
342 243 200 100 250 0.08 0.58
901 635 200 100 250 0.08 0.58
381 277 200 100 250 0.08 0.58
935 655 200 100 250 0.08 0.6
240 171 200 100 250 0.08 0.6
1154 826 200 100 250 0.08 0.6
255 182 200 100 250 0.08 0.6
786 147 200 100 250 0.08 0.62
793 189 200 100 250 0.08 0.62
1122 244 200 100 250 0.08 0.62
885 413 200 100 250 0.08 0.62
275 196 200 100 250 0.08 0.64
574 413 200 100 250 0.08 0.64
595 424 200 100 250 0.08 0.64
1839 1300 200 100 250 0.08 0.64
264 180 200 100 250 0.08 0.66
175 122 200 100 250 0.08 0.66
389 271 200 100 250 0.08 0.66
582 421 200 100 250 0.08 0.66
149 103 200 100 250 0.08 0.68
228 159 200 100 250 0.08 0.68
318 225 200 100 250 0.08 0.68
507 368 200 100 250 0.08 0.68
213 149 200 100 250 0.08 0.7
216 149 200 100 250 0.08 0.7
132 90 200 100 250 0.08 0.7
518 371 200 100 250 0.08 0.7
8761 6135 200 100 250 0.1 0.5
15780 10839 200 100 250 0.1 0.5
34377 23341 200 100 250 0.1 0.5
37918 26480 200 100 250 0.1 0.5
10914 7660 200 100 250 0.1 0.52
13994 9643 200 100 250 0.1 0.52
40097 26839 200 100 250 0.1 0.52
14392 10132 200 100 250 0.1 0.52
22395 15280 200 100 250 0.1 0.54
1495 1040 200 100 250 0.1 0.54
35190 24438 200 100 250 0.1 0.54
20792 14703 200 100 250 0.1 0.54
8358 5809 200 100 250 0.1 0.56
13045 9018 200 100 250 0.1 0.56
21952 15162 200 100 250 0.1 0.56
9290 6623 200 100 250 0.1 0.56
11397 7943 200 100 250 0.1 0.58
19405 13431 200 100 250 0.1 0.58
25118 17151 200 100 250 0.1 0.58
36850 25251 200 100 250 0.1 0.58
13298 9300 200 100 250 0.1 0.6
10178 7063 200 100 250 0.1 0.6
15581 10704 200 100 250 0.1 0.6
15170 10530 200 100 250 0.1 0.6
1898 1335 200 100 250 0.1 0.62
10562 7229 200 100 250 0.1 0.62
5564 3891 200 100 250 0.1 0.62
16078 11380 200 100 250 0.1 0.62
656 467 200 100 250 0.1 0.64
16875 11536 200 100 250 0.1 0.64
29410 20495 200 100 250 0.1 0.64
5784 4126 200 100 250 0.1 0.64
5907 4058 200 100 250 0.1 0.66
10041 6904 200 100 250 0.1 0.66
37242 25294 200 100 250 0.1 0.66
19203 13619 200 100 250 0.1 0.66
7243 5094 200 100 250 0.1 0.68
13859 9731 200 100 250 0.1 0.68
10669 7383 200 100 250 0.1 0.68
17168 11993 200 100 250 0.1 0.68
18001 12172 200 100 250 0.1 0.7
4805 3324 200 100 250 0.1 0.7
20952 14106 200 100 250 0.1 0.7
13603 9442 200 100 250 0.1 0.7
