695 1229 300 10 225 0.02 0.5
530 1085 300 10 225 0.02 0.5
989 1680 300 10 225 0.02 0.5
889 1699 300 10 225 0.02 0.5
351 789 300 10 225 0.02 0.52
382 879 300 10 225 0.02 0.52
458 949 300 10 225 0.02 0.52
394 886 300 10 225 0.02 0.52
311 676 300 10 225 0.02 0.54
449 948 300 10 225 0.02 0.54
531 1098 300 10 225 0.02 0.54
245 608 300 10 225 0.02 0.54
378 837 300 10 225 0.02 0.56
466 953 300 10 225 0.02 0.56
562 1141 300 10 225 0.02 0.56
661 1333 300 10 225 0.02 0.56
365 834 300 10 225 0.02 0.58
377 897 300 10 225 0.02 0.58
307 759 300 10 225 0.02 0.58
599 1174 300 10 225 0.02 0.58
211 557 300 10 225 0.02 0.6
247 635 300 10 225 0.02 0.6
239 593 300 10 225 0.02 0.6
360 803 300 10 225 0.02 0.6
274 575 300 10 225 0.02 0.62
343 663 300 10 225 0.02 0.62
344 633 300 10 225 0.02 0.62
381 734 300 10 225 0.02 0.62
233 594 300 10 225 0.02 0.64
214 566 300 10 225 0.02 0.64
245 626 300 10 225 0.02 0.64
249 649 300 10 225 0.02 0.64
134 375 300 10 225 0.02 0.66
186 479 300 10 225 0.02 0.66
284 735 300 10 225 0.02 0.66
184 523 300 10 225 0.02 0.66
196 516 300 10 225 0.02 0.68
175 493 300 10 225 0.02 0.68
295 727 300 10 225 0.02 0.68
116 346 300 10 225 0.02 0.68
314 758 300 10 225 0.02 0.7
219 581 300 10 225 0.02 0.7
350 839 300 10 225 0.02 0.7
618 1454 300 10 225 0.02 0.7
3119 7109 300 10 225 0.04 0.5
4252 9341 300 10 225 0.04 0.5
4691 10382 300 10 225 0.04 0.5
3732 8477 300 10 225 0.04 0.5
4292 8203 300 10 225 0.04 0.52
4383 7652 300 10 225 0.04 0.52
4328 8595 300 10 225 0.04 0.52
5083 9953 300 10 225 0.04 0.52
2853 6200 300 10 225 0.04 0.54
3389 7626 300 10 225 0.04 0.54
1752 4120 300 10 225 0.04 0.54
4882 10893 300 10 225 0.04 0.54
3550 8256 300 10 225 0.04 0.56
3576 7997 300 10 225 0.04 0.56
3211 7131 300 10 225 0.04 0.56
5219 11798 300 10 225 0.04 0.56
2286 5427 300 10 225 0.04 0.58
4983 11447 300 10 225 0.04 0.58
4068 9283 300 10 225 0.04 0.58
4558 10579 300 10 225 0.04 0.58
4634 10381 300 10 225 0.04 0.6
5446 11750 300 10 225 0.04 0.6
2841 6858 300 10 225 0.04 0.6
8195 18116 300 10 225 0.04 0.6
2641 6437 300 10 225 0.04 0.62
4088 9802 300 10 225 0.04 0.62
3166 7913 300 10 225 0.04 0.62
6215 14257 300 10 225 0.04 0.62
3340 7990 300 10 225 0.04 0.64
3677 8657 300 10 225 0.04 0.64
2262 5635 300 10 225 0.04 0.64
4765 11394 300 10 225 0.04 0.64
3288 7922 300 10 225 0.04 0.66
3967 9798 300 10 225 0.04 0.66
3406 7949 300 10 225 0.04 0.66
4595 11296 300 10 225 0.04 0.66
2457 5974 300 10 225 0.04 0.68
2775 7211 300 10 225 0.04 0.68
5401 12433 300 10 225 0.04 0.68
3361 8770 300 10 225 0.04 0.68
4497 11076 300 10 225 0.04 0.7
2062 5329 300 10 225 0.04 0.7
3322 8314 300 10 225 0.04 0.7
3248 8229 300 10 225 0.04 0.7
76996 178581 300 10 225 0.06 0.5
50224 122192 300 10 225 0.06 0.5
60629 139526 300 10 225 0.06 0.5
82515 200000 300 10 225 0.06 0.5
82034 145427 300 10 225 0.06 0.52
61541 116514 300 10 225 0.06 0.52
89593 157766 300 10 225 0.06 0.52
96428 196077 300 10 225 0.06 0.52
34456 83047 300 10 225 0.06 0.54
56027 133812 300 10 225 0.06 0.54
85079 193509 300 10 225 0.06 0.54
79459 200000 300 10 225 0.06 0.54
47916 118346 300 10 225 0.06 0.56
59661 141907 300 10 225 0.06 0.56
34841 84239 300 10 225 0.06 0.56
78421 189628 300 10 225 0.06 0.56
42877 101151 300 10 225 0.06 0.58
49307 119281 300 10 225 0.06 0.58
70562 167019 300 10 225 0.06 0.58
46060 111706 300 10 225 0.06 0.58
47054 117588 300 10 225 0.06 0.6
58428 140893 300 10 225 0.06 0.6
70090 173184 300 10 225 0.06 0.6
43986 112873 300 10 225 0.06 0.6
60124 148809 300 10 225 0.06 0.62
36487 92557 300 10 225 0.06 0.62
51977 125729 300 10 225 0.06 0.62
79878 200000 300 10 225 0.06 0.62
51970 95076 300 10 225 0.06 0.64
106381 196197 300 10 225 0.06 0.64
77219 139503 300 10 225 0.06 0.64
84881 151338 300 10 225 0.06 0.64
57606 143204 300 10 225 0.06 0.66
49964 123410 300 10 225 0.06 0.66
57317 143231 300 10 225 0.06 0.66
57025 143245 300 10 225 0.06 0.66
59353 145833 300 10 225 0.06 0.68
49286 125547 300 10 225 0.06 0.68
79844 195296 300 10 225 0.06 0.68
32412 84501 300 10 225 0.06 0.68
46563 117190 300 10 225 0.06 0.7
52495 134808 300 10 225 0.06 0.7
87164 200000 300 10 225 0.06 0.7
47372 126660 300 10 225 0.06 0.7
79536 200000 300 10 225 0.08 0.5
79660 200000 300 10 225 0.08 0.5
80376 200000 300 10 225 0.08 0.5
79329 200000 300 10 225 0.08 0.5
77375 200000 300 10 225 0.08 0.52
77021 200000 300 10 225 0.08 0.52
77876 200000 300 10 225 0.08 0.52
77498 200000 300 10 225 0.08 0.52
76337 200000 300 10 225 0.08 0.54
77210 200000 300 10 225 0.08 0.54
79740 200000 300 10 225 0.08 0.54
76256 200000 300 10 225 0.08 0.54
77238 200000 300 10 225 0.08 0.56
77575 200000 300 10 225 0.08 0.56
77531 200000 300 10 225 0.08 0.56
77409 200000 300 10 225 0.08 0.56
77463 200000 300 10 225 0.08 0.58
78261 200000 300 10 225 0.08 0.58
76396 200000 300 10 225 0.08 0.58
79434 200000 300 10 225 0.08 0.58
73429 200000 300 10 225 0.08 0.6
74773 200000 300 10 225 0.08 0.6
75029 200000 300 10 225 0.08 0.6
74460 200000 300 10 225 0.08 0.6
73900 200000 300 10 225 0.08 0.62
75177 200000 300 10 225 0.08 0.62
75225 200000 300 10 225 0.08 0.62
74232 200000 300 10 225 0.08 0.62
75729 200000 300 10 225 0.08 0.64
75629 200000 300 10 225 0.08 0.64
75801 200000 300 10 225 0.08 0.64
75703 200000 300 10 225 0.08 0.64
74619 200000 300 10 225 0.08 0.66
75443 200000 300 10 225 0.08 0.66
74151 200000 300 10 225 0.08 0.66
76291 200000 300 10 225 0.08 0.66
74075 200000 300 10 225 0.08 0.68
75110 200000 300 10 225 0.08 0.68
76042 200000 300 10 225 0.08 0.68
76087 200000 300 10 225 0.08 0.68
73786 200000 300 10 225 0.08 0.7
75683 200000 300 10 225 0.08 0.7
75116 200000 300 10 225 0.08 0.7
75209 200000 300 10 225 0.08 0.7
78268 200000 300 10 225 0.1 0.5
68633 200000 300 10 225 0.1 0.5
76583 200000 300 10 225 0.1 0.5
75935 200000 300 10 225 0.1 0.5
75566 200000 300 10 225 0.1 0.52
74967 200000 300 10 225 0.1 0.52
75451 200000 300 10 225 0.1 0.52
75730 200000 300 10 225 0.1 0.52
74437 200000 300 10 225 0.1 0.54
76349 200000 300 10 225 0.1 0.54
75012 200000 300 10 225 0.1 0.54
75872 200000 300 10 225 0.1 0.54
74791 200000 300 10 225 0.1 0.56
75516 200000 300 10 225 0.1 0.56
75419 200000 300 10 225 0.1 0.56
75205 200000 300 10 225 0.1 0.56
75663 200000 300 10 225 0.1 0.58
74492 200000 300 10 225 0.1 0.58
74746 200000 300 10 225 0.1 0.58
75440 200000 300 10 225 0.1 0.58
74028 200000 300 10 225 0.1 0.6
73587 200000 300 10 225 0.1 0.6
74105 200000 300 10 225 0.1 0.6
74087 200000 300 10 225 0.1 0.6
73179 200000 300 10 225 0.1 0.62
73733 200000 300 10 225 0.1 0.62
74486 200000 300 10 225 0.1 0.62
73974 200000 300 10 225 0.1 0.62
73078 200000 300 10 225 0.1 0.64
73237 200000 300 10 225 0.1 0.64
73304 200000 300 10 225 0.1 0.64
74505 200000 300 10 225 0.1 0.64
73297 200000 300 10 225 0.1 0.66
72981 200000 300 10 225 0.1 0.66
73641 200000 300 10 225 0.1 0.66
72906 200000 300 10 225 0.1 0.66
71984 200000 300 10 225 0.1 0.68
74237 200000 300 10 225 0.1 0.68
73689 200000 300 10 225 0.1 0.68
72954 200000 300 10 225 0.1 0.68
72797 200000 300 10 225 0.1 0.7
71621 200000 300 10 225 0.1 0.7
72882 200000 300 10 225 0.1 0.7
72774 200000 300 10 225 0.1 0.7
1480 1933 300 10 300 0.02 0.5
629 1048 300 10 300 0.02 0.5
1182 1666 300 10 300 0.02 0.5
1099 1788 300 10 300 0.02 0.5
620 1076 300 10 300 0.02 0.52
313 667 300 10 300 0.02 0.52
549 1071 300 10 300 0.02 0.52
408 853 300 10 300 0.02 0.52
628 1136 300 10 300 0.02 0.54
404 833 300 10 300 0.02 0.54
853 1421 300 10 300 0.02 0.54
769 1296 300 10 300 0.02 0.54
516 940 300 10 300 0.02 0.56
489 895 300 10 300 0.02 0.56
609 1139 300 10 300 0.02 0.56
566 1047 300 10 300 0.02 0.56
488 911 300 10 300 0.02 0.58
368 755 300 10 300 0.02 0.58
460 846 300 10 300 0.02 0.58
1055 1644 300 10 300 0.02 0.58
235 610 300 10 300 0.02 0.6
172 462 300 10 300 0.02 0.6
351 820 300 10 300 0.02 0.6
198 525 300 10 300 0.02 0.6
303 691 300 10 300 0.02 0.62
270 680 300 10 300 0.02 0.62
360 790 300 10 300 0.02 0.62
296 711 300 10 300 0.02 0.62
226 577 300 10 300 0.02 0.64
246 631 300 10 300 0.02 0.64
231 548 300 10 300 0.02 0.64
318 707 300 10 300 0.02 0.64
187 490 300 10 300 0.02 0.66
230 540 300 10 300 0.02 0.66
180 462 300 10 300 0.02 0.66
260 636 300 10 300 0.02 0.66
239 603 300 10 300 0.02 0.68
221 576 300 10 300 0.02 0.68
390 861 300 10 300 0.02 0.68
503 1032 300 10 300 0.02 0.68
233 502 300 10 300 0.02 0.7
303 530 300 10 300 0.02 0.7
270 596 300 10 300 0.02 0.7
291 585 300 10 300 0.02 0.7
4398 8285 300 10 300 0.04 0.5
5628 10728 300 10 300 0.04 0.5
10136 18351 300 10 300 0.04 0.5
5664 11390 300 10 300 0.04 0.5
3610 7252 300 10 300 0.04 0.52
6301 12352 300 10 300 0.04 0.52
6103 11535 300 10 300 0.04 0.52
4447 9310 300 10 300 0.04 0.52
4907 9435 300 10 300 0.04 0.54
2924 6246 300 10 300 0.04 0.54
7062 12405 300 10 300 0.04 0.54
5756 11822 300 10 300 0.04 0.54
3724 7242 300 10 300 0.04 0.56
6705 13077 300 10 300 0.04 0.56
5071 9582 300 10 300 0.04 0.56
6034 10757 300 10 300 0.04 0.56
4473 8446 300 10 300 0.04 0.58
6097 12176 300 10 300 0.04 0.58
7045 13079 300 10 300 0.04 0.58
6692 11602 300 10 300 0.04 0.58
4768 9015 300 10 300 0.04 0.6
1564 3595 300 10 300 0.04 0.6
5162 10754 300 10 300 0.04 0.6
3524 8480 300 10 300 0.04 0.6
1649 3701 300 10 300 0.04 0.62
4787 10604 300 10 300 0.04 0.62
5373 10318 300 10 300 0.04 0.62
4154 9142 300 10 300 0.04 0.62
3622 7919 300 10 300 0.04 0.64
3815 8098 300 10 300 0.04 0.64
5887 11623 300 10 300 0.04 0.64
5498 11446 300 10 300 0.04 0.64
8075 11939 300 10 300 0.04 0.66
5493 8572 300 10 300 0.04 0.66
9026 14407 300 10 300 0.04 0.66
4789 8692 300 10 300 0.04 0.66
2887 5924 300 10 300 0.04 0.68
3690 8033 300 10 300 0.04 0.68
2578 5293 300 10 300 0.04 0.68
4846 9805 300 10 300 0.04 0.68
2357 5396 300 10 300 0.04 0.7
1896 4512 300 10 300 0.04 0.7
3230 7348 300 10 300 0.04 0.7
4650 10696 300 10 300 0.04 0.7
19670 40635 300 10 300 0.06 0.5
100907 200000 300 10 300 0.06 0.5
47808 96858 300 10 300 0.06 0.5
74377 151931 300 10 300 0.06 0.5
34487 75967 300 10 300 0.06 0.52
57966 125162 300 10 300 0.06 0.52
61876 128936 300 10 300 0.06 0.52
79226 166822 300 10 300 0.06 0.52
84704 173662 300 10 300 0.06 0.54
101494 200000 300 10 300 0.06 0.54
93838 177484 300 10 300 0.06 0.54
94370 200000 300 10 300 0.06 0.54
56585 119663 300 10 300 0.06 0.56
67295 144458 300 10 300 0.06 0.56
71174 141879 300 10 300 0.06 0.56
90641 190037 300 10 300 0.06 0.56
82436 171588 300 10 300 0.06 0.58
57605 119719 300 10 300 0.06 0.58
86977 186447 300 10 300 0.06 0.58
55222 122206 300 10 300 0.06 0.58
52694 109759 300 10 300 0.06 0.6
96712 200000 300 10 300 0.06 0.6
76671 166484 300 10 300 0.06 0.6
94112 199678 300 10 300 0.06 0.6
97440 200000 300 10 300 0.06 0.62
76310 164054 300 10 300 0.06 0.62
94244 200000 300 10 300 0.06 0.62
83932 178303 300 10 300 0.06 0.62
71247 153301 300 10 300 0.06 0.64
41578 88610 300 10 300 0.06 0.64
81639 164283 300 10 300 0.06 0.64
92547 200000 300 10 300 0.06 0.64
51129 113360 300 10 300 0.06 0.66
81941 173004 300 10 300 0.06 0.66
67251 138067 300 10 300 0.06 0.66
71464 160710 300 10 300 0.06 0.66
48462 106425 300 10 300 0.06 0.68
74407 158338 300 10 300 0.06 0.68
70284 149643 300 10 300 0.06 0.68
81275 172290 300 10 300 0.06 0.68
72135 148135 300 10 300 0.06 0.7
74227 171096 300 10 300 0.06 0.7
92791 200000 300 10 300 0.06 0.7
64050 133338 300 10 300 0.06 0.7
69096 200000 300 10 300 0.08 0.5
85160 200000 300 10 300 0.08 0.5
88152 200000 300 10 300 0.08 0.5
87057 200000 300 10 300 0.08 0.5
83754 200000 300 10 300 0.08 0.52
85043 200000 300 10 300 0.08 0.52
86646 200000 300 10 300 0.08 0.52
87265 200000 300 10 300 0.08 0.52
84026 200000 300 10 300 0.08 0.54
85092 200000 300 10 300 0.08 0.54
84635 200000 300 10 300 0.08 0.54
87222 200000 300 10 300 0.08 0.54
85651 200000 300 10 300 0.08 0.56
82363 200000 300 10 300 0.08 0.56
88346 200000 300 10 300 0.08 0.56
82646 200000 300 10 300 0.08 0.56
84689 200000 300 10 300 0.08 0.58
85898 200000 300 10 300 0.08 0.58
85123 200000 300 10 300 0.08 0.58
88074 200000 300 10 300 0.08 0.58
83228 200000 300 10 300 0.08 0.6
84119 200000 300 10 300 0.08 0.6
82902 200000 300 10 300 0.08 0.6
85062 200000 300 10 300 0.08 0.6
84484 200000 300 10 300 0.08 0.62
81570 200000 300 10 300 0.08 0.62
85718 200000 300 10 300 0.08 0.62
82876 200000 300 10 300 0.08 0.62
84135 200000 300 10 300 0.08 0.64
82654 200000 300 10 300 0.08 0.64
83945 200000 300 10 300 0.08 0.64
83957 200000 300 10 300 0.08 0.64
80666 200000 300 10 300 0.08 0.66
84072 200000 300 10 300 0.08 0.66
87050 200000 300 10 300 0.08 0.66
83359 200000 300 10 300 0.08 0.66
82913 200000 300 10 300 0.08 0.68
83016 200000 300 10 300 0.08 0.68
84134 200000 300 10 300 0.08 0.68
85233 200000 300 10 300 0.08 0.68
81899 200000 300 10 300 0.08 0.7
82347 200000 300 10 300 0.08 0.7
83605 200000 300 10 300 0.08 0.7
83174 200000 300 10 300 0.08 0.7
71258 200000 300 10 300 0.1 0.5
82672 200000 300 10 300 0.1 0.5
84794 200000 300 10 300 0.1 0.5
81832 200000 300 10 300 0.1 0.5
81195 200000 300 10 300 0.1 0.52
79781 200000 300 10 300 0.1 0.52
80903 200000 300 10 300 0.1 0.52
81761 200000 300 10 300 0.1 0.52
80593 200000 300 10 300 0.1 0.54
80104 200000 300 10 300 0.1 0.54
81642 200000 300 10 300 0.1 0.54
81524 200000 300 10 300 0.1 0.54
81343 200000 300 10 300 0.1 0.56
79535 200000 300 10 300 0.1 0.56
82034 200000 300 10 300 0.1 0.56
83185 200000 300 10 300 0.1 0.56
82358 200000 300 10 300 0.1 0.58
81817 200000 300 10 300 0.1 0.58
82456 200000 300 10 300 0.1 0.58
82166 200000 300 10 300 0.1 0.58
80125 200000 300 10 300 0.1 0.6
78509 200000 300 10 300 0.1 0.6
79006 200000 300 10 300 0.1 0.6
79748 200000 300 10 300 0.1 0.6
79974 200000 300 10 300 0.1 0.62
77199 200000 300 10 300 0.1 0.62
80004 200000 300 10 300 0.1 0.62
80051 200000 300 10 300 0.1 0.62
79931 200000 300 10 300 0.1 0.64
79048 200000 300 10 300 0.1 0.64
80282 200000 300 10 300 0.1 0.64
81836 200000 300 10 300 0.1 0.64
79654 200000 300 10 300 0.1 0.66
79379 200000 300 10 300 0.1 0.66
80639 200000 300 10 300 0.1 0.66
80939 200000 300 10 300 0.1 0.66
78989 200000 300 10 300 0.1 0.68
78734 200000 300 10 300 0.1 0.68
79591 200000 300 10 300 0.1 0.68
79967 200000 300 10 300 0.1 0.68
77176 200000 300 10 300 0.1 0.7
78105 200000 300 10 300 0.1 0.7
77784 200000 300 10 300 0.1 0.7
78150 200000 300 10 300 0.1 0.7
1730 1881 300 10 375 0.02 0.5
1292 1469 300 10 375 0.02 0.5
2009 2123 300 10 375 0.02 0.5
2698 2744 300 10 375 0.02 0.5
607 955 300 10 375 0.02 0.52
538 900 300 10 375 0.02 0.52
614 1016 300 10 375 0.02 0.52
692 980 300 10 375 0.02 0.52
451 802 300 10 375 0.02 0.54
607 953 300 10 375 0.02 0.54
441 859 300 10 375 0.02 0.54
775 1106 300 10 375 0.02 0.54
480 831 300 10 375 0.02 0.56
368 707 300 10 375 0.02 0.56
508 914 300 10 375 0.02 0.56
638 1015 300 10 375 0.02 0.56
449 839 300 10 375 0.02 0.58
474 840 300 10 375 0.02 0.58
363 705 300 10 375 0.02 0.58
561 877 300 10 375 0.02 0.58
333 622 300 10 375 0.02 0.6
404 663 300 10 375 0.02 0.6
392 758 300 10 375 0.02 0.6
426 747 300 10 375 0.02 0.6
290 665 300 10 375 0.02 0.62
241 575 300 10 375 0.02 0.62
224 540 300 10 375 0.02 0.62
490 853 300 10 375 0.02 0.62
205 499 300 10 375 0.02 0.64
265 603 300 10 375 0.02 0.64
302 621 300 10 375 0.02 0.64
426 787 300 10 375 0.02 0.64
223 503 300 10 375 0.02 0.66
363 807 300 10 375 0.02 0.66
400 764 300 10 375 0.02 0.66
411 844 300 10 375 0.02 0.66
374 746 300 10 375 0.02 0.68
242 571 300 10 375 0.02 0.68
362 736 300 10 375 0.02 0.68
323 713 300 10 375 0.02 0.68
195 469 300 10 375 0.02 0.7
181 465 300 10 375 0.02 0.7
211 502 300 10 375 0.02 0.7
258 643 300 10 375 0.02 0.7
10638 15587 300 10 375 0.04 0.5
8338 13162 300 10 375 0.04 0.5
9056 14266 300 10 375 0.04 0.5
10422 16138 300 10 375 0.04 0.5
3545 6217 300 10 375 0.04 0.52
3413 6175 300 10 375 0.04 0.52
6654 10095 300 10 375 0.04 0.52
7884 12281 300 10 375 0.04 0.52
5922 9401 300 10 375 0.04 0.54
4966 8454 300 10 375 0.04 0.54
8827 13703 300 10 375 0.04 0.54
6463 11129 300 10 375 0.04 0.54
5390 9767 300 10 375 0.04 0.56
6713 11203 300 10 375 0.04 0.56
7498 11045 300 10 375 0.04 0.56
8386 13250 300 10 375 0.04 0.56
7933 12698 300 10 375 0.04 0.58
9160 13539 300 10 375 0.04 0.58
7356 11558 300 10 375 0.04 0.58
9964 16470 300 10 375 0.04 0.58
2002 3655 300 10 375 0.04 0.6
5531 9880 300 10 375 0.04 0.6
3301 6025 300 10 375 0.04 0.6
7750 12433 300 10 375 0.04 0.6
4692 8670 300 10 375 0.04 0.62
5654 10147 300 10 375 0.04 0.62
4558 7857 300 10 375 0.04 0.62
6773 10807 300 10 375 0.04 0.62
2560 4734 300 10 375 0.04 0.64
6452 10774 300 10 375 0.04 0.64
6654 11305 300 10 375 0.04 0.64
3620 6832 300 10 375 0.04 0.64
4139 7485 300 10 375 0.04 0.66
6154 10159 300 10 375 0.04 0.66
4298 7509 300 10 375 0.04 0.66
6292 10759 300 10 375 0.04 0.66
1977 4077 300 10 375 0.04 0.68
3248 6049 300 10 375 0.04 0.68
2694 5470 300 10 375 0.04 0.68
5317 9519 300 10 375 0.04 0.68
3202 6694 300 10 375 0.04 0.7
1800 3911 300 10 375 0.04 0.7
4505 8822 300 10 375 0.04 0.7
2093 4546 300 10 375 0.04 0.7
71013 200000 300 10 375 0.06 0.5
71771 125606 300 10 375 0.06 0.5
70265 127004 300 10 375 0.06 0.5
78688 140700 300 10 375 0.06 0.5
73149 138282 300 10 375 0.06 0.52
40803 74767 300 10 375 0.06 0.52
