68 1 20 1000 100 0.02 0.5
16 1 20 1000 100 0.02 0.5
12 1 20 1000 100 0.02 0.52
8 1 20 1000 100 0.02 0.52
7 1 20 1000 100 0.02 0.54
6 1 20 1000 100 0.02 0.54
6 1 20 1000 100 0.02 0.56
11 1 20 1000 100 0.02 0.56
5 1 20 1000 100 0.02 0.58
9 1 20 1000 100 0.02 0.58
5 1 20 1000 100 0.02 0.6
5 1 20 1000 100 0.02 0.6
7 1 20 1000 100 0.02 0.62
8 1 20 1000 100 0.02 0.62
9 1 20 1000 100 0.02 0.64
5 1 20 1000 100 0.02 0.64
4 1 20 1000 100 0.02 0.66
5 1 20 1000 100 0.02 0.66
6 1 20 1000 100 0.02 0.68
6 1 20 1000 100 0.02 0.68
7 1 20 1000 100 0.02 0.7
6 1 20 1000 100 0.02 0.7
4 1 20 1000 100 0.04 0.5
4 1 20 1000 100 0.04 0.5
4 1 20 1000 100 0.04 0.52
4 1 20 1000 100 0.04 0.52
5 1 20 1000 100 0.04 0.54
4 1 20 1000 100 0.04 0.54
6 1 20 1000 100 0.04 0.56
4 1 20 1000 100 0.04 0.56
4 1 20 1000 100 0.04 0.58
5 1 20 1000 100 0.04 0.58
5 1 20 1000 100 0.04 0.6
4 1 20 1000 100 0.04 0.6
5 1 20 1000 100 0.04 0.62
4 1 20 1000 100 0.04 0.62
6 1 20 1000 100 0.04 0.64
6 1 20 1000 100 0.04 0.64
7 1 20 1000 100 0.04 0.66
6 1 20 1000 100 0.04 0.66
6 1 20 1000 100 0.04 0.68
7 1 20 1000 100 0.04 0.68
8 1 20 1000 100 0.04 0.7
9 2 20 1000 100 0.04 0.7
4 1 20 1000 100 0.06 0.5
4 1 20 1000 100 0.06 0.5
4 1 20 1000 100 0.06 0.52
4 1 20 1000 100 0.06 0.52
4 1 20 1000 100 0.06 0.54
4 1 20 1000 100 0.06 0.54
5 1 20 1000 100 0.06 0.56
4 1 20 1000 100 0.06 0.56
5 1 20 1000 100 0.06 0.58
4 1 20 1000 100 0.06 0.58
5 1 20 1000 100 0.06 0.6
4 1 20 1000 100 0.06 0.6
4 1 20 1000 100 0.06 0.62
5 1 20 1000 100 0.06 0.62
4 1 20 1000 100 0.06 0.64
5 1 20 1000 100 0.06 0.64
5 1 20 1000 100 0.06 0.66
5 1 20 1000 100 0.06 0.66
5 1 20 1000 100 0.06 0.68
4 1 20 1000 100 0.06 0.68
8 2 20 1000 100 0.06 0.7
5 1 20 1000 100 0.06 0.7
4 1 20 1000 100 0.08 0.5
4 1 20 1000 100 0.08 0.5
4 1 20 1000 100 0.08 0.52
4 1 20 1000 100 0.08 0.52
5 1 20 1000 100 0.08 0.54
5 1 20 1000 100 0.08 0.54
6 1 20 1000 100 0.08 0.56
6 1 20 1000 100 0.08 0.56
6 1 20 1000 100 0.08 0.58
6 1 20 1000 100 0.08 0.58
6 1 20 1000 100 0.08 0.6
6 1 20 1000 100 0.08 0.6
6 1 20 1000 100 0.08 0.62
6 1 20 1000 100 0.08 0.62
7 1 20 1000 100 0.08 0.64
7 1 20 1000 100 0.08 0.64
7 1 20 1000 100 0.08 0.66
7 1 20 1000 100 0.08 0.66
7 1 20 1000 100 0.08 0.68
7 1 20 1000 100 0.08 0.68
5 1 20 1000 100 0.08 0.7
5 1 20 1000 100 0.08 0.7
4 1 20 1000 100 0.1 0.5
4 1 20 1000 100 0.1 0.5
4 1 20 1000 100 0.1 0.52
4 1 20 1000 100 0.1 0.52
5 1 20 1000 100 0.1 0.54
3 1 20 1000 100 0.1 0.54
4 1 20 1000 100 0.1 0.56
4 1 20 1000 100 0.1 0.56
4 1 20 1000 100 0.1 0.58
4 1 20 1000 100 0.1 0.58
4 1 20 1000 100 0.1 0.6
5 1 20 1000 100 0.1 0.6
5 1 20 1000 100 0.1 0.62
4 1 20 1000 100 0.1 0.62
5 1 20 1000 100 0.1 0.64
4 1 20 1000 100 0.1 0.64
4 1 20 1000 100 0.1 0.66
5 1 20 1000 100 0.1 0.66
5 1 20 1000 100 0.1 0.68
5 1 20 1000 100 0.1 0.68
4 1 20 1000 100 0.1 0.7
5 1 20 1000 100 0.1 0.7
5 1 20 1000 100 0.12 0.5
4 1 20 1000 100 0.12 0.5
4 1 20 1000 100 0.12 0.52
4 1 20 1000 100 0.12 0.52
4 1 20 1000 100 0.12 0.54
4 1 20 1000 100 0.12 0.54
5 1 20 1000 100 0.12 0.56
4 1 20 1000 100 0.12 0.56
4 1 20 1000 100 0.12 0.58
4 1 20 1000 100 0.12 0.58
5 1 20 1000 100 0.12 0.6
4 1 20 1000 100 0.12 0.6
4 1 20 1000 100 0.12 0.62
5 1 20 1000 100 0.12 0.62
5 1 20 1000 100 0.12 0.64
4 1 20 1000 100 0.12 0.64
5 1 20 1000 100 0.12 0.66
4 1 20 1000 100 0.12 0.66
5 1 20 1000 100 0.12 0.68
5 1 20 1000 100 0.12 0.68
5 1 20 1000 100 0.12 0.7
4 1 20 1000 100 0.12 0.7
4 1 20 1000 100 0.14 0.5
4 1 20 1000 100 0.14 0.5
4 1 20 1000 100 0.14 0.52
4 1 20 1000 100 0.14 0.52
4 1 20 1000 100 0.14 0.54
4 1 20 1000 100 0.14 0.54
4 1 20 1000 100 0.14 0.56
5 1 20 1000 100 0.14 0.56
4 1 20 1000 100 0.14 0.58
4 1 20 1000 100 0.14 0.58
4 1 20 1000 100 0.14 0.6
4 1 20 1000 100 0.14 0.6
4 1 20 1000 100 0.14 0.62
4 1 20 1000 100 0.14 0.62
4 1 20 1000 100 0.14 0.64
5 1 20 1000 100 0.14 0.64
5 1 20 1000 100 0.14 0.66
5 1 20 1000 100 0.14 0.66
5 1 20 1000 100 0.14 0.68
5 1 20 1000 100 0.14 0.68
5 1 20 1000 100 0.14 0.7
5 1 20 1000 100 0.14 0.7
4 1 20 1000 100 0.16 0.5
4 1 20 1000 100 0.16 0.5
4 1 20 1000 100 0.16 0.52
4 1 20 1000 100 0.16 0.52
4 1 20 1000 100 0.16 0.54
4 1 20 1000 100 0.16 0.54
5 1 20 1000 100 0.16 0.56
4 1 20 1000 100 0.16 0.56
4 1 20 1000 100 0.16 0.58
4 1 20 1000 100 0.16 0.58
4 1 20 1000 100 0.16 0.6
4 1 20 1000 100 0.16 0.6
4 1 20 1000 100 0.16 0.62
4 1 20 1000 100 0.16 0.62
5 1 20 1000 100 0.16 0.64
4 1 20 1000 100 0.16 0.64
4 1 20 1000 100 0.16 0.66
5 1 20 1000 100 0.16 0.66
6 1 20 1000 100 0.16 0.68
4 1 20 1000 100 0.16 0.68
5 1 20 1000 100 0.16 0.7
4 1 20 1000 100 0.16 0.7
4 1 20 1000 100 0.18 0.5
4 1 20 1000 100 0.18 0.5
4 1 20 1000 100 0.18 0.52
5 1 20 1000 100 0.18 0.52
4 1 20 1000 100 0.18 0.54
4 1 20 1000 100 0.18 0.54
5 1 20 1000 100 0.18 0.56
4 1 20 1000 100 0.18 0.56
4 1 20 1000 100 0.18 0.58
4 1 20 1000 100 0.18 0.58
4 1 20 1000 100 0.18 0.6
4 1 20 1000 100 0.18 0.6
4 1 20 1000 100 0.18 0.62
4 1 20 1000 100 0.18 0.62
4 1 20 1000 100 0.18 0.64
5 1 20 1000 100 0.18 0.64
5 1 20 1000 100 0.18 0.66
4 1 20 1000 100 0.18 0.66
5 1 20 1000 100 0.18 0.68
5 1 20 1000 100 0.18 0.68
4 1 20 1000 100 0.18 0.7
5 1 20 1000 100 0.18 0.7
4 1 20 1000 100 0.2 0.5
4 1 20 1000 100 0.2 0.5
4 1 20 1000 100 0.2 0.52
4 1 20 1000 100 0.2 0.52
4 1 20 1000 100 0.2 0.54
4 1 20 1000 100 0.2 0.54
5 1 20 1000 100 0.2 0.56
4 1 20 1000 100 0.2 0.56
4 1 20 1000 100 0.2 0.58
4 1 20 1000 100 0.2 0.58
4 1 20 1000 100 0.2 0.6
4 1 20 1000 100 0.2 0.6
4 1 20 1000 100 0.2 0.62
5 1 20 1000 100 0.2 0.62
5 1 20 1000 100 0.2 0.64
4 1 20 1000 100 0.2 0.64
4 1 20 1000 100 0.2 0.66
5 1 20 1000 100 0.2 0.66
5 1 20 1000 100 0.2 0.68
5 1 20 1000 100 0.2 0.68
5 1 20 1000 100 0.2 0.7
6 1 20 1000 100 0.2 0.7
4 1 20 1000 100 0.22 0.5
4 1 20 1000 100 0.22 0.5
4 1 20 1000 100 0.22 0.52
4 1 20 1000 100 0.22 0.52
4 1 20 1000 100 0.22 0.54
5 1 20 1000 100 0.22 0.54
4 1 20 1000 100 0.22 0.56
5 1 20 1000 100 0.22 0.56
4 1 20 1000 100 0.22 0.58
5 1 20 1000 100 0.22 0.58
5 1 20 1000 100 0.22 0.6
4 1 20 1000 100 0.22 0.6
4 1 20 1000 100 0.22 0.62
4 1 20 1000 100 0.22 0.62
5 1 20 1000 100 0.22 0.64
4 1 20 1000 100 0.22 0.64
4 1 20 1000 100 0.22 0.66
5 1 20 1000 100 0.22 0.66
4 1 20 1000 100 0.22 0.68
5 1 20 1000 100 0.22 0.68
7 2 20 1000 100 0.22 0.7
8 2 20 1000 100 0.22 0.7
4 1 20 1000 100 0.24 0.5
4 1 20 1000 100 0.24 0.5
4 1 20 1000 100 0.24 0.52
4 1 20 1000 100 0.24 0.52
6 1 20 1000 100 0.24 0.54
4 1 20 1000 100 0.24 0.54
4 1 20 1000 100 0.24 0.56
4 1 20 1000 100 0.24 0.56
5 1 20 1000 100 0.24 0.58
4 1 20 1000 100 0.24 0.58
4 1 20 1000 100 0.24 0.6
5 1 20 1000 100 0.24 0.6
5 1 20 1000 100 0.24 0.62
4 1 20 1000 100 0.24 0.62
4 1 20 1000 100 0.24 0.64
4 1 20 1000 100 0.24 0.64
4 1 20 1000 100 0.24 0.66
6 1 20 1000 100 0.24 0.66
6 1 20 1000 100 0.24 0.68
5 1 20 1000 100 0.24 0.68
5 1 20 1000 100 0.24 0.7
5 1 20 1000 100 0.24 0.7
4 1 20 1000 100 0.26 0.5
4 1 20 1000 100 0.26 0.5
5 1 20 1000 100 0.26 0.52
4 1 20 1000 100 0.26 0.52
4 1 20 1000 100 0.26 0.54
4 1 20 1000 100 0.26 0.54
4 1 20 1000 100 0.26 0.56
5 1 20 1000 100 0.26 0.56
5 1 20 1000 100 0.26 0.58
4 1 20 1000 100 0.26 0.58
5 1 20 1000 100 0.26 0.6
4 1 20 1000 100 0.26 0.6
5 1 20 1000 100 0.26 0.62
4 1 20 1000 100 0.26 0.62
5 1 20 1000 100 0.26 0.64
5 1 20 1000 100 0.26 0.64
4 1 20 1000 100 0.26 0.66
5 1 20 1000 100 0.26 0.66
5 1 20 1000 100 0.26 0.68
5 1 20 1000 100 0.26 0.68
8 2 20 1000 100 0.26 0.7
8 2 20 1000 100 0.26 0.7
4 1 20 1000 100 0.28 0.5
4 1 20 1000 100 0.28 0.5
5 1 20 1000 100 0.28 0.52
4 1 20 1000 100 0.28 0.52
4 1 20 1000 100 0.28 0.54
4 1 20 1000 100 0.28 0.54
4 1 20 1000 100 0.28 0.56
4 1 20 1000 100 0.28 0.56
4 1 20 1000 100 0.28 0.58
4 1 20 1000 100 0.28 0.58
4 1 20 1000 100 0.28 0.6
4 1 20 1000 100 0.28 0.6
5 1 20 1000 100 0.28 0.62
4 1 20 1000 100 0.28 0.62
5 1 20 1000 100 0.28 0.64
4 1 20 1000 100 0.28 0.64
4 1 20 1000 100 0.28 0.66
5 1 20 1000 100 0.28 0.66
5 1 20 1000 100 0.28 0.68
7 2 20 1000 100 0.28 0.68
7 2 20 1000 100 0.28 0.7
8 2 20 1000 100 0.28 0.7
4 1 20 1000 100 0.3 0.5
4 1 20 1000 100 0.3 0.5
4 1 20 1000 100 0.3 0.52
4 1 20 1000 100 0.3 0.52
5 1 20 1000 100 0.3 0.54
4 1 20 1000 100 0.3 0.54
5 1 20 1000 100 0.3 0.56
4 1 20 1000 100 0.3 0.56
4 1 20 1000 100 0.3 0.58
4 1 20 1000 100 0.3 0.58
4 1 20 1000 100 0.3 0.6
5 1 20 1000 100 0.3 0.6
5 1 20 1000 100 0.3 0.62
4 1 20 1000 100 0.3 0.62
5 1 20 1000 100 0.3 0.64
5 1 20 1000 100 0.3 0.64
4 1 20 1000 100 0.3 0.66
5 1 20 1000 100 0.3 0.66
5 1 20 1000 100 0.3 0.68
5 1 20 1000 100 0.3 0.68
5 1 20 1000 100 0.3 0.7
5 1 20 1000 100 0.3 0.7
5 1 20 1000 1000 0.02 0.5
4 1 20 1000 1000 0.02 0.5
4 1 20 1000 1000 0.02 0.52
4 1 20 1000 1000 0.02 0.52
4 1 20 1000 1000 0.02 0.54
4 1 20 1000 1000 0.02 0.54
5 1 20 1000 1000 0.02 0.56
4 1 20 1000 1000 0.02 0.56
5 1 20 1000 1000 0.02 0.58
4 1 20 1000 1000 0.02 0.58
4 1 20 1000 1000 0.02 0.6
5 1 20 1000 1000 0.02 0.6
5 1 20 1000 1000 0.02 0.62
5 1 20 1000 1000 0.02 0.62
5 1 20 1000 1000 0.02 0.64
4 1 20 1000 1000 0.02 0.64
5 1 20 1000 1000 0.02 0.66
4 1 20 1000 1000 0.02 0.66
5 1 20 1000 1000 0.02 0.68
5 1 20 1000 1000 0.02 0.68
5 1 20 1000 1000 0.02 0.7
7 1 20 1000 1000 0.02 0.7
4 1 20 1000 1000 0.04 0.5
4 1 20 1000 1000 0.04 0.5
4 1 20 1000 1000 0.04 0.52
5 1 20 1000 1000 0.04 0.52
4 1 20 1000 1000 0.04 0.54
5 1 20 1000 1000 0.04 0.54
5 1 20 1000 1000 0.04 0.56
5 1 20 1000 1000 0.04 0.56
4 1 20 1000 1000 0.04 0.58
4 1 20 1000 1000 0.04 0.58
4 1 20 1000 1000 0.04 0.6
5 1 20 1000 1000 0.04 0.6
5 1 20 1000 1000 0.04 0.62
4 1 20 1000 1000 0.04 0.62
5 1 20 1000 1000 0.04 0.64
5 1 20 1000 1000 0.04 0.64
5 1 20 1000 1000 0.04 0.66
5 1 20 1000 1000 0.04 0.66
5 1 20 1000 1000 0.04 0.68
5 1 20 1000 1000 0.04 0.68
5 1 20 1000 1000 0.04 0.7
5 1 20 1000 1000 0.04 0.7
4 1 20 1000 1000 0.06 0.5
4 1 20 1000 1000 0.06 0.5
4 1 20 1000 1000 0.06 0.52
4 1 20 1000 1000 0.06 0.52
4 1 20 1000 1000 0.06 0.54
4 1 20 1000 1000 0.06 0.54
6 1 20 1000 1000 0.06 0.56
4 1 20 1000 1000 0.06 0.56
4 1 20 1000 1000 0.06 0.58
4 1 20 1000 1000 0.06 0.58
5 1 20 1000 1000 0.06 0.6
5 1 20 1000 1000 0.06 0.6
5 1 20 1000 1000 0.06 0.62
5 1 20 1000 1000 0.06 0.62
4 1 20 1000 1000 0.06 0.64
5 1 20 1000 1000 0.06 0.64
5 1 20 1000 1000 0.06 0.66
5 1 20 1000 1000 0.06 0.66
4 1 20 1000 1000 0.06 0.68
5 1 20 1000 1000 0.06 0.68
10 2 20 1000 1000 0.06 0.7
5 1 20 1000 1000 0.06 0.7
4 1 20 1000 1000 0.08 0.5
4 1 20 1000 1000 0.08 0.5
4 1 20 1000 1000 0.08 0.52
5 1 20 1000 1000 0.08 0.52
4 1 20 1000 1000 0.08 0.54
4 1 20 1000 1000 0.08 0.54
4 1 20 1000 1000 0.08 0.56
4 1 20 1000 1000 0.08 0.56
5 1 20 1000 1000 0.08 0.58
4 1 20 1000 1000 0.08 0.58
4 1 20 1000 1000 0.08 0.6
5 1 20 1000 1000 0.08 0.6
5 1 20 1000 1000 0.08 0.62
5 1 20 1000 1000 0.08 0.62
5 1 20 1000 1000 0.08 0.64
5 1 20 1000 1000 0.08 0.64
5 1 20 1000 1000 0.08 0.66
5 1 20 1000 1000 0.08 0.66
5 1 20 1000 1000 0.08 0.68
6 1 20 1000 1000 0.08 0.68
5 1 20 1000 1000 0.08 0.7
4 1 20 1000 1000 0.08 0.7
5 1 20 1000 1000 0.1 0.5
4 1 20 1000 1000 0.1 0.5
4 1 20 1000 1000 0.1 0.52
5 1 20 1000 1000 0.1 0.52
4 1 20 1000 1000 0.1 0.54
4 1 20 1000 1000 0.1 0.54
4 1 20 1000 1000 0.1 0.56
4 1 20 1000 1000 0.1 0.56
4 1 20 1000 1000 0.1 0.58
5 1 20 1000 1000 0.1 0.58
5 1 20 1000 1000 0.1 0.6
4 1 20 1000 1000 0.1 0.6
5 1 20 1000 1000 0.1 0.62
4 1 20 1000 1000 0.1 0.62
5 1 20 1000 1000 0.1 0.64
5 1 20 1000 1000 0.1 0.64
5 1 20 1000 1000 0.1 0.66
5 1 20 1000 1000 0.1 0.66
5 1 20 1000 1000 0.1 0.68
6 1 20 1000 1000 0.1 0.68
5 1 20 1000 1000 0.1 0.7
11 2 20 1000 1000 0.1 0.7
4 1 20 1000 1000 0.12 0.5
4 1 20 1000 1000 0.12 0.5
4 1 20 1000 1000 0.12 0.52
4 1 20 1000 1000 0.12 0.52
4 1 20 1000 1000 0.12 0.54
5 1 20 1000 1000 0.12 0.54
4 1 20 1000 1000 0.12 0.56
4 1 20 1000 1000 0.12 0.56
5 1 20 1000 1000 0.12 0.58
5 1 20 1000 1000 0.12 0.58
5 1 20 1000 1000 0.12 0.6
5 1 20 1000 1000 0.12 0.6
5 1 20 1000 1000 0.12 0.62
4 1 20 1000 1000 0.12 0.62
5 1 20 1000 1000 0.12 0.64
4 1 20 1000 1000 0.12 0.64
5 1 20 1000 1000 0.12 0.66
5 1 20 1000 1000 0.12 0.66
5 1 20 1000 1000 0.12 0.68
5 1 20 1000 1000 0.12 0.68
9 2 20 1000 1000 0.12 0.7
6 1 20 1000 1000 0.12 0.7
5 1 20 1000 1000 0.14 0.5
4 1 20 1000 1000 0.14 0.5
4 1 20 1000 1000 0.14 0.52
6 1 20 1000 1000 0.14 0.52
4 1 20 1000 1000 0.14 0.54
5 1 20 1000 1000 0.14 0.54
5 1 20 1000 1000 0.14 0.56
4 1 20 1000 1000 0.14 0.56
4 1 20 1000 1000 0.14 0.58
5 1 20 1000 1000 0.14 0.58
5 1 20 1000 1000 0.14 0.6
4 1 20 1000 1000 0.14 0.6
4 1 20 1000 1000 0.14 0.62
5 1 20 1000 1000 0.14 0.62
5 1 20 1000 1000 0.14 0.64
6 1 20 1000 1000 0.14 0.64
6 1 20 1000 1000 0.14 0.66
5 1 20 1000 1000 0.14 0.66
6 1 20 1000 1000 0.14 0.68
5 1 20 1000 1000 0.14 0.68
4 1 20 1000 1000 0.14 0.7
6 1 20 1000 1000 0.14 0.7
5 1 20 1000 1000 0.16 0.5
4 1 20 1000 1000 0.16 0.5
5 1 20 1000 1000 0.16 0.52
4 1 20 1000 1000 0.16 0.52
4 1 20 1000 1000 0.16 0.54
5 1 20 1000 1000 0.16 0.54
5 1 20 1000 1000 0.16 0.56
4 1 20 1000 1000 0.16 0.56
4 1 20 1000 1000 0.16 0.58
6 1 20 1000 1000 0.16 0.58
3 0 20 1000 1000 0.16 0.6
4 1 20 1000 1000 0.16 0.6
5 1 20 1000 1000 0.16 0.62
5 1 20 1000 1000 0.16 0.62
5 1 20 1000 1000 0.16 0.64
5 1 20 1000 1000 0.16 0.64
5 1 20 1000 1000 0.16 0.66
4 1 20 1000 1000 0.16 0.66
6 1 20 1000 1000 0.16 0.68
4 1 20 1000 1000 0.16 0.68
5 1 20 1000 1000 0.16 0.7
5 1 20 1000 1000 0.16 0.7
5 1 20 1000 1000 0.18 0.5
4 1 20 1000 1000 0.18 0.5
5 1 20 1000 1000 0.18 0.52
4 1 20 1000 1000 0.18 0.52
5 1 20 1000 1000 0.18 0.54
4 1 20 1000 1000 0.18 0.54
4 1 20 1000 1000 0.18 0.56
5 1 20 1000 1000 0.18 0.56
4 1 20 1000 1000 0.18 0.58
5 1 20 1000 1000 0.18 0.58
5 1 20 1000 1000 0.18 0.6
5 1 20 1000 1000 0.18 0.6
5 1 20 1000 1000 0.18 0.62
5 1 20 1000 1000 0.18 0.62
5 1 20 1000 1000 0.18 0.64
5 1 20 1000 1000 0.18 0.64
5 1 20 1000 1000 0.18 0.66
5 1 20 1000 1000 0.18 0.66
5 1 20 1000 1000 0.18 0.68
8 2 20 1000 1000 0.18 0.68
5 1 20 1000 1000 0.18 0.7
6 1 20 1000 1000 0.18 0.7
5 1 20 1000 1000 0.2 0.5
4 1 20 1000 1000 0.2 0.5
4 1 20 1000 1000 0.2 0.52
4 1 20 1000 1000 0.2 0.52
4 1 20 1000 1000 0.2 0.54
5 1 20 1000 1000 0.2 0.54
4 1 20 1000 1000 0.2 0.56
5 1 20 1000 1000 0.2 0.56
4 1 20 1000 1000 0.2 0.58
5 1 20 1000 1000 0.2 0.58
5 1 20 1000 1000 0.2 0.6
5 1 20 1000 1000 0.2 0.6
5 1 20 1000 1000 0.2 0.62
5 1 20 1000 1000 0.2 0.62
6 1 20 1000 1000 0.2 0.64
5 1 20 1000 1000 0.2 0.64
5 1 20 1000 1000 0.2 0.66
5 1 20 1000 1000 0.2 0.66
6 1 20 1000 1000 0.2 0.68
8 2 20 1000 1000 0.2 0.68
6 1 20 1000 1000 0.2 0.7
5 1 20 1000 1000 0.2 0.7
4 1 20 1000 1000 0.22 0.5
4 1 20 1000 1000 0.22 0.5
4 1 20 1000 1000 0.22 0.52
5 1 20 1000 1000 0.22 0.52
4 1 20 1000 1000 0.22 0.54
5 1 20 1000 1000 0.22 0.54
5 1 20 1000 1000 0.22 0.56
4 1 20 1000 1000 0.22 0.56
5 1 20 1000 1000 0.22 0.58
4 1 20 1000 1000 0.22 0.58
4 1 20 1000 1000 0.22 0.6
5 1 20 1000 1000 0.22 0.6
4 1 20 1000 1000 0.22 0.62
5 1 20 1000 1000 0.22 0.62
5 1 20 1000 1000 0.22 0.64
5 1 20 1000 1000 0.22 0.64
6 1 20 1000 1000 0.22 0.66
4 1 20 1000 1000 0.22 0.66
5 1 20 1000 1000 0.22 0.68
6 1 20 1000 1000 0.22 0.68
5 1 20 1000 1000 0.22 0.7
9 2 20 1000 1000 0.22 0.7
5 1 20 1000 1000 0.24 0.5
5 1 20 1000 1000 0.24 0.5
4 1 20 1000 1000 0.24 0.52
4 1 20 1000 1000 0.24 0.52
4 1 20 1000 1000 0.24 0.54
5 1 20 1000 1000 0.24 0.54
6 1 20 1000 1000 0.24 0.56
5 1 20 1000 1000 0.24 0.56
4 1 20 1000 1000 0.24 0.58
5 1 20 1000 1000 0.24 0.58
4 1 20 1000 1000 0.24 0.6
5 1 20 1000 1000 0.24 0.6
5 1 20 1000 1000 0.24 0.62
5 1 20 1000 1000 0.24 0.62
5 1 20 1000 1000 0.24 0.64
5 1 20 1000 1000 0.24 0.64
4 1 20 1000 1000 0.24 0.66
6 1 20 1000 1000 0.24 0.66
4 1 20 1000 1000 0.24 0.68
5 1 20 1000 1000 0.24 0.68
8 2 20 1000 1000 0.24 0.7
6 1 20 1000 1000 0.24 0.7
4 1 20 1000 1000 0.26 0.5
5 1 20 1000 1000 0.26 0.5
5 1 20 1000 1000 0.26 0.52
4 1 20 1000 1000 0.26 0.52
4 1 20 1000 1000 0.26 0.54
5 1 20 1000 1000 0.26 0.54
5 1 20 1000 1000 0.26 0.56
4 1 20 1000 1000 0.26 0.56
4 1 20 1000 1000 0.26 0.58
4 1 20 1000 1000 0.26 0.58
5 1 20 1000 1000 0.26 0.6
4 1 20 1000 1000 0.26 0.6
4 1 20 1000 1000 0.26 0.62
5 1 20 1000 1000 0.26 0.62
4 1 20 1000 1000 0.26 0.64
6 1 20 1000 1000 0.26 0.64
5 1 20 1000 1000 0.26 0.66
5 1 20 1000 1000 0.26 0.66
8 2 20 1000 1000 0.26 0.68
5 1 20 1000 1000 0.26 0.68
5 1 20 1000 1000 0.26 0.7
5 1 20 1000 1000 0.26 0.7
4 1 20 1000 1000 0.28 0.5
5 1 20 1000 1000 0.28 0.5
5 1 20 1000 1000 0.28 0.52
4 1 20 1000 1000 0.28 0.52
4 1 20 1000 1000 0.28 0.54
5 1 20 1000 1000 0.28 0.54
5 1 20 1000 1000 0.28 0.56
4 1 20 1000 1000 0.28 0.56
5 1 20 1000 1000 0.28 0.58
4 1 20 1000 1000 0.28 0.58
5 1 20 1000 1000 0.28 0.6
4 1 20 1000 1000 0.28 0.6
5 1 20 1000 1000 0.28 0.62
5 1 20 1000 1000 0.28 0.62
5 1 20 1000 1000 0.28 0.64
6 1 20 1000 1000 0.28 0.64
6 1 20 1000 1000 0.28 0.66
5 1 20 1000 1000 0.28 0.66
5 1 20 1000 1000 0.28 0.68
5 1 20 1000 1000 0.28 0.68
5 1 20 1000 1000 0.28 0.7
5 1 20 1000 1000 0.28 0.7
4 1 20 1000 1000 0.3 0.5
5 1 20 1000 1000 0.3 0.5
4 1 20 1000 1000 0.3 0.52
5 1 20 1000 1000 0.3 0.52
5 1 20 1000 1000 0.3 0.54
4 1 20 1000 1000 0.3 0.54
5 1 20 1000 1000 0.3 0.56
5 1 20 1000 1000 0.3 0.56
5 1 20 1000 1000 0.3 0.58
4 1 20 1000 1000 0.3 0.58
4 1 20 1000 1000 0.3 0.6
6 1 20 1000 1000 0.3 0.6
5 1 20 1000 1000 0.3 0.62
4 1 20 1000 1000 0.3 0.62
5 1 20 1000 1000 0.3 0.64
5 1 20 1000 1000 0.3 0.64
5 1 20 1000 1000 0.3 0.66
5 1 20 1000 1000 0.3 0.66
5 1 20 1000 1000 0.3 0.68
5 1 20 1000 1000 0.3 0.68
9 2 20 1000 1000 0.3 0.7
5 1 20 1000 1000 0.3 0.7
7 1 20 1000 10000 0.02 0.5
8 1 20 1000 10000 0.02 0.5
7 1 20 1000 10000 0.02 0.52
8 1 20 1000 10000 0.02 0.52
8 1 20 1000 10000 0.02 0.54
8 1 20 1000 10000 0.02 0.54
7 1 20 1000 10000 0.02 0.56
8 1 20 1000 10000 0.02 0.56
8 1 20 1000 10000 0.02 0.58
8 1 20 1000 10000 0.02 0.58
7 1 20 1000 10000 0.02 0.6
8 1 20 1000 10000 0.02 0.6
8 1 20 1000 10000 0.02 0.62
8 1 20 1000 10000 0.02 0.62
8 1 20 1000 10000 0.02 0.64
7 1 20 1000 10000 0.02 0.64
8 1 20 1000 10000 0.02 0.66
8 1 20 1000 10000 0.02 0.66
8 1 20 1000 10000 0.02 0.68
8 1 20 1000 10000 0.02 0.68
8 1 20 1000 10000 0.02 0.7
9 1 20 1000 10000 0.02 0.7
8 1 20 1000 10000 0.04 0.5
7 1 20 1000 10000 0.04 0.5
7 1 20 1000 10000 0.04 0.52
8 1 20 1000 10000 0.04 0.52
7 1 20 1000 10000 0.04 0.54
8 1 20 1000 10000 0.04 0.54
7 1 20 1000 10000 0.04 0.56
8 1 20 1000 10000 0.04 0.56
7 1 20 1000 10000 0.04 0.58
8 1 20 1000 10000 0.04 0.58
7 1 20 1000 10000 0.04 0.6
8 1 20 1000 10000 0.04 0.6
8 1 20 1000 10000 0.04 0.62
9 1 20 1000 10000 0.04 0.62
9 1 20 1000 10000 0.04 0.64
8 1 20 1000 10000 0.04 0.64
8 1 20 1000 10000 0.04 0.66
8 1 20 1000 10000 0.04 0.66
8 1 20 1000 10000 0.04 0.68
9 1 20 1000 10000 0.04 0.68
17 2 20 1000 10000 0.04 0.7
9 1 20 1000 10000 0.04 0.7
8 1 20 1000 10000 0.06 0.5
7 1 20 1000 10000 0.06 0.5
7 1 20 1000 10000 0.06 0.52
8 1 20 1000 10000 0.06 0.52
8 1 20 1000 10000 0.06 0.54
7 1 20 1000 10000 0.06 0.54
8 1 20 1000 10000 0.06 0.56
7 1 20 1000 10000 0.06 0.56
7 1 20 1000 10000 0.06 0.58
8 1 20 1000 10000 0.06 0.58
7 1 20 1000 10000 0.06 0.6
8 1 20 1000 10000 0.06 0.6
8 1 20 1000 10000 0.06 0.62
9 1 20 1000 10000 0.06 0.62
8 1 20 1000 10000 0.06 0.64
8 1 20 1000 10000 0.06 0.64
8 1 20 1000 10000 0.06 0.66
8 1 20 1000 10000 0.06 0.66
9 1 20 1000 10000 0.06 0.68
8 1 20 1000 10000 0.06 0.68
5 1 20 1000 10000 0.06 0.7
6 1 20 1000 10000 0.06 0.7
5 1 20 1000 10000 0.08 0.5
5 1 20 1000 10000 0.08 0.5
5 1 20 1000 10000 0.08 0.52
5 1 20 1000 10000 0.08 0.52
5 1 20 1000 10000 0.08 0.54
5 1 20 1000 10000 0.08 0.54
5 1 20 1000 10000 0.08 0.56
5 1 20 1000 10000 0.08 0.56
5 1 20 1000 10000 0.08 0.58
5 1 20 1000 10000 0.08 0.58
5 1 20 1000 10000 0.08 0.6
7 1 20 1000 10000 0.08 0.6
6 1 20 1000 10000 0.08 0.62
5 1 20 1000 10000 0.08 0.62
6 1 20 1000 10000 0.08 0.64
5 1 20 1000 10000 0.08 0.64
6 1 20 1000 10000 0.08 0.66
5 1 20 1000 10000 0.08 0.66
5 1 20 1000 10000 0.08 0.68
6 1 20 1000 10000 0.08 0.68
7 1 20 1000 10000 0.08 0.7
5 1 20 1000 10000 0.08 0.7
5 1 20 1000 10000 0.1 0.5
5 1 20 1000 10000 0.1 0.5
5 1 20 1000 10000 0.1 0.52
5 1 20 1000 10000 0.1 0.52
5 1 20 1000 10000 0.1 0.54
5 1 20 1000 10000 0.1 0.54
5 1 20 1000 10000 0.1 0.56
6 1 20 1000 10000 0.1 0.56
5 1 20 1000 10000 0.1 0.58
5 1 20 1000 10000 0.1 0.58
6 1 20 1000 10000 0.1 0.6
5 1 20 1000 10000 0.1 0.6
5 1 20 1000 10000 0.1 0.62
6 1 20 1000 10000 0.1 0.62
5 1 20 1000 10000 0.1 0.64
6 1 20 1000 10000 0.1 0.64
7 1 20 1000 10000 0.1 0.66
5 1 20 1000 10000 0.1 0.66
5 1 20 1000 10000 0.1 0.68
6 1 20 1000 10000 0.1 0.68
5 1 20 1000 10000 0.1 0.7
6 1 20 1000 10000 0.1 0.7
5 1 20 1000 10000 0.12 0.5
6 1 20 1000 10000 0.12 0.5
6 1 20 1000 10000 0.12 0.52
5 1 20 1000 10000 0.12 0.52
5 1 20 1000 10000 0.12 0.54
5 1 20 1000 10000 0.12 0.54
6 1 20 1000 10000 0.12 0.56
5 1 20 1000 10000 0.12 0.56
5 1 20 1000 10000 0.12 0.58
5 1 20 1000 10000 0.12 0.58
7 1 20 1000 10000 0.12 0.6
5 1 20 1000 10000 0.12 0.6
5 1 20 1000 10000 0.12 0.62
6 1 20 1000 10000 0.12 0.62
5 1 20 1000 10000 0.12 0.64
6 1 20 1000 10000 0.12 0.64
5 1 20 1000 10000 0.12 0.66
7 1 20 1000 10000 0.12 0.66
9 2 20 1000 10000 0.12 0.68
6 1 20 1000 10000 0.12 0.68
6 1 20 1000 10000 0.12 0.7
10 2 20 1000 10000 0.12 0.7
5 1 20 1000 10000 0.14 0.5
5 1 20 1000 10000 0.14 0.5
5 1 20 1000 10000 0.14 0.52
5 1 20 1000 10000 0.14 0.52
6 1 20 1000 10000 0.14 0.54
5 1 20 1000 10000 0.14 0.54
5 1 20 1000 10000 0.14 0.56
6 1 20 1000 10000 0.14 0.56
5 1 20 1000 10000 0.14 0.58
5 1 20 1000 10000 0.14 0.58
5 1 20 1000 10000 0.14 0.6
6 1 20 1000 10000 0.14 0.6
6 1 20 1000 10000 0.14 0.62
5 1 20 1000 10000 0.14 0.62
5 1 20 1000 10000 0.14 0.64
6 1 20 1000 10000 0.14 0.64
6 1 20 1000 10000 0.14 0.66
6 1 20 1000 10000 0.14 0.66
6 1 20 1000 10000 0.14 0.68
6 1 20 1000 10000 0.14 0.68
6 1 20 1000 10000 0.14 0.7
6 1 20 1000 10000 0.14 0.7
5 1 20 1000 10000 0.16 0.5
5 1 20 1000 10000 0.16 0.5
6 1 20 1000 10000 0.16 0.52
5 1 20 1000 10000 0.16 0.52
5 1 20 1000 10000 0.16 0.54
5 1 20 1000 10000 0.16 0.54
5 1 20 1000 10000 0.16 0.56
5 1 20 1000 10000 0.16 0.56
5 1 20 1000 10000 0.16 0.58
5 1 20 1000 10000 0.16 0.58
5 1 20 1000 10000 0.16 0.6
5 1 20 1000 10000 0.16 0.6
6 1 20 1000 10000 0.16 0.62
5 1 20 1000 10000 0.16 0.62
5 1 20 1000 10000 0.16 0.64
6 1 20 1000 10000 0.16 0.64
6 1 20 1000 10000 0.16 0.66
5 1 20 1000 10000 0.16 0.66
7 1 20 1000 10000 0.16 0.68
5 1 20 1000 10000 0.16 0.68
6 1 20 1000 10000 0.16 0.7
10 2 20 1000 10000 0.16 0.7
5 1 20 1000 10000 0.18 0.5
5 1 20 1000 10000 0.18 0.5
5 1 20 1000 10000 0.18 0.52
5 1 20 1000 10000 0.18 0.52
5 1 20 1000 10000 0.18 0.54
5 1 20 1000 10000 0.18 0.54
6 1 20 1000 10000 0.18 0.56
5 1 20 1000 10000 0.18 0.56
5 1 20 1000 10000 0.18 0.58
5 1 20 1000 10000 0.18 0.58
5 1 20 1000 10000 0.18 0.6
5 1 20 1000 10000 0.18 0.6
5 1 20 1000 10000 0.18 0.62
6 1 20 1000 10000 0.18 0.62
5 1 20 1000 10000 0.18 0.64
6 1 20 1000 10000 0.18 0.64
5 1 20 1000 10000 0.18 0.66
7 1 20 1000 10000 0.18 0.66
5 1 20 1000 10000 0.18 0.68
6 1 20 1000 10000 0.18 0.68
10 2 20 1000 10000 0.18 0.7
5 1 20 1000 10000 0.18 0.7
5 1 20 1000 10000 0.2 0.5
5 1 20 1000 10000 0.2 0.5
5 1 20 1000 10000 0.2 0.52
5 1 20 1000 10000 0.2 0.52
5 1 20 1000 10000 0.2 0.54
6 1 20 1000 10000 0.2 0.54
6 1 20 1000 10000 0.2 0.56
5 1 20 1000 10000 0.2 0.56
5 1 20 1000 10000 0.2 0.58
7 1 20 1000 10000 0.2 0.58
6 1 20 1000 10000 0.2 0.6
5 1 20 1000 10000 0.2 0.6
5 1 20 1000 10000 0.2 0.62
5 1 20 1000 10000 0.2 0.62
5 1 20 1000 10000 0.2 0.64
5 1 20 1000 10000 0.2 0.64
5 1 20 1000 10000 0.2 0.66
6 1 20 1000 10000 0.2 0.66
6 1 20 1000 10000 0.2 0.68
5 1 20 1000 10000 0.2 0.68
5 1 20 1000 10000 0.2 0.7
6 1 20 1000 10000 0.2 0.7
5 1 20 1000 10000 0.22 0.5
6 1 20 1000 10000 0.22 0.5
5 1 20 1000 10000 0.22 0.52
6 1 20 1000 10000 0.22 0.52
5 1 20 1000 10000 0.22 0.54
6 1 20 1000 10000 0.22 0.54
5 1 20 1000 10000 0.22 0.56
6 1 20 1000 10000 0.22 0.56
6 1 20 1000 10000 0.22 0.58
5 1 20 1000 10000 0.22 0.58
6 1 20 1000 10000 0.22 0.6
6 1 20 1000 10000 0.22 0.6
5 1 20 1000 10000 0.22 0.62
6 1 20 1000 10000 0.22 0.62
5 1 20 1000 10000 0.22 0.64
6 1 20 1000 10000 0.22 0.64
5 1 20 1000 10000 0.22 0.66
6 1 20 1000 10000 0.22 0.66
5 1 20 1000 10000 0.22 0.68
6 1 20 1000 10000 0.22 0.68
10 2 20 1000 10000 0.22 0.7
6 1 20 1000 10000 0.22 0.7
5 1 20 1000 10000 0.24 0.5
6 1 20 1000 10000 0.24 0.5
5 1 20 1000 10000 0.24 0.52
5 1 20 1000 10000 0.24 0.52
5 1 20 1000 10000 0.24 0.54
5 1 20 1000 10000 0.24 0.54
6 1 20 1000 10000 0.24 0.56
5 1 20 1000 10000 0.24 0.56
5 1 20 1000 10000 0.24 0.58
5 1 20 1000 10000 0.24 0.58
5 1 20 1000 10000 0.24 0.6
5 1 20 1000 10000 0.24 0.6
5 1 20 1000 10000 0.24 0.62
5 1 20 1000 10000 0.24 0.62
5 1 20 1000 10000 0.24 0.64
6 1 20 1000 10000 0.24 0.64
6 1 20 1000 10000 0.24 0.66
6 1 20 1000 10000 0.24 0.66
5 1 20 1000 10000 0.24 0.68
6 1 20 1000 10000 0.24 0.68
5 1 20 1000 10000 0.24 0.7
10 2 20 1000 10000 0.24 0.7
5 1 20 1000 10000 0.26 0.5
6 1 20 1000 10000 0.26 0.5
5 1 20 1000 10000 0.26 0.52
7 1 20 1000 10000 0.26 0.52
5 1 20 1000 10000 0.26 0.54
5 1 20 1000 10000 0.26 0.54
5 1 20 1000 10000 0.26 0.56
5 1 20 1000 10000 0.26 0.56
5 1 20 1000 10000 0.26 0.58
5 1 20 1000 10000 0.26 0.58
5 1 20 1000 10000 0.26 0.6
6 1 20 1000 10000 0.26 0.6
5 1 20 1000 10000 0.26 0.62
5 1 20 1000 10000 0.26 0.62
5 1 20 1000 10000 0.26 0.64
6 1 20 1000 10000 0.26 0.64
6 1 20 1000 10000 0.26 0.66
8 1 20 1000 10000 0.26 0.66
5 1 20 1000 10000 0.26 0.68
6 1 20 1000 10000 0.26 0.68
9 2 20 1000 10000 0.26 0.7
6 1 20 1000 10000 0.26 0.7
5 1 20 1000 10000 0.28 0.5
5 1 20 1000 10000 0.28 0.5
5 1 20 1000 10000 0.28 0.52
5 1 20 1000 10000 0.28 0.52
5 1 20 1000 10000 0.28 0.54
5 1 20 1000 10000 0.28 0.54
5 1 20 1000 10000 0.28 0.56
6 1 20 1000 10000 0.28 0.56
5 1 20 1000 10000 0.28 0.58
6 1 20 1000 10000 0.28 0.58
6 1 20 1000 10000 0.28 0.6
5 1 20 1000 10000 0.28 0.6
7 1 20 1000 10000 0.28 0.62
5 1 20 1000 10000 0.28 0.62
6 1 20 1000 10000 0.28 0.64
6 1 20 1000 10000 0.28 0.64
5 1 20 1000 10000 0.28 0.66
6 1 20 1000 10000 0.28 0.66
9 2 20 1000 10000 0.28 0.68
11 2 20 1000 10000 0.28 0.68
6 1 20 1000 10000 0.28 0.7
6 1 20 1000 10000 0.28 0.7
5 1 20 1000 10000 0.3 0.5
5 1 20 1000 10000 0.3 0.5
5 1 20 1000 10000 0.3 0.52
6 1 20 1000 10000 0.3 0.52
5 1 20 1000 10000 0.3 0.54
6 1 20 1000 10000 0.3 0.54
5 1 20 1000 10000 0.3 0.56
6 1 20 1000 10000 0.3 0.56
5 1 20 1000 10000 0.3 0.58
6 1 20 1000 10000 0.3 0.58
5 1 20 1000 10000 0.3 0.6
5 1 20 1000 10000 0.3 0.6
5 1 20 1000 10000 0.3 0.62
5 1 20 1000 10000 0.3 0.62
6 1 20 1000 10000 0.3 0.64
5 1 20 1000 10000 0.3 0.64
6 1 20 1000 10000 0.3 0.66
6 1 20 1000 10000 0.3 0.66
5 1 20 1000 10000 0.3 0.68
6 1 20 1000 10000 0.3 0.68
6 1 20 1000 10000 0.3 0.7
6 1 20 1000 10000 0.3 0.7
17 1 20 1000 100000 0.02 0.5
30 1 20 1000 100000 0.02 0.5
17 1 20 1000 100000 0.02 0.52
17 1 20 1000 100000 0.02 0.52
17 1 20 1000 100000 0.02 0.54
17 1 20 1000 100000 0.02 0.54
17 1 20 1000 100000 0.02 0.56
17 1 20 1000 100000 0.02 0.56
30 1 20 1000 100000 0.02 0.58
17 1 20 1000 100000 0.02 0.58
17 1 20 1000 100000 0.02 0.6
18 1 20 1000 100000 0.02 0.6
18 1 20 1000 100000 0.02 0.62
17 1 20 1000 100000 0.02 0.62
17 1 20 1000 100000 0.02 0.64
27 1 20 1000 100000 0.02 0.64
18 1 20 1000 100000 0.02 0.66
18 1 20 1000 100000 0.02 0.66
18 1 20 1000 100000 0.02 0.68
18 1 20 1000 100000 0.02 0.68
18 1 20 1000 100000 0.02 0.7
39 2 20 1000 100000 0.02 0.7
21 1 20 1000 100000 0.04 0.5
23 1 20 1000 100000 0.04 0.5
18 1 20 1000 100000 0.04 0.52
17 1 20 1000 100000 0.04 0.52
17 1 20 1000 100000 0.04 0.54
17 1 20 1000 100000 0.04 0.54
17 1 20 1000 100000 0.04 0.56
18 1 20 1000 100000 0.04 0.56
17 1 20 1000 100000 0.04 0.58
24 1 20 1000 100000 0.04 0.58
17 1 20 1000 100000 0.04 0.6
18 1 20 1000 100000 0.04 0.6
18 1 20 1000 100000 0.04 0.62
17 1 20 1000 100000 0.04 0.62
18 1 20 1000 100000 0.04 0.64
17 1 20 1000 100000 0.04 0.64
18 1 20 1000 100000 0.04 0.66
19 1 20 1000 100000 0.04 0.66
55 2 20 1000 100000 0.04 0.68
18 1 20 1000 100000 0.04 0.68
19 1 20 1000 100000 0.04 0.7
18 1 20 1000 100000 0.04 0.7
17 1 20 1000 100000 0.06 0.5
17 1 20 1000 100000 0.06 0.5
17 1 20 1000 100000 0.06 0.52
17 1 20 1000 100000 0.06 0.52
17 1 20 1000 100000 0.06 0.54
17 1 20 1000 100000 0.06 0.54
24 1 20 1000 100000 0.06 0.56
17 1 20 1000 100000 0.06 0.56
17 1 20 1000 100000 0.06 0.58
17 1 20 1000 100000 0.06 0.58
17 1 20 1000 100000 0.06 0.6
18 1 20 1000 100000 0.06 0.6
18 1 20 1000 100000 0.06 0.62
18 1 20 1000 100000 0.06 0.62
18 1 20 1000 100000 0.06 0.64
17 1 20 1000 100000 0.06 0.64
17 1 20 1000 100000 0.06 0.66
22 1 20 1000 100000 0.06 0.66
30 1 20 1000 100000 0.06 0.68
18 1 20 1000 100000 0.06 0.68
19 1 20 1000 100000 0.06 0.7
42 2 20 1000 100000 0.06 0.7
18 1 20 1000 100000 0.08 0.5
17 1 20 1000 100000 0.08 0.5
17 1 20 1000 100000 0.08 0.52
17 1 20 1000 100000 0.08 0.52
17 1 20 1000 100000 0.08 0.54
17 1 20 1000 100000 0.08 0.54
17 1 20 1000 100000 0.08 0.56
28 1 20 1000 100000 0.08 0.56
17 1 20 1000 100000 0.08 0.58
18 1 20 1000 100000 0.08 0.58
17 1 20 1000 100000 0.08 0.6
18 1 20 1000 100000 0.08 0.6
18 1 20 1000 100000 0.08 0.62
18 1 20 1000 100000 0.08 0.62
17 1 20 1000 100000 0.08 0.64
20 1 20 1000 100000 0.08 0.64
18 1 20 1000 100000 0.08 0.66
18 1 20 1000 100000 0.08 0.66
18 1 20 1000 100000 0.08 0.68
19 1 20 1000 100000 0.08 0.68
23 1 20 1000 100000 0.08 0.7
49 2 20 1000 100000 0.08 0.7
17 1 20 1000 100000 0.1 0.5
17 1 20 1000 100000 0.1 0.5
17 1 20 1000 100000 0.1 0.52
17 1 20 1000 100000 0.1 0.52
17 1 20 1000 100000 0.1 0.54
17 1 20 1000 100000 0.1 0.54
17 1 20 1000 100000 0.1 0.56
17 1 20 1000 100000 0.1 0.56
17 1 20 1000 100000 0.1 0.58
18 1 20 1000 100000 0.1 0.58
18 1 20 1000 100000 0.1 0.6
18 1 20 1000 100000 0.1 0.6
24 1 20 1000 100000 0.1 0.62
18 1 20 1000 100000 0.1 0.62
18 1 20 1000 100000 0.1 0.64
18 1 20 1000 100000 0.1 0.64
19 1 20 1000 100000 0.1 0.66
17 1 20 1000 100000 0.1 0.66
18 1 20 1000 100000 0.1 0.68
17 1 20 1000 100000 0.1 0.68
18 1 20 1000 100000 0.1 0.7
17 1 20 1000 100000 0.1 0.7
17 1 20 1000 100000 0.12 0.5
17 1 20 1000 100000 0.12 0.5
18 1 20 1000 100000 0.12 0.52
17 1 20 1000 100000 0.12 0.52
18 1 20 1000 100000 0.12 0.54
21 1 20 1000 100000 0.12 0.54
24 1 20 1000 100000 0.12 0.56
23 1 20 1000 100000 0.12 0.56
17 1 20 1000 100000 0.12 0.58
18 1 20 1000 100000 0.12 0.58
18 1 20 1000 100000 0.12 0.6
17 1 20 1000 100000 0.12 0.6
18 1 20 1000 100000 0.12 0.62
18 1 20 1000 100000 0.12 0.62
17 1 20 1000 100000 0.12 0.64
18 1 20 1000 100000 0.12 0.64
18 1 20 1000 100000 0.12 0.66
18 1 20 1000 100000 0.12 0.66
18 1 20 1000 100000 0.12 0.68
18 1 20 1000 100000 0.12 0.68
18 1 20 1000 100000 0.12 0.7
39 2 20 1000 100000 0.12 0.7
17 1 20 1000 100000 0.14 0.5
20 1 20 1000 100000 0.14 0.5
18 1 20 1000 100000 0.14 0.52
17 1 20 1000 100000 0.14 0.52
16 1 20 1000 100000 0.14 0.54
18 1 20 1000 100000 0.14 0.54
17 1 20 1000 100000 0.14 0.56
17 1 20 1000 100000 0.14 0.56
17 1 20 1000 100000 0.14 0.58
17 1 20 1000 100000 0.14 0.58
17 1 20 1000 100000 0.14 0.6
17 1 20 1000 100000 0.14 0.6
17 1 20 1000 100000 0.14 0.62
18 1 20 1000 100000 0.14 0.62
18 1 20 1000 100000 0.14 0.64
17 1 20 1000 100000 0.14 0.64
19 1 20 1000 100000 0.14 0.66
17 1 20 1000 100000 0.14 0.66
21 1 20 1000 100000 0.14 0.68
25 1 20 1000 100000 0.14 0.68
29 1 20 1000 100000 0.14 0.7
17 1 20 1000 100000 0.14 0.7
17 1 20 1000 100000 0.16 0.5
17 1 20 1000 100000 0.16 0.5
17 1 20 1000 100000 0.16 0.52
17 1 20 1000 100000 0.16 0.52
17 1 20 1000 100000 0.16 0.54
17 1 20 1000 100000 0.16 0.54
17 1 20 1000 100000 0.16 0.56
17 1 20 1000 100000 0.16 0.56
19 1 20 1000 100000 0.16 0.58
17 1 20 1000 100000 0.16 0.58
17 1 20 1000 100000 0.16 0.6
17 1 20 1000 100000 0.16 0.6
17 1 20 1000 100000 0.16 0.62
18 1 20 1000 100000 0.16 0.62
18 1 20 1000 100000 0.16 0.64
19 1 20 1000 100000 0.16 0.64
19 1 20 1000 100000 0.16 0.66
27 1 20 1000 100000 0.16 0.66
18 1 20 1000 100000 0.16 0.68
19 1 20 1000 100000 0.16 0.68
38 2 20 1000 100000 0.16 0.7
18 1 20 1000 100000 0.16 0.7
18 1 20 1000 100000 0.18 0.5
17 1 20 1000 100000 0.18 0.5
17 1 20 1000 100000 0.18 0.52
17 1 20 1000 100000 0.18 0.52
17 1 20 1000 100000 0.18 0.54
17 1 20 1000 100000 0.18 0.54
17 1 20 1000 100000 0.18 0.56
17 1 20 1000 100000 0.18 0.56
17 1 20 1000 100000 0.18 0.58
17 1 20 1000 100000 0.18 0.58
17 1 20 1000 100000 0.18 0.6
17 1 20 1000 100000 0.18 0.6
18 1 20 1000 100000 0.18 0.62
17 1 20 1000 100000 0.18 0.62
18 1 20 1000 100000 0.18 0.64
19 1 20 1000 100000 0.18 0.64
18 1 20 1000 100000 0.18 0.66
18 1 20 1000 100000 0.18 0.66
19 1 20 1000 100000 0.18 0.68
17 1 20 1000 100000 0.18 0.68
18 1 20 1000 100000 0.18 0.7
38 2 20 1000 100000 0.18 0.7
16 1 20 1000 100000 0.2 0.5
18 1 20 1000 100000 0.2 0.5
17 1 20 1000 100000 0.2 0.52
17 1 20 1000 100000 0.2 0.52
17 1 20 1000 100000 0.2 0.54
17 1 20 1000 100000 0.2 0.54
17 1 20 1000 100000 0.2 0.56
18 1 20 1000 100000 0.2 0.56
17 1 20 1000 100000 0.2 0.58
18 1 20 1000 100000 0.2 0.58
21 1 20 1000 100000 0.2 0.6
17 1 20 1000 100000 0.2 0.6
17 1 20 1000 100000 0.2 0.62
17 1 20 1000 100000 0.2 0.62
17 1 20 1000 100000 0.2 0.64
18 1 20 1000 100000 0.2 0.64
18 1 20 1000 100000 0.2 0.66
18 1 20 1000 100000 0.2 0.66
17 1 20 1000 100000 0.2 0.68
19 1 20 1000 100000 0.2 0.68
39 2 20 1000 100000 0.2 0.7
19 1 20 1000 100000 0.2 0.7
16 1 20 1000 100000 0.22 0.5
18 1 20 1000 100000 0.22 0.5
17 1 20 1000 100000 0.22 0.52
16 1 20 1000 100000 0.22 0.52
17 1 20 1000 100000 0.22 0.54
17 1 20 1000 100000 0.22 0.54
25 1 20 1000 100000 0.22 0.56
19 1 20 1000 100000 0.22 0.56
18 1 20 1000 100000 0.22 0.58
16 1 20 1000 100000 0.22 0.58
18 1 20 1000 100000 0.22 0.6
18 1 20 1000 100000 0.22 0.6
18 1 20 1000 100000 0.22 0.62
18 1 20 1000 100000 0.22 0.62
17 1 20 1000 100000 0.22 0.64
18 1 20 1000 100000 0.22 0.64
19 1 20 1000 100000 0.22 0.66
17 1 20 1000 100000 0.22 0.66
37 2 20 1000 100000 0.22 0.68
39 2 20 1000 100000 0.22 0.68
19 1 20 1000 100000 0.22 0.7
18 1 20 1000 100000 0.22 0.7
17 1 20 1000 100000 0.24 0.5
17 1 20 1000 100000 0.24 0.5
25 1 20 1000 100000 0.24 0.52
17 1 20 1000 100000 0.24 0.52
17 1 20 1000 100000 0.24 0.54
18 1 20 1000 100000 0.24 0.54
18 1 20 1000 100000 0.24 0.56
18 1 20 1000 100000 0.24 0.56
17 1 20 1000 100000 0.24 0.58
17 1 20 1000 100000 0.24 0.58
17 1 20 1000 100000 0.24 0.6
18 1 20 1000 100000 0.24 0.6
18 1 20 1000 100000 0.24 0.62
17 1 20 1000 100000 0.24 0.62
17 1 20 1000 100000 0.24 0.64
19 1 20 1000 100000 0.24 0.64
18 1 20 1000 100000 0.24 0.66
18 1 20 1000 100000 0.24 0.66
19 1 20 1000 100000 0.24 0.68
17 1 20 1000 100000 0.24 0.68
38 2 20 1000 100000 0.24 0.7
27 1 20 1000 100000 0.24 0.7
17 1 20 1000 100000 0.26 0.5
17 1 20 1000 100000 0.26 0.5
17 1 20 1000 100000 0.26 0.52
18 1 20 1000 100000 0.26 0.52
17 1 20 1000 100000 0.26 0.54
17 1 20 1000 100000 0.26 0.54
17 1 20 1000 100000 0.26 0.56
17 1 20 1000 100000 0.26 0.56
18 1 20 1000 100000 0.26 0.58
17 1 20 1000 100000 0.26 0.58
17 1 20 1000 100000 0.26 0.6
18 1 20 1000 100000 0.26 0.6
19 1 20 1000 100000 0.26 0.62
17 1 20 1000 100000 0.26 0.62
17 1 20 1000 100000 0.26 0.64
19 1 20 1000 100000 0.26 0.64
17 1 20 1000 100000 0.26 0.66
19 1 20 1000 100000 0.26 0.66
19 1 20 1000 100000 0.26 0.68
18 1 20 1000 100000 0.26 0.68
18 1 20 1000 100000 0.26 0.7
18 1 20 1000 100000 0.26 0.7
17 1 20 1000 100000 0.28 0.5
17 1 20 1000 100000 0.28 0.5
17 1 20 1000 100000 0.28 0.52
17 1 20 1000 100000 0.28 0.52
17 1 20 1000 100000 0.28 0.54
17 1 20 1000 100000 0.28 0.54
17 1 20 1000 100000 0.28 0.56
18 1 20 1000 100000 0.28 0.56
17 1 20 1000 100000 0.28 0.58
17 1 20 1000 100000 0.28 0.58
17 1 20 1000 100000 0.28 0.6
18 1 20 1000 100000 0.28 0.6
18 1 20 1000 100000 0.28 0.62
17 1 20 1000 100000 0.28 0.62
17 1 20 1000 100000 0.28 0.64
26 1 20 1000 100000 0.28 0.64
18 1 20 1000 100000 0.28 0.66
17 1 20 1000 100000 0.28 0.66
19 1 20 1000 100000 0.28 0.68
18 1 20 1000 100000 0.28 0.68
17 1 20 1000 100000 0.28 0.7
18 1 20 1000 100000 0.28 0.7
17 1 20 1000 100000 0.3 0.5
17 1 20 1000 100000 0.3 0.5
17 1 20 1000 100000 0.3 0.52
17 1 20 1000 100000 0.3 0.52
18 1 20 1000 100000 0.3 0.54
17 1 20 1000 100000 0.3 0.54
17 1 20 1000 100000 0.3 0.56
18 1 20 1000 100000 0.3 0.56
18 1 20 1000 100000 0.3 0.58
17 1 20 1000 100000 0.3 0.58
18 1 20 1000 100000 0.3 0.6
17 1 20 1000 100000 0.3 0.6
20 1 20 1000 100000 0.3 0.62
17 1 20 1000 100000 0.3 0.62
18 1 20 1000 100000 0.3 0.64
18 1 20 1000 100000 0.3 0.64
18 1 20 1000 100000 0.3 0.66
17 1 20 1000 100000 0.3 0.66
18 1 20 1000 100000 0.3 0.68
17 1 20 1000 100000 0.3 0.68
40 2 20 1000 100000 0.3 0.7
18 1 20 1000 100000 0.3 0.7
69 1 20 10000 100 0.02 0.5
68 1 20 10000 100 0.02 0.5
67 1 20 10000 100 0.02 0.52
67 1 20 10000 100 0.02 0.52
70 1 20 10000 100 0.02 0.54
67 1 20 10000 100 0.02 0.54
71 1 20 10000 100 0.02 0.56
67 1 20 10000 100 0.02 0.56
68 1 20 10000 100 0.02 0.58
71 1 20 10000 100 0.02 0.58
66 1 20 10000 100 0.02 0.6
68 1 20 10000 100 0.02 0.6
69 1 20 10000 100 0.02 0.62
71 1 20 10000 100 0.02 0.62
69 1 20 10000 100 0.02 0.64
69 1 20 10000 100 0.02 0.64
67 1 20 10000 100 0.02 0.66
68 1 20 10000 100 0.02 0.66
66 1 20 10000 100 0.02 0.68
70 1 20 10000 100 0.02 0.68
70 1 20 10000 100 0.02 0.7
69 1 20 10000 100 0.02 0.7
69 1 20 10000 100 0.04 0.5
70 1 20 10000 100 0.04 0.5
69 1 20 10000 100 0.04 0.52
68 1 20 10000 100 0.04 0.52
69 1 20 10000 100 0.04 0.54
70 1 20 10000 100 0.04 0.54
69 1 20 10000 100 0.04 0.56
67 1 20 10000 100 0.04 0.56
69 1 20 10000 100 0.04 0.58
67 1 20 10000 100 0.04 0.58
70 1 20 10000 100 0.04 0.6
69 1 20 10000 100 0.04 0.6
69 1 20 10000 100 0.04 0.62
67 1 20 10000 100 0.04 0.62
72 1 20 10000 100 0.04 0.64
70 1 20 10000 100 0.04 0.64
68 1 20 10000 100 0.04 0.66
68 1 20 10000 100 0.04 0.66
65 1 20 10000 100 0.04 0.68
69 1 20 10000 100 0.04 0.68
73 1 20 10000 100 0.04 0.7
69 1 20 10000 100 0.04 0.7
68 1 20 10000 100 0.06 0.5
68 1 20 10000 100 0.06 0.5
67 1 20 10000 100 0.06 0.52
70 1 20 10000 100 0.06 0.52
71 1 20 10000 100 0.06 0.54
67 1 20 10000 100 0.06 0.54
21 0 20 10000 100 0.06 0.56
69 1 20 10000 100 0.06 0.56
69 1 20 10000 100 0.06 0.58
66 1 20 10000 100 0.06 0.58
68 1 20 10000 100 0.06 0.6
71 1 20 10000 100 0.06 0.6
67 1 20 10000 100 0.06 0.62
71 1 20 10000 100 0.06 0.62
