9 23 10 10 10 0.1 0.5
14 51 10 10 10 0.1 0.5
17 32 10 10 10 0.1 0.5
10 47 10 10 10 0.1 0.5
26 37 10 10 10 0.1 0.5
7 26 10 10 10 0.1 0.5
5 26 10 10 10 0.1 0.55
2 16 10 10 10 0.1 0.55
1 6 10 10 10 0.1 0.55
1 6 10 10 10 0.1 0.55
3 23 10 10 10 0.1 0.55
0 1 10 10 10 0.1 0.55
0 1 10 10 10 0.1 0.6
3 11 10 10 10 0.1 0.6
2 12 10 10 10 0.1 0.6
3 7 10 10 10 0.1 0.6
1 6 10 10 10 0.1 0.6
6 18 10 10 10 0.1 0.6
1 3 10 10 10 0.1 0.65
2 12 10 10 10 0.1 0.65
2 8 10 10 10 0.1 0.65
1 12 10 10 10 0.1 0.65
1 8 10 10 10 0.1 0.65
2 16 10 10 10 0.1 0.65
1 7 10 10 10 0.1 0.7
1 5 10 10 10 0.1 0.7
2 7 10 10 10 0.1 0.7
1 9 10 10 10 0.1 0.7
1 7 10 10 10 0.1 0.7
2 17 10 10 10 0.1 0.7
1 2 10 10 10 0.1 0.75
2 19 10 10 10 0.1 0.75
1 5 10 10 10 0.1 0.75
1 2 10 10 10 0.1 0.75
6 13 10 10 10 0.1 0.75
2 13 10 10 10 0.1 0.75
0 2 10 10 10 0.1 0.8
2 12 10 10 10 0.1 0.8
0 2 10 10 10 0.1 0.8
1 4 10 10 10 0.1 0.8
1 3 10 10 10 0.1 0.8
1 5 10 10 10 0.1 0.8
1 9 10 10 10 0.1 0.85
1 6 10 10 10 0.1 0.85
1 1 10 10 10 0.1 0.85
0 5 10 10 10 0.1 0.85
1 6 10 10 10 0.1 0.85
1 8 10 10 10 0.1 0.85
1 7 10 10 10 0.1 0.9
1 7 10 10 10 0.1 0.9
2 16 10 10 10 0.1 0.9
2 16 10 10 10 0.1 0.9
1 8 10 10 10 0.1 0.9
1 12 10 10 10 0.1 0.9
1 5 10 10 10 0.1 0.95
3 16 10 10 10 0.1 0.95
5 32 10 10 10 0.1 0.95
1 6 10 10 10 0.1 0.95
2 21 10 10 10 0.1 0.95
3 19 10 10 10 0.1 0.95
4 30 10 10 10 0.15 0.5
1 8 10 10 10 0.15 0.5
2 14 10 10 10 0.15 0.5
3 29 10 10 10 0.15 0.5
7 29 10 10 10 0.15 0.5
2 14 10 10 10 0.15 0.5
3 12 10 10 10 0.15 0.55
0 1 10 10 10 0.15 0.55
3 7 10 10 10 0.15 0.55
1 1 10 10 10 0.15 0.55
2 9 10 10 10 0.15 0.55
1 7 10 10 10 0.15 0.55
1 5 10 10 10 0.15 0.6
1 2 10 10 10 0.15 0.6
2 11 10 10 10 0.15 0.6
0 3 10 10 10 0.15 0.6
0 2 10 10 10 0.15 0.6
2 20 10 10 10 0.15 0.6
1 7 10 10 10 0.15 0.65
0 4 10 10 10 0.15 0.65
0 1 10 10 10 0.15 0.65
2 11 10 10 10 0.15 0.65
0 1 10 10 10 0.15 0.65
2 25 10 10 10 0.15 0.65
0 1 10 10 10 0.15 0.7
1 2 10 10 10 0.15 0.7
1 9 10 10 10 0.15 0.7
1 4 10 10 10 0.15 0.7
1 6 10 10 10 0.15 0.7
0 3 10 10 10 0.15 0.7
0 1 10 10 10 0.15 0.75
1 4 10 10 10 0.15 0.75
1 5 10 10 10 0.15 0.75
1 5 10 10 10 0.15 0.75
1 12 10 10 10 0.15 0.75
0 2 10 10 10 0.15 0.75
1 9 10 10 10 0.15 0.8
1 6 10 10 10 0.15 0.8
1 7 10 10 10 0.15 0.8
2 11 10 10 10 0.15 0.8
0 4 10 10 10 0.15 0.8
1 8 10 10 10 0.15 0.8
0 5 10 10 10 0.15 0.85
1 4 10 10 10 0.15 0.85
3 24 10 10 10 0.15 0.85
1 1 10 10 10 0.15 0.85
2 16 10 10 10 0.15 0.85
0 2 10 10 10 0.15 0.85
1 2 10 10 10 0.15 0.9
1 6 10 10 10 0.15 0.9
1 11 10 10 10 0.15 0.9
2 17 10 10 10 0.15 0.9
1 5 10 10 10 0.15 0.9
5 7 10 10 10 0.15 0.9
0 9 10 10 10 0.15 0.95
1 16 10 10 10 0.15 0.95
0 3 10 10 10 0.15 0.95
1 12 10 10 10 0.15 0.95
0 4 10 10 10 0.15 0.95
0 5 10 10 10 0.15 0.95
0 4 10 10 10 0.2 0.5
1 32 10 10 10 0.2 0.5
0 1 10 10 10 0.2 0.5
1 30 10 10 10 0.2 0.5
0 17 10 10 10 0.2 0.5
0 4 10 10 10 0.2 0.5
0 2 10 10 10 0.2 0.55
0 9 10 10 10 0.2 0.55
0 7 10 10 10 0.2 0.55
0 10 10 10 10 0.2 0.55
1 4 10 10 10 0.2 0.55
0 6 10 10 10 0.2 0.55
0 3 10 10 10 0.2 0.6
1 3 10 10 10 0.2 0.6
0 1 10 10 10 0.2 0.6
1 4 10 10 10 0.2 0.6
0 5 10 10 10 0.2 0.6
0 2 10 10 10 0.2 0.6
0 1 10 10 10 0.2 0.65
0 3 10 10 10 0.2 0.65
0 5 10 10 10 0.2 0.65
0 4 10 10 10 0.2 0.65
0 8 10 10 10 0.2 0.65
1 3 10 10 10 0.2 0.65
0 0 10 10 10 0.2 0.7
0 9 10 10 10 0.2 0.7
0 1 10 10 10 0.2 0.7
0 6 10 10 10 0.2 0.7
1 6 10 10 10 0.2 0.7
0 6 10 10 10 0.2 0.7
0 3 10 10 10 0.2 0.75
1 9 10 10 10 0.2 0.75
1 4 10 10 10 0.2 0.75
0 8 10 10 10 0.2 0.75
0 6 10 10 10 0.2 0.75
0 1 10 10 10 0.2 0.75
0 4 10 10 10 0.2 0.8
0 4 10 10 10 0.2 0.8
0 6 10 10 10 0.2 0.8
0 6 10 10 10 0.2 0.8
0 5 10 10 10 0.2 0.8
1 6 10 10 10 0.2 0.8
0 9 10 10 10 0.2 0.85
1 4 10 10 10 0.2 0.85
1 11 10 10 10 0.2 0.85
0 2 10 10 10 0.2 0.85
0 8 10 10 10 0.2 0.85
0 5 10 10 10 0.2 0.85
0 8 10 10 10 0.2 0.9
0 9 10 10 10 0.2 0.9
1 25 10 10 10 0.2 0.9
0 9 10 10 10 0.2 0.9
0 4 10 10 10 0.2 0.9
1 16 10 10 10 0.2 0.9
0 8 10 10 10 0.2 0.95
1 2 10 10 10 0.2 0.95
0 4 10 10 10 0.2 0.95
1 16 10 10 10 0.2 0.95
1 27 10 10 10 0.2 0.95
1 14 10 10 10 0.2 0.95
0 3 10 10 10 0.25 0.5
0 5 10 10 10 0.25 0.5
0 6 10 10 10 0.25 0.5
2 5 10 10 10 0.25 0.5
2 11 10 10 10 0.25 0.5
0 6 10 10 10 0.25 0.5
0 3 10 10 10 0.25 0.55
1 12 10 10 10 0.25 0.55
0 3 10 10 10 0.25 0.55
0 9 10 10 10 0.25 0.55
1 20 10 10 10 0.25 0.55
0 7 10 10 10 0.25 0.55
0 19 10 10 10 0.25 0.6
1 14 10 10 10 0.25 0.6
0 4 10 10 10 0.25 0.6
2 18 10 10 10 0.25 0.6
0 3 10 10 10 0.25 0.6
1 10 10 10 10 0.25 0.6
0 3 10 10 10 0.25 0.65
0 4 10 10 10 0.25 0.65
1 1 10 10 10 0.25 0.65
0 5 10 10 10 0.25 0.65
0 3 10 10 10 0.25 0.65
0 1 10 10 10 0.25 0.65
0 2 10 10 10 0.25 0.7
0 5 10 10 10 0.25 0.7
0 4 10 10 10 0.25 0.7
0 8 10 10 10 0.25 0.7
0 5 10 10 10 0.25 0.7
0 7 10 10 10 0.25 0.7
0 1 10 10 10 0.25 0.75
1 5 10 10 10 0.25 0.75
1 8 10 10 10 0.25 0.75
0 0 10 10 10 0.25 0.75
1 6 10 10 10 0.25 0.75
0 3 10 10 10 0.25 0.75
0 4 10 10 10 0.25 0.8
0 2 10 10 10 0.25 0.8
0 1 10 10 10 0.25 0.8
1 12 10 10 10 0.25 0.8
1 16 10 10 10 0.25 0.8
0 5 10 10 10 0.25 0.8
1 3 10 10 10 0.25 0.85
1 6 10 10 10 0.25 0.85
0 2 10 10 10 0.25 0.85
1 9 10 10 10 0.25 0.85
0 3 10 10 10 0.25 0.85
1 6 10 10 10 0.25 0.85
1 3 10 10 10 0.25 0.9
1 5 10 10 10 0.25 0.9
1 5 10 10 10 0.25 0.9
1 6 10 10 10 0.25 0.9
2 19 10 10 10 0.25 0.9
1 16 10 10 10 0.25 0.9
1 23 10 10 10 0.25 0.95
1 18 10 10 10 0.25 0.95
1 20 10 10 10 0.25 0.95
1 24 10 10 10 0.25 0.95
1 34 10 10 10 0.25 0.95
0 7 10 10 10 0.25 0.95
0 4 10 10 10 0.3 0.5
1 5 10 10 10 0.3 0.5
0 7 10 10 10 0.3 0.5
1 4 10 10 10 0.3 0.5
0 5 10 10 10 0.3 0.5
1 14 10 10 10 0.3 0.5
1 7 10 10 10 0.3 0.55
0 1 10 10 10 0.3 0.55
0 4 10 10 10 0.3 0.55
1 8 10 10 10 0.3 0.55
1 15 10 10 10 0.3 0.55
1 11 10 10 10 0.3 0.55
1 6 10 10 10 0.3 0.6
0 6 10 10 10 0.3 0.6
1 9 10 10 10 0.3 0.6
0 4 10 10 10 0.3 0.6
1 7 10 10 10 0.3 0.6
0 14 10 10 10 0.3 0.6
0 5 10 10 10 0.3 0.65
1 3 10 10 10 0.3 0.65
1 7 10 10 10 0.3 0.65
0 5 10 10 10 0.3 0.65
0 3 10 10 10 0.3 0.65
1 16 10 10 10 0.3 0.65
1 5 10 10 10 0.3 0.7
0 4 10 10 10 0.3 0.7
1 9 10 10 10 0.3 0.7
1 2 10 10 10 0.3 0.7
2 14 10 10 10 0.3 0.7
0 3 10 10 10 0.3 0.7
1 5 10 10 10 0.3 0.75
0 1 10 10 10 0.3 0.75
1 5 10 10 10 0.3 0.75
0 8 10 10 10 0.3 0.75
1 17 10 10 10 0.3 0.75
0 2 10 10 10 0.3 0.75
0 2 10 10 10 0.3 0.8
2 10 10 10 10 0.3 0.8
2 11 10 10 10 0.3 0.8
0 5 10 10 10 0.3 0.8
1 10 10 10 10 0.3 0.8
1 15 10 10 10 0.3 0.8
1 6 10 10 10 0.3 0.85
0 1 10 10 10 0.3 0.85
1 5 10 10 10 0.3 0.85
0 4 10 10 10 0.3 0.85
1 9 10 10 10 0.3 0.85
1 5 10 10 10 0.3 0.85
0 1 10 10 10 0.3 0.9
1 8 10 10 10 0.3 0.9
2 28 10 10 10 0.3 0.9
2 41 10 10 10 0.3 0.9
2 45 10 10 10 0.3 0.9
2 2 10 10 10 0.3 0.9
0 3 10 10 10 0.3 0.95
1 1 10 10 10 0.3 0.95
1 8 10 10 10 0.3 0.95
0 6 10 10 10 0.3 0.95
1 10 10 10 10 0.3 0.95
0 7 10 10 10 0.3 0.95
1 4 10 10 10 0.35 0.5
0 2 10 10 10 0.35 0.5
0 10 10 10 10 0.35 0.5
1 9 10 10 10 0.35 0.5
1 9 10 10 10 0.35 0.5
1 19 10 10 10 0.35 0.5
0 3 10 10 10 0.35 0.55
1 6 10 10 10 0.35 0.55
1 5 10 10 10 0.35 0.55
0 6 10 10 10 0.35 0.55
1 8 10 10 10 0.35 0.55
0 4 10 10 10 0.35 0.55
0 3 10 10 10 0.35 0.6
1 4 10 10 10 0.35 0.6
0 3 10 10 10 0.35 0.6
1 6 10 10 10 0.35 0.6
0 8 10 10 10 0.35 0.6
1 8 10 10 10 0.35 0.6
0 2 10 10 10 0.35 0.65
1 7 10 10 10 0.35 0.65
1 9 10 10 10 0.35 0.65
1 3 10 10 10 0.35 0.65
1 8 10 10 10 0.35 0.65
1 6 10 10 10 0.35 0.65
0 3 10 10 10 0.35 0.7
1 4 10 10 10 0.35 0.7
1 5 10 10 10 0.35 0.7
1 17 10 10 10 0.35 0.7
2 20 10 10 10 0.35 0.7
0 7 10 10 10 0.35 0.7
0 4 10 10 10 0.35 0.75
1 4 10 10 10 0.35 0.75
0 4 10 10 10 0.35 0.75
1 10 10 10 10 0.35 0.75
1 29 10 10 10 0.35 0.75
0 1 10 10 10 0.35 0.75
0 5 10 10 10 0.35 0.8
2 12 10 10 10 0.35 0.8
0 2 10 10 10 0.35 0.8
2 16 10 10 10 0.35 0.8
1 13 10 10 10 0.35 0.8
1 14 10 10 10 0.35 0.8
1 6 10 10 10 0.35 0.85
0 2 10 10 10 0.35 0.85
1 12 10 10 10 0.35 0.85
1 12 10 10 10 0.35 0.85
2 13 10 10 10 0.35 0.85
0 15 10 10 10 0.35 0.85
2 10 10 10 10 0.35 0.9
1 9 10 10 10 0.35 0.9
3 21 10 10 10 0.35 0.9
1 23 10 10 10 0.35 0.9
4 51 10 10 10 0.35 0.9
1 32 10 10 10 0.35 0.9
1 5 10 10 10 0.35 0.95
0 1 10 10 10 0.35 0.95
1 3 10 10 10 0.35 0.95
1 11 10 10 10 0.35 0.95
1 5 10 10 10 0.35 0.95
1 13 10 10 10 0.35 0.95
1 3 10 10 10 0.4 0.5
0 5 10 10 10 0.4 0.5
1 7 10 10 10 0.4 0.5
0 7 10 10 10 0.4 0.5
1 10 10 10 10 0.4 0.5
0 15 10 10 10 0.4 0.5
0 5 10 10 10 0.4 0.55
1 4 10 10 10 0.4 0.55
0 2 10 10 10 0.4 0.55
1 6 10 10 10 0.4 0.55
1 10 10 10 10 0.4 0.55
0 12 10 10 10 0.4 0.55
0 2 10 10 10 0.4 0.6
0 1 10 10 10 0.4 0.6
0 1 10 10 10 0.4 0.6
0 6 10 10 10 0.4 0.6
0 5 10 10 10 0.4 0.6
0 5 10 10 10 0.4 0.6
0 3 10 10 10 0.4 0.65
0 2 10 10 10 0.4 0.65
0 3 10 10 10 0.4 0.65
0 8 10 10 10 0.4 0.65
0 8 10 10 10 0.4 0.65
0 2 10 10 10 0.4 0.65
1 11 10 10 10 0.4 0.7
1 4 10 10 10 0.4 0.7
0 4 10 10 10 0.4 0.7
2 15 10 10 10 0.4 0.7
0 4 10 10 10 0.4 0.7
2 14 10 10 10 0.4 0.7
1 7 10 10 10 0.4 0.75
1 3 10 10 10 0.4 0.75
1 5 10 10 10 0.4 0.75
1 7 10 10 10 0.4 0.75
0 1 10 10 10 0.4 0.75
2 11 10 10 10 0.4 0.75
0 1 10 10 10 0.4 0.8
1 5 10 10 10 0.4 0.8
1 11 10 10 10 0.4 0.8
0 2 10 10 10 0.4 0.8
1 11 10 10 10 0.4 0.8
1 8 10 10 10 0.4 0.8
1 5 10 10 10 0.4 0.85
2 11 10 10 10 0.4 0.85
2 4 10 10 10 0.4 0.85
1 13 10 10 10 0.4 0.85
3 9 10 10 10 0.4 0.85
0 6 10 10 10 0.4 0.85
0 6 10 10 10 0.4 0.9
1 7 10 10 10 0.4 0.9
1 8 10 10 10 0.4 0.9
0 12 10 10 10 0.4 0.9
1 9 10 10 10 0.4 0.9
1 17 10 10 10 0.4 0.9
1 8 10 10 10 0.4 0.95
1 4 10 10 10 0.4 0.95
2 14 10 10 10 0.4 0.95
0 2 10 10 10 0.4 0.95
1 7 10 10 10 0.4 0.95
2 40 10 10 10 0.4 0.95
0 2 10 10 10 0.45 0.5
1 7 10 10 10 0.45 0.5
1 6 10 10 10 0.45 0.5
0 3 10 10 10 0.45 0.5
1 5 10 10 10 0.45 0.5
0 13 10 10 10 0.45 0.5
0 2 10 10 10 0.45 0.55
1 5 10 10 10 0.45 0.55
1 13 10 10 10 0.45 0.55
0 17 10 10 10 0.45 0.55
1 16 10 10 10 0.45 0.55
0 2 10 10 10 0.45 0.55
0 0 10 10 10 0.45 0.6
1 13 10 10 10 0.45 0.6
0 2 10 10 10 0.45 0.6
2 14 10 10 10 0.45 0.6
2 18 10 10 10 0.45 0.6
0 13 10 10 10 0.45 0.6
1 5 10 10 10 0.45 0.65
1 7 10 10 10 0.45 0.65
2 15 10 10 10 0.45 0.65
0 2 10 10 10 0.45 0.65
2 11 10 10 10 0.45 0.65
0 7 10 10 10 0.45 0.65
1 22 10 10 10 0.45 0.7
0 6 10 10 10 0.45 0.7
1 17 10 10 10 0.45 0.7
0 10 10 10 10 0.45 0.7
0 2 10 10 10 0.45 0.7
0 5 10 10 10 0.45 0.7
1 6 10 10 10 0.45 0.75
0 2 10 10 10 0.45 0.75
1 6 10 10 10 0.45 0.75
1 6 10 10 10 0.45 0.75
1 10 10 10 10 0.45 0.75
1 5 10 10 10 0.45 0.75
0 3 10 10 10 0.45 0.8
1 6 10 10 10 0.45 0.8
1 8 10 10 10 0.45 0.8
1 14 10 10 10 0.45 0.8
1 11 10 10 10 0.45 0.8
1 16 10 10 10 0.45 0.8
0 4 10 10 10 0.45 0.85
1 5 10 10 10 0.45 0.85
1 11 10 10 10 0.45 0.85
0 5 10 10 10 0.45 0.85
1 22 10 10 10 0.45 0.85
1 5 10 10 10 0.45 0.85
1 3 10 10 10 0.45 0.9
1 18 10 10 10 0.45 0.9
2 11 10 10 10 0.45 0.9
0 3 10 10 10 0.45 0.9
2 27 10 10 10 0.45 0.9
1 26 10 10 10 0.45 0.9
1 16 10 10 10 0.45 0.95
0 3 10 10 10 0.45 0.95
0 5 10 10 10 0.45 0.95
1 23 10 10 10 0.45 0.95
1 15 10 10 10 0.45 0.95
0 5 10 10 10 0.45 0.95
0 3 10 10 10 0.5 0.5
0 4 10 10 10 0.5 0.5
0 2 10 10 10 0.5 0.5
1 19 10 10 10 0.5 0.5
0 13 10 10 10 0.5 0.5
0 13 10 10 10 0.5 0.5
0 7 10 10 10 0.5 0.55
0 5 10 10 10 0.5 0.55
0 3 10 10 10 0.5 0.55
1 8 10 10 10 0.5 0.55
0 2 10 10 10 0.5 0.55
1 10 10 10 10 0.5 0.55
0 5 10 10 10 0.5 0.6
0 5 10 10 10 0.5 0.6
0 1 10 10 10 0.5 0.6
0 7 10 10 10 0.5 0.6
0 6 10 10 10 0.5 0.6
0 3 10 10 10 0.5 0.6
0 5 10 10 10 0.5 0.65
0 4 10 10 10 0.5 0.65
0 10 10 10 10 0.5 0.65
0 4 10 10 10 0.5 0.65
0 10 10 10 10 0.5 0.65
0 6 10 10 10 0.5 0.65
1 4 10 10 10 0.5 0.7
0 3 10 10 10 0.5 0.7
0 10 10 10 10 0.5 0.7
1 6 10 10 10 0.5 0.7
0 4 10 10 10 0.5 0.7
1 32 10 10 10 0.5 0.7
0 12 10 10 10 0.5 0.75
1 12 10 10 10 0.5 0.75
0 4 10 10 10 0.5 0.75
0 11 10 10 10 0.5 0.75
1 18 10 10 10 0.5 0.75
0 5 10 10 10 0.5 0.75
0 9 10 10 10 0.5 0.8
2 26 10 10 10 0.5 0.8
0 7 10 10 10 0.5 0.8
2 33 10 10 10 0.5 0.8
0 1 10 10 10 0.5 0.8
3 25 10 10 10 0.5 0.8
0 8 10 10 10 0.5 0.85
1 3 10 10 10 0.5 0.85
0 1 10 10 10 0.5 0.85
1 6 10 10 10 0.5 0.85
0 10 10 10 10 0.5 0.85
1 14 10 10 10 0.5 0.85
1 5 10 10 10 0.5 0.9
1 8 10 10 10 0.5 0.9
1 5 10 10 10 0.5 0.9
1 14 10 10 10 0.5 0.9
2 17 10 10 10 0.5 0.9
1 18 10 10 10 0.5 0.9
0 4 10 10 10 0.5 0.95
1 7 10 10 10 0.5 0.95
0 1 10 10 10 0.5 0.95
2 18 10 10 10 0.5 0.95
1 11 10 10 10 0.5 0.95
2 22 10 10 10 0.5 0.95
0 0 10 100 10 0.1 0.5
1 1 10 100 10 0.1 0.5
0 1 10 100 10 0.1 0.5
1 1 10 100 10 0.1 0.5
0 1 10 100 10 0.1 0.5
1 1 10 100 10 0.1 0.5
0 0 10 100 10 0.1 0.55
1 1 10 100 10 0.1 0.55
0 1 10 100 10 0.1 0.55
1 1 10 100 10 0.1 0.55
0 1 10 100 10 0.1 0.55
0 1 10 100 10 0.1 0.55
0 0 10 100 10 0.1 0.6
2 1 10 100 10 0.1 0.6
1 1 10 100 10 0.1 0.6
1 1 10 100 10 0.1 0.6
1 1 10 100 10 0.1 0.6
1 1 10 100 10 0.1 0.6
2 1 10 100 10 0.1 0.65
1 0 10 100 10 0.1 0.65
3 1 10 100 10 0.1 0.65
1 1 10 100 10 0.1 0.65
3 1 10 100 10 0.1 0.65
1 1 10 100 10 0.1 0.65
2 1 10 100 10 0.1 0.7
2 1 10 100 10 0.1 0.7
3 1 10 100 10 0.1 0.7
1 1 10 100 10 0.1 0.7
3 2 10 100 10 0.1 0.7
1 1 10 100 10 0.1 0.7
4 2 10 100 10 0.1 0.75
3 1 10 100 10 0.1 0.75
4 2 10 100 10 0.1 0.75
3 2 10 100 10 0.1 0.75
7 3 10 100 10 0.1 0.75
0 1 10 100 10 0.1 0.75
0 0 10 100 10 0.1 0.8
4 2 10 100 10 0.1 0.8
2 1 10 100 10 0.1 0.8
3 2 10 100 10 0.1 0.8
5 3 10 100 10 0.1 0.8
1 5 10 100 10 0.1 0.8
2 1 10 100 10 0.1 0.85
0 0 10 100 10 0.1 0.85
3 2 10 100 10 0.1 0.85
2 3 10 100 10 0.1 0.85
4 5 10 100 10 0.1 0.85
1 3 10 100 10 0.1 0.85
3 3 10 100 10 0.1 0.9
5 6 10 100 10 0.1 0.9
5 10 10 100 10 0.1 0.9
6 12 10 100 10 0.1 0.9
2 2 10 100 10 0.1 0.9
11 29 10 100 10 0.1 0.9
2 3 10 100 10 0.1 0.95
7 12 10 100 10 0.1 0.95
6 8 10 100 10 0.1 0.95
9 7 10 100 10 0.1 0.95
12 25 10 100 10 0.1 0.95
3 11 10 100 10 0.1 0.95
0 0 10 100 10 0.15 0.5
2 1 10 100 10 0.15 0.5
1 1 10 100 10 0.15 0.5
1 1 10 100 10 0.15 0.5
2 1 10 100 10 0.15 0.5
0 1 10 100 10 0.15 0.5
2 1 10 100 10 0.15 0.55
1 1 10 100 10 0.15 0.55
2 1 10 100 10 0.15 0.55
1 1 10 100 10 0.15 0.55
3 1 10 100 10 0.15 0.55
0 1 10 100 10 0.15 0.55
1 1 10 100 10 0.15 0.6
2 1 10 100 10 0.15 0.6
2 1 10 100 10 0.15 0.6
1 1 10 100 10 0.15 0.6
2 1 10 100 10 0.15 0.6
1 1 10 100 10 0.15 0.6
1 1 10 100 10 0.15 0.65
0 0 10 100 10 0.15 0.65
0 0 10 100 10 0.15 0.65
2 1 10 100 10 0.15 0.65
1 1 10 100 10 0.15 0.65
1 1 10 100 10 0.15 0.65
1 1 10 100 10 0.15 0.7
0 0 10 100 10 0.15 0.7
1 1 10 100 10 0.15 0.7
1 1 10 100 10 0.15 0.7
2 1 10 100 10 0.15 0.7
0 1 10 100 10 0.15 0.7
2 1 10 100 10 0.15 0.75
2 2 10 100 10 0.15 0.75
3 1 10 100 10 0.15 0.75
1 1 10 100 10 0.15 0.75
4 2 10 100 10 0.15 0.75
1 1 10 100 10 0.15 0.75
1 1 10 100 10 0.15 0.8
3 2 10 100 10 0.15 0.8
0 0 10 100 10 0.15 0.8
5 3 10 100 10 0.15 0.8
5 4 10 100 10 0.15 0.8
0 1 10 100 10 0.15 0.8
5 2 10 100 10 0.15 0.85
1 1 10 100 10 0.15 0.85
3 2 10 100 10 0.15 0.85
4 4 10 100 10 0.15 0.85
7 7 10 100 10 0.15 0.85
1 2 10 100 10 0.15 0.85
1 1 10 100 10 0.15 0.9
2 4 10 100 10 0.15 0.9
0 0 10 100 10 0.15 0.9
5 12 10 100 10 0.15 0.9
5 10 10 100 10 0.15 0.9
1 7 10 100 10 0.15 0.9
8 16 10 100 10 0.15 0.95
1 1 10 100 10 0.15 0.95
10 19 10 100 10 0.15 0.95
1 0 10 100 10 0.15 0.95
9 15 10 100 10 0.15 0.95
4 17 10 100 10 0.15 0.95
0 0 10 100 10 0.2 0.5
1 1 10 100 10 0.2 0.5
1 1 10 100 10 0.2 0.5
0 1 10 100 10 0.2 0.5
0 0 10 100 10 0.2 0.5
1 1 10 100 10 0.2 0.5
2 1 10 100 10 0.2 0.55
2 1 10 100 10 0.2 0.55
2 1 10 100 10 0.2 0.55
2 1 10 100 10 0.2 0.55
2 1 10 100 10 0.2 0.55
2 1 10 100 10 0.2 0.55
1 0 10 100 10 0.2 0.6
1 1 10 100 10 0.2 0.6
2 2 10 100 10 0.2 0.6
0 1 10 100 10 0.2 0.6
1 1 10 100 10 0.2 0.6
1 1 10 100 10 0.2 0.6
0 1 10 100 10 0.2 0.65
1 1 10 100 10 0.2 0.65
0 1 10 100 10 0.2 0.65
1 1 10 100 10 0.2 0.65
0 1 10 100 10 0.2 0.65
1 1 10 100 10 0.2 0.65
1 1 10 100 10 0.2 0.7
1 1 10 100 10 0.2 0.7
1 1 10 100 10 0.2 0.7
1 1 10 100 10 0.2 0.7
0 1 10 100 10 0.2 0.7
1 1 10 100 10 0.2 0.7
1 0 10 100 10 0.2 0.75
2 1 10 100 10 0.2 0.75
2 1 10 100 10 0.2 0.75
1 1 10 100 10 0.2 0.75
1 1 10 100 10 0.2 0.75
2 2 10 100 10 0.2 0.75
2 3 10 100 10 0.2 0.8
1 0 10 100 10 0.2 0.8
3 2 10 100 10 0.2 0.8
3 4 10 100 10 0.2 0.8
1 2 10 100 10 0.2 0.8
5 7 10 100 10 0.2 0.8
10 8 10 100 10 0.2 0.85
0 0 10 100 10 0.2 0.85
10 6 10 100 10 0.2 0.85
1 1 10 100 10 0.2 0.85
6 3 10 100 10 0.2 0.85
5 4 10 100 10 0.2 0.85
5 10 10 100 10 0.2 0.9
2 15 10 100 10 0.2 0.9
12 13 10 100 10 0.2 0.9
1 3 10 100 10 0.2 0.9
9 9 10 100 10 0.2 0.9
6 23 10 100 10 0.2 0.9
7 9 10 100 10 0.2 0.95
1 0 10 100 10 0.2 0.95
2 4 10 100 10 0.2 0.95
8 18 10 100 10 0.2 0.95
11 30 10 100 10 0.2 0.95
2 13 10 100 10 0.2 0.95
1 1 10 100 10 0.25 0.5
0 0 10 100 10 0.25 0.5
1 1 10 100 10 0.25 0.5
0 0 10 100 10 0.25 0.5
1 1 10 100 10 0.25 0.5
0 1 10 100 10 0.25 0.5
0 1 10 100 10 0.25 0.55
0 1 10 100 10 0.25 0.55
1 0 10 100 10 0.25 0.55
0 0 10 100 10 0.25 0.55
0 1 10 100 10 0.25 0.55
0 1 10 100 10 0.25 0.55
1 1 10 100 10 0.25 0.6
2 1 10 100 10 0.25 0.6
1 1 10 100 10 0.25 0.6
2 1 10 100 10 0.25 0.6
1 1 10 100 10 0.25 0.6
2 1 10 100 10 0.25 0.6
2 1 10 100 10 0.25 0.65
1 1 10 100 10 0.25 0.65
3 1 10 100 10 0.25 0.65
1 1 10 100 10 0.25 0.65
3 1 10 100 10 0.25 0.65
1 1 10 100 10 0.25 0.65
1 1 10 100 10 0.25 0.7
0 1 10 100 10 0.25 0.7
1 2 10 100 10 0.25 0.7
1 1 10 100 10 0.25 0.7
1 1 10 100 10 0.25 0.7
0 1 10 100 10 0.25 0.7
0 1 10 100 10 0.25 0.75
1 1 10 100 10 0.25 0.75
1 2 10 100 10 0.25 0.75
1 1 10 100 10 0.25 0.75
1 2 10 100 10 0.25 0.75
0 2 10 100 10 0.25 0.75
3 2 10 100 10 0.25 0.8
3 2 10 100 10 0.25 0.8
3 1 10 100 10 0.25 0.8
3 2 10 100 10 0.25 0.8
3 1 10 100 10 0.25 0.8
3 2 10 100 10 0.25 0.8
0 0 10 100 10 0.25 0.85
0 0 10 100 10 0.25 0.85
0 1 10 100 10 0.25 0.85
2 3 10 100 10 0.25 0.85
3 7 10 100 10 0.25 0.85
1 7 10 100 10 0.25 0.85
6 7 10 100 10 0.25 0.9
5 5 10 100 10 0.25 0.9
3 4 10 100 10 0.25 0.9
8 8 10 100 10 0.25 0.9
12 14 10 100 10 0.25 0.9
1 3 10 100 10 0.25 0.9
1 1 10 100 10 0.25 0.95
3 6 10 100 10 0.25 0.95
4 5 10 100 10 0.25 0.95
9 18 10 100 10 0.25 0.95
13 16 10 100 10 0.25 0.95
1 1 10 100 10 0.25 0.95
1 1 10 100 10 0.3 0.5
2 1 10 100 10 0.3 0.5
2 1 10 100 10 0.3 0.5
1 1 10 100 10 0.3 0.5
2 1 10 100 10 0.3 0.5
1 1 10 100 10 0.3 0.5
3 1 10 100 10 0.3 0.55
1 1 10 100 10 0.3 0.55
3 1 10 100 10 0.3 0.55
1 1 10 100 10 0.3 0.55
2 1 10 100 10 0.3 0.55
2 2 10 100 10 0.3 0.55
0 0 10 100 10 0.3 0.6
2 1 10 100 10 0.3 0.6
0 0 10 100 10 0.3 0.6
2 1 10 100 10 0.3 0.6
2 1 10 100 10 0.3 0.6
0 1 10 100 10 0.3 0.6
1 1 10 100 10 0.3 0.65
1 1 10 100 10 0.3 0.65
1 1 10 100 10 0.3 0.65
1 1 10 100 10 0.3 0.65
2 1 10 100 10 0.3 0.65
0 1 10 100 10 0.3 0.65
0 0 10 100 10 0.3 0.7
0 1 10 100 10 0.3 0.7
1 3 10 100 10 0.3 0.7
0 1 10 100 10 0.3 0.7
1 1 10 100 10 0.3 0.7
0 1 10 100 10 0.3 0.7
1 2 10 100 10 0.3 0.75
2 1 10 100 10 0.3 0.75
3 2 10 100 10 0.3 0.75
2 4 10 100 10 0.3 0.75
4 4 10 100 10 0.3 0.75
3 5 10 100 10 0.3 0.75
2 2 10 100 10 0.3 0.8
5 2 10 100 10 0.3 0.8
3 2 10 100 10 0.3 0.8
4 2 10 100 10 0.3 0.8
8 9 10 100 10 0.3 0.8
0 1 10 100 10 0.3 0.8
3 1 10 100 10 0.3 0.85
4 2 10 100 10 0.3 0.85
8 5 10 100 10 0.3 0.85
0 1 10 100 10 0.3 0.85
6 7 10 100 10 0.3 0.85
2 4 10 100 10 0.3 0.85
1 4 10 100 10 0.3 0.9
1 11 10 100 10 0.3 0.9
4 13 10 100 10 0.3 0.9
0 1 10 100 10 0.3 0.9
0 1 10 100 10 0.3 0.9
5 14 10 100 10 0.3 0.9
11 16 10 100 10 0.3 0.95
1 0 10 100 10 0.3 0.95
6 12 10 100 10 0.3 0.95
9 19 10 100 10 0.3 0.95
16 28 10 100 10 0.3 0.95
2 15 10 100 10 0.3 0.95
2 1 10 100 10 0.35 0.5
1 1 10 100 10 0.35 0.5
1 1 10 100 10 0.35 0.5
1 1 10 100 10 0.35 0.5
2 1 10 100 10 0.35 0.5
1 0 10 100 10 0.35 0.5
1 1 10 100 10 0.35 0.55
2 1 10 100 10 0.35 0.55
0 0 10 100 10 0.35 0.55
3 1 10 100 10 0.35 0.55
2 1 10 100 10 0.35 0.55
1 1 10 100 10 0.35 0.55
2 1 10 100 10 0.35 0.6
1 1 10 100 10 0.35 0.6
3 1 10 100 10 0.35 0.6
0 1 10 100 10 0.35 0.6
3 1 10 100 10 0.35 0.6
0 1 10 100 10 0.35 0.6
1 1 10 100 10 0.35 0.65
2 1 10 100 10 0.35 0.65
2 1 10 100 10 0.35 0.65
1 1 10 100 10 0.35 0.65
1 1 10 100 10 0.35 0.65
2 2 10 100 10 0.35 0.65
0 1 10 100 10 0.35 0.7
1 1 10 100 10 0.35 0.7
0 1 10 100 10 0.35 0.7
1 1 10 100 10 0.35 0.7
1 1 10 100 10 0.35 0.7
0 1 10 100 10 0.35 0.7
0 0 10 100 10 0.35 0.75
4 2 10 100 10 0.35 0.75
3 2 10 100 10 0.35 0.75
1 2 10 100 10 0.35 0.75
4 2 10 100 10 0.35 0.75
1 4 10 100 10 0.35 0.75
8 4 10 100 10 0.35 0.8
0 0 10 100 10 0.35 0.8
7 3 10 100 10 0.35 0.8
3 4 10 100 10 0.35 0.8
8 4 10 100 10 0.35 0.8
2 4 10 100 10 0.35 0.8
0 0 10 100 10 0.35 0.85
1 1 10 100 10 0.35 0.85
2 3 10 100 10 0.35 0.85
1 3 10 100 10 0.35 0.85
2 3 10 100 10 0.35 0.85
2 8 10 100 10 0.35 0.85
2 2 10 100 10 0.35 0.9
5 5 10 100 10 0.35 0.9
5 4 10 100 10 0.35 0.9
6 12 10 100 10 0.35 0.9
7 9 10 100 10 0.35 0.9
5 16 10 100 10 0.35 0.9
3 6 10 100 10 0.35 0.95
2 5 10 100 10 0.35 0.95
5 11 10 100 10 0.35 0.95
2 5 10 100 10 0.35 0.95
12 29 10 100 10 0.35 0.95
2 9 10 100 10 0.35 0.95
1 1 10 100 10 0.4 0.5
1 1 10 100 10 0.4 0.5
1 1 10 100 10 0.4 0.5
1 1 10 100 10 0.4 0.5
0 2 10 100 10 0.4 0.5
1 1 10 100 10 0.4 0.5
1 1 10 100 10 0.4 0.55
1 1 10 100 10 0.4 0.55
1 1 10 100 10 0.4 0.55
1 1 10 100 10 0.4 0.55
0 1 10 100 10 0.4 0.55
0 1 10 100 10 0.4 0.55
2 1 10 100 10 0.4 0.6
2 1 10 100 10 0.4 0.6
2 1 10 100 10 0.4 0.6
2 1 10 100 10 0.4 0.6
2 1 10 100 10 0.4 0.6
2 1 10 100 10 0.4 0.6
1 1 10 100 10 0.4 0.65
1 1 10 100 10 0.4 0.65
1 1 10 100 10 0.4 0.65
1 1 10 100 10 0.4 0.65
0 1 10 100 10 0.4 0.65
0 1 10 100 10 0.4 0.65
1 1 10 100 10 0.4 0.7
2 1 10 100 10 0.4 0.7
3 2 10 100 10 0.4 0.7
0 0 10 100 10 0.4 0.7
3 2 10 100 10 0.4 0.7
0 1 10 100 10 0.4 0.7
0 0 10 100 10 0.4 0.75
4 2 10 100 10 0.4 0.75
4 2 10 100 10 0.4 0.75
1 1 10 100 10 0.4 0.75
4 2 10 100 10 0.4 0.75
1 2 10 100 10 0.4 0.75
0 1 10 100 10 0.4 0.8
1 2 10 100 10 0.4 0.8
1 3 10 100 10 0.4 0.8
1 3 10 100 10 0.4 0.8
2 6 10 100 10 0.4 0.8
1 4 10 100 10 0.4 0.8
0 0 10 100 10 0.4 0.85
9 5 10 100 10 0.4 0.85
7 4 10 100 10 0.4 0.85
3 2 10 100 10 0.4 0.85
11 10 10 100 10 0.4 0.85
1 4 10 100 10 0.4 0.85
2 3 10 100 10 0.4 0.9
4 5 10 100 10 0.4 0.9
2 3 10 100 10 0.4 0.9
5 9 10 100 10 0.4 0.9
1 1 10 100 10 0.4 0.9
15 11 10 100 10 0.4 0.9
4 9 10 100 10 0.4 0.95
1 0 10 100 10 0.4 0.95
6 9 10 100 10 0.4 0.95
0 0 10 100 10 0.4 0.95
3 2 10 100 10 0.4 0.95
3 11 10 100 10 0.4 0.95
1 1 10 100 10 0.45 0.5
2 1 10 100 10 0.45 0.5
3 2 10 100 10 0.45 0.5
0 0 10 100 10 0.45 0.5
2 1 10 100 10 0.45 0.5
1 1 10 100 10 0.45 0.5
2 1 10 100 10 0.45 0.55
1 1 10 100 10 0.45 0.55
2 1 10 100 10 0.45 0.55
1 1 10 100 10 0.45 0.55
3 1 10 100 10 0.45 0.55
0 1 10 100 10 0.45 0.55
1 1 10 100 10 0.45 0.6
1 0 10 100 10 0.45 0.6
0 0 10 100 10 0.45 0.6
2 1 10 100 10 0.45 0.6
0 0 10 100 10 0.45 0.6
2 1 10 100 10 0.45 0.6
2 1 10 100 10 0.45 0.65
1 1 10 100 10 0.45 0.65
3 1 10 100 10 0.45 0.65
1 1 10 100 10 0.45 0.65
4 2 10 100 10 0.45 0.65
0 1 10 100 10 0.45 0.65
3 2 10 100 10 0.45 0.7
1 1 10 100 10 0.45 0.7
3 1 10 100 10 0.45 0.7
2 1 10 100 10 0.45 0.7
3 1 10 100 10 0.45 0.7
2 1 10 100 10 0.45 0.7
3 3 10 100 10 0.45 0.75
1 4 10 100 10 0.45 0.75
3 2 10 100 10 0.45 0.75
1 2 10 100 10 0.45 0.75
2 1 10 100 10 0.45 0.75
5 1 10 100 10 0.45 0.75
2 1 10 100 10 0.45 0.8
0 1 10 100 10 0.45 0.8
2 1 10 100 10 0.45 0.8
1 1 10 100 10 0.45 0.8
1 1 10 100 10 0.45 0.8
2 4 10 100 10 0.45 0.8
2 1 10 100 10 0.45 0.85
7 5 10 100 10 0.45 0.85
10 6 10 100 10 0.45 0.85
0 0 10 100 10 0.45 0.85
8 4 10 100 10 0.45 0.85
2 5 10 100 10 0.45 0.85
10 20 10 100 10 0.45 0.9
1 1 10 100 10 0.45 0.9
11 8 10 100 10 0.45 0.9
2 8 10 100 10 0.45 0.9
8 8 10 100 10 0.45 0.9
6 25 10 100 10 0.45 0.9
2 5 10 100 10 0.45 0.95
2 2 10 100 10 0.45 0.95
5 8 10 100 10 0.45 0.95
4 28 10 100 10 0.45 0.95
7 23 10 100 10 0.45 0.95
6 41 10 100 10 0.45 0.95
1 1 10 100 10 0.5 0.5
2 1 10 100 10 0.5 0.5
2 1 10 100 10 0.5 0.5
1 1 10 100 10 0.5 0.5
2 1 10 100 10 0.5 0.5
1 1 10 100 10 0.5 0.5
1 1 10 100 10 0.5 0.55
1 0 10 100 10 0.5 0.55
2 1 10 100 10 0.5 0.55
0 0 10 100 10 0.5 0.55
2 1 10 100 10 0.5 0.55
0 1 10 100 10 0.5 0.55
2 1 10 100 10 0.5 0.6
2 1 10 100 10 0.5 0.6
2 1 10 100 10 0.5 0.6
2 1 10 100 10 0.5 0.6
3 2 10 100 10 0.5 0.6
2 2 10 100 10 0.5 0.6
0 0 10 100 10 0.5 0.65
2 1 10 100 10 0.5 0.65
1 1 10 100 10 0.5 0.65
2 1 10 100 10 0.5 0.65
2 1 10 100 10 0.5 0.65
1 1 10 100 10 0.5 0.65
2 1 10 100 10 0.5 0.7
3 1 10 100 10 0.5 0.7
1 0 10 100 10 0.5 0.7
4 2 10 100 10 0.5 0.7
5 2 10 100 10 0.5 0.7
0 1 10 100 10 0.5 0.7
1 0 10 100 10 0.5 0.75
5 2 10 100 10 0.5 0.75
3 2 10 100 10 0.5 0.75
2 1 10 100 10 0.5 0.75
5 4 10 100 10 0.5 0.75
1 3 10 100 10 0.5 0.75
4 3 10 100 10 0.5 0.8
2 1 10 100 10 0.5 0.8
6 2 10 100 10 0.5 0.8
1 1 10 100 10 0.5 0.8
7 5 10 100 10 0.5 0.8
0 3 10 100 10 0.5 0.8
11 6 10 100 10 0.5 0.85
7 4 10 100 10 0.5 0.85
15 7 10 100 10 0.5 0.85
3 5 10 100 10 0.5 0.85
15 9 10 100 10 0.5 0.85
7 5 10 100 10 0.5 0.85
4 6 10 100 10 0.5 0.9
1 1 10 100 10 0.5 0.9
5 6 10 100 10 0.5 0.9
1 1 10 100 10 0.5 0.9
2 1 10 100 10 0.5 0.9
4 9 10 100 10 0.5 0.9
4 7 10 100 10 0.5 0.95
1 1 10 100 10 0.5 0.95
1 1 10 100 10 0.5 0.95
11 27 10 100 10 0.5 0.95
10 27 10 100 10 0.5 0.95
4 19 10 100 10 0.5 0.95
1 1 10 100 100 0.1 0.5
2 1 10 100 100 0.1 0.5
2 1 10 100 100 0.1 0.5
1 1 10 100 100 0.1 0.5
2 1 10 100 100 0.1 0.5
1 1 10 100 100 0.1 0.5
1 1 10 100 100 0.1 0.55
1 1 10 100 100 0.1 0.55
1 1 10 100 100 0.1 0.55
1 1 10 100 100 0.1 0.55
1 1 10 100 100 0.1 0.55
0 0 10 100 100 0.1 0.55
1 1 10 100 100 0.1 0.6
1 1 10 100 100 0.1 0.6
1 1 10 100 100 0.1 0.6
1 1 10 100 100 0.1 0.6
0 1 10 100 100 0.1 0.6
2 1 10 100 100 0.1 0.6
2 1 10 100 100 0.1 0.65
1 0 10 100 100 0.1 0.65
1 1 10 100 100 0.1 0.65
2 1 10 100 100 0.1 0.65
1 1 10 100 100 0.1 0.65
2 1 10 100 100 0.1 0.65
1 0 10 100 100 0.1 0.7
2 1 10 100 100 0.1 0.7
2 1 10 100 100 0.1 0.7
2 1 10 100 100 0.1 0.7
2 1 10 100 100 0.1 0.7
2 1 10 100 100 0.1 0.7
2 1 10 100 100 0.1 0.75
3 1 10 100 100 0.1 0.75
2 1 10 100 100 0.1 0.75
3 2 10 100 100 0.1 0.75
4 2 10 100 100 0.1 0.75
2 2 10 100 100 0.1 0.75
2 1 10 100 100 0.1 0.8
1 1 10 100 100 0.1 0.8
2 1 10 100 100 0.1 0.8
1 4 10 100 100 0.1 0.8
4 3 10 100 100 0.1 0.8
1 3 10 100 100 0.1 0.8
0 0 10 100 100 0.1 0.85
1 1 10 100 100 0.1 0.85
2 4 10 100 100 0.1 0.85
1 5 10 100 100 0.1 0.85
3 3 10 100 100 0.1 0.85
1 4 10 100 100 0.1 0.85
0 0 10 100 100 0.1 0.9
1 0 10 100 100 0.1 0.9
1 5 10 100 100 0.1 0.9
1 2 10 100 100 0.1 0.9
5 23 10 100 100 0.1 0.9
0 1 10 100 100 0.1 0.9
3 10 10 100 100 0.1 0.95
1 3 10 100 100 0.1 0.95
6 19 10 100 100 0.1 0.95
0 0 10 100 100 0.1 0.95
5 14 10 100 100 0.1 0.95
1 7 10 100 100 0.1 0.95
2 1 10 100 100 0.15 0.5
1 1 10 100 100 0.15 0.5
2 1 10 100 100 0.15 0.5
1 1 10 100 100 0.15 0.5
3 1 10 100 100 0.15 0.5
0 1 10 100 100 0.15 0.5
2 1 10 100 100 0.15 0.55
2 1 10 100 100 0.15 0.55
2 1 10 100 100 0.15 0.55
2 1 10 100 100 0.15 0.55
2 1 10 100 100 0.15 0.55
2 1 10 100 100 0.15 0.55
1 1 10 100 100 0.15 0.6
2 1 10 100 100 0.15 0.6
2 1 10 100 100 0.15 0.6
1 1 10 100 100 0.15 0.6
2 1 10 100 100 0.15 0.6
1 0 10 100 100 0.15 0.6
2 1 10 100 100 0.15 0.65
2 1 10 100 100 0.15 0.65
3 1 10 100 100 0.15 0.65
1 1 10 100 100 0.15 0.65
3 1 10 100 100 0.15 0.65
1 1 10 100 100 0.15 0.65
1 0 10 100 100 0.15 0.7
1 1 10 100 100 0.15 0.7
2 1 10 100 100 0.15 0.7
1 1 10 100 100 0.15 0.7
2 1 10 100 100 0.15 0.7
1 1 10 100 100 0.15 0.7
1 1 10 100 100 0.15 0.75
1 0 10 100 100 0.15 0.75
2 1 10 100 100 0.15 0.75
0 0 10 100 100 0.15 0.75
2 1 10 100 100 0.15 0.75
0 1 10 100 100 0.15 0.75
2 1 10 100 100 0.15 0.8
2 1 10 100 100 0.15 0.8
2 1 10 100 100 0.15 0.8
3 1 10 100 100 0.15 0.8
1 1 10 100 100 0.15 0.8
4 3 10 100 100 0.15 0.8
5 7 10 100 100 0.15 0.85
1 5 10 100 100 0.15 0.85
0 0 10 100 100 0.15 0.85
8 4 10 100 100 0.15 0.85
4 7 10 100 100 0.15 0.85
7 6 10 100 100 0.15 0.85
2 1 10 100 100 0.15 0.9
1 1 10 100 100 0.15 0.9
2 3 10 100 100 0.15 0.9
2 6 10 100 100 0.15 0.9
4 5 10 100 100 0.15 0.9
5 31 10 100 100 0.15 0.9
3 3 10 100 100 0.15 0.95
2 2 10 100 100 0.15 0.95
2 2 10 100 100 0.15 0.95
5 8 10 100 100 0.15 0.95
8 26 10 100 100 0.15 0.95
4 26 10 100 100 0.15 0.95
2 1 10 100 100 0.2 0.5
1 1 10 100 100 0.2 0.5
1 0 10 100 100 0.2 0.5
2 1 10 100 100 0.2 0.5
2 1 10 100 100 0.2 0.5
1 1 10 100 100 0.2 0.5
1 1 10 100 100 0.2 0.55
2 1 10 100 100 0.2 0.55
2 1 10 100 100 0.2 0.55
1 1 10 100 100 0.2 0.55
2 1 10 100 100 0.2 0.55
1 1 10 100 100 0.2 0.55
2 1 10 100 100 0.2 0.6
1 0 10 100 100 0.2 0.6
1 1 10 100 100 0.2 0.6
2 1 10 100 100 0.2 0.6
2 1 10 100 100 0.2 0.6
1 1 10 100 100 0.2 0.6
1 0 10 100 100 0.2 0.65
2 1 10 100 100 0.2 0.65
2 1 10 100 100 0.2 0.65
1 1 10 100 100 0.2 0.65
2 1 10 100 100 0.2 0.65
1 1 10 100 100 0.2 0.65
2 1 10 100 100 0.2 0.7
1 0 10 100 100 0.2 0.7
2 1 10 100 100 0.2 0.7
1 1 10 100 100 0.2 0.7
2 1 10 100 100 0.2 0.7
1 1 10 100 100 0.2 0.7
5 2 10 100 100 0.2 0.75
2 1 10 100 100 0.2 0.75
3 1 10 100 100 0.2 0.75
4 3 10 100 100 0.2 0.75
7 3 10 100 100 0.2 0.75
1 1 10 100 100 0.2 0.75
0 0 10 100 100 0.2 0.8
7 5 10 100 100 0.2 0.8
5 2 10 100 100 0.2 0.8
2 2 10 100 100 0.2 0.8
7 4 10 100 100 0.2 0.8
0 0 10 100 100 0.2 0.8
6 3 10 100 100 0.2 0.85
1 0 10 100 100 0.2 0.85
9 7 10 100 100 0.2 0.85
1 3 10 100 100 0.2 0.85
8 8 10 100 100 0.2 0.85
3 5 10 100 100 0.2 0.85
6 6 10 100 100 0.2 0.9
2 1 10 100 100 0.2 0.9
2 2 10 100 100 0.2 0.9
7 11 10 100 100 0.2 0.9
7 4 10 100 100 0.2 0.9
3 12 10 100 100 0.2 0.9
11 21 10 100 100 0.2 0.95
1 1 10 100 100 0.2 0.95
5 5 10 100 100 0.2 0.95
8 14 10 100 100 0.2 0.95
0 0 10 100 100 0.2 0.95
13 19 10 100 100 0.2 0.95
0 1 10 100 100 0.25 0.5
1 1 10 100 100 0.25 0.5
1 1 10 100 100 0.25 0.5
1 1 10 100 100 0.25 0.5
0 1 10 100 100 0.25 0.5
1 1 10 100 100 0.25 0.5
0 1 10 100 100 0.25 0.55
1 1 10 100 100 0.25 0.55
0 1 10 100 100 0.25 0.55
1 0 10 100 100 0.25 0.55
0 1 10 100 100 0.25 0.55
0 1 10 100 100 0.25 0.55
2 1 10 100 100 0.25 0.6
0 0 10 100 100 0.25 0.6
1 1 10 100 100 0.25 0.6
2 1 10 100 100 0.25 0.6
2 1 10 100 100 0.25 0.6
1 1 10 100 100 0.25 0.6
2 1 10 100 100 0.25 0.65
0 0 10 100 100 0.25 0.65
9 1 10 100 100 0.25 0.65
1 1 10 100 100 0.25 0.65
9 1 10 100 100 0.25 0.65
1 1 10 100 100 0.25 0.65
1 0 10 100 100 0.25 0.7
2 1 10 100 100 0.25 0.7
2 1 10 100 100 0.25 0.7
1 1 10 100 100 0.25 0.7
2 1 10 100 100 0.25 0.7
2 2 10 100 100 0.25 0.7
2 2 10 100 100 0.25 0.75
2 1 10 100 100 0.25 0.75
3 1 10 100 100 0.25 0.75
1 1 10 100 100 0.25 0.75
4 2 10 100 100 0.25 0.75
0 1 10 100 100 0.25 0.75
5 2 10 100 100 0.25 0.8
0 0 10 100 100 0.25 0.8
1 1 10 100 100 0.25 0.8
4 3 10 100 100 0.25 0.8
4 2 10 100 100 0.25 0.8
2 3 10 100 100 0.25 0.8
4 2 10 100 100 0.25 0.85
7 6 10 100 100 0.25 0.85
1 0 10 100 100 0.25 0.85
12 7 10 100 100 0.25 0.85
7 6 10 100 100 0.25 0.85
6 5 10 100 100 0.25 0.85
2 2 10 100 100 0.25 0.9
3 3 10 100 100 0.25 0.9
6 8 10 100 100 0.25 0.9
0 0 10 100 100 0.25 0.9
8 17 10 100 100 0.25 0.9
0 1 10 100 100 0.25 0.9
7 7 10 100 100 0.25 0.95
3 2 10 100 100 0.25 0.95
2 3 10 100 100 0.25 0.95
8 15 10 100 100 0.25 0.95
12 25 10 100 100 0.25 0.95
3 29 10 100 100 0.25 0.95
1 1 10 100 100 0.3 0.5
2 1 10 100 100 0.3 0.5
2 1 10 100 100 0.3 0.5
1 1 10 100 100 0.3 0.5
2 1 10 100 100 0.3 0.5
1 1 10 100 100 0.3 0.5
2 1 10 100 100 0.3 0.55
1 1 10 100 100 0.3 0.55
2 1 10 100 100 0.3 0.55
1 1 10 100 100 0.3 0.55
3 1 10 100 100 0.3 0.55
1 1 10 100 100 0.3 0.55
2 1 10 100 100 0.3 0.6
1 0 10 100 100 0.3 0.6
1 1 10 100 100 0.3 0.6
2 1 10 100 100 0.3 0.6
2 1 10 100 100 0.3 0.6
1 1 10 100 100 0.3 0.6
2 1 10 100 100 0.3 0.65
1 1 10 100 100 0.3 0.65
3 1 10 100 100 0.3 0.65
1 1 10 100 100 0.3 0.65
2 1 10 100 100 0.3 0.65
1 1 10 100 100 0.3 0.65
2 1 10 100 100 0.3 0.7
3 2 10 100 100 0.3 0.7
2 1 10 100 100 0.3 0.7
3 1 10 100 100 0.3 0.7
5 2 10 100 100 0.3 0.7
0 2 10 100 100 0.3 0.7
1 1 10 100 100 0.3 0.75
2 1 10 100 100 0.3 0.75
2 1 10 100 100 0.3 0.75
2 3 10 100 100 0.3 0.75
4 3 10 100 100 0.3 0.75
0 1 10 100 100 0.3 0.75
1 2 10 100 100 0.3 0.8
1 3 10 100 100 0.3 0.8
2 1 10 100 100 0.3 0.8
1 2 10 100 100 0.3 0.8
1 1 10 100 100 0.3 0.8
3 4 10 100 100 0.3 0.8
2 3 10 100 100 0.3 0.85
2 2 10 100 100 0.3 0.85
4 6 10 100 100 0.3 0.85
1 6 10 100 100 0.3 0.85
2 9 10 100 100 0.3 0.85
1 3 10 100 100 0.3 0.85
3 2 10 100 100 0.3 0.9
1 0 10 100 100 0.3 0.9
8 20 10 100 100 0.3 0.9
7 12 10 100 100 0.3 0.9
12 19 10 100 100 0.3 0.9
3 6 10 100 100 0.3 0.9
1 3 10 100 100 0.3 0.95
1 1 10 100 100 0.3 0.95
3 5 10 100 100 0.3 0.95
0 4 10 100 100 0.3 0.95
2 4 10 100 100 0.3 0.95
2 10 10 100 100 0.3 0.95
1 1 10 100 100 0.35 0.5
3 2 10 100 100 0.35 0.5
2 1 10 100 100 0.35 0.5
2 1 10 100 100 0.35 0.5
2 1 10 100 100 0.35 0.5
2 1 10 100 100 0.35 0.5
2 1 10 100 100 0.35 0.55
1 1 10 100 100 0.35 0.55
2 1 10 100 100 0.35 0.55
1 0 10 100 100 0.35 0.55
2 1 10 100 100 0.35 0.55
1 1 10 100 100 0.35 0.55
0 0 10 100 100 0.35 0.6
1 0 10 100 100 0.35 0.6
2 1 10 100 100 0.35 0.6
1 1 10 100 100 0.35 0.6
2 1 10 100 100 0.35 0.6
1 1 10 100 100 0.35 0.6
1 1 10 100 100 0.35 0.65
2 1 10 100 100 0.35 0.65
2 1 10 100 100 0.35 0.65
1 1 10 100 100 0.35 0.65
3 1 10 100 100 0.35 0.65
0 1 10 100 100 0.35 0.65
1 1 10 100 100 0.35 0.7
2 1 10 100 100 0.35 0.7
2 1 10 100 100 0.35 0.7
1 1 10 100 100 0.35 0.7
2 1 10 100 100 0.35 0.7
1 1 10 100 100 0.35 0.7
2 1 10 100 100 0.35 0.75
2 1 10 100 100 0.35 0.75
2 1 10 100 100 0.35 0.75
3 3 10 100 100 0.35 0.75
4 3 10 100 100 0.35 0.75
1 1 10 100 100 0.35 0.75
2 1 10 100 100 0.35 0.8
4 2 10 100 100 0.35 0.8
6 3 10 100 100 0.35 0.8
1 1 10 100 100 0.35 0.8
2 1 10 100 100 0.35 0.8
6 6 10 100 100 0.35 0.8
0 1 10 100 100 0.35 0.85
3 3 10 100 100 0.35 0.85
3 2 10 100 100 0.35 0.85
2 6 10 100 100 0.35 0.85
4 6 10 100 100 0.35 0.85
2 7 10 100 100 0.35 0.85
1 1 10 100 100 0.35 0.9
6 6 10 100 100 0.35 0.9
5 8 10 100 100 0.35 0.9
3 8 10 100 100 0.35 0.9
4 4 10 100 100 0.35 0.9
7 12 10 100 100 0.35 0.9
0 2 10 100 100 0.35 0.95
0 0 10 100 100 0.35 0.95
0 2 10 100 100 0.35 0.95
2 7 10 100 100 0.35 0.95
0 3 10 100 100 0.35 0.95
3 23 10 100 100 0.35 0.95
1 1 10 100 100 0.4 0.5
2 1 10 100 100 0.4 0.5
2 1 10 100 100 0.4 0.5
1 1 10 100 100 0.4 0.5
2 1 10 100 100 0.4 0.5
1 1 10 100 100 0.4 0.5
1 1 10 100 100 0.4 0.55
1 1 10 100 100 0.4 0.55
2 1 10 100 100 0.4 0.55
1 1 10 100 100 0.4 0.55
2 1 10 100 100 0.4 0.55
1 1 10 100 100 0.4 0.55
2 1 10 100 100 0.4 0.6
2 1 10 100 100 0.4 0.6
1 0 10 100 100 0.4 0.6
3 2 10 100 100 0.4 0.6
2 1 10 100 100 0.4 0.6
2 1 10 100 100 0.4 0.6
2 1 10 100 100 0.4 0.65
0 1 10 100 100 0.4 0.65
2 1 10 100 100 0.4 0.65
0 1 10 100 100 0.4 0.65
1 1 10 100 100 0.4 0.65
2 1 10 100 100 0.4 0.65
0 1 10 100 100 0.4 0.7
0 0 10 100 100 0.4 0.7
1 2 10 100 100 0.4 0.7
0 2 10 100 100 0.4 0.7
1 1 10 100 100 0.4 0.7
0 1 10 100 100 0.4 0.7
2 3 10 100 100 0.4 0.75
0 0 10 100 100 0.4 0.75
1 3 10 100 100 0.4 0.75
2 2 10 100 100 0.4 0.75
2 2 10 100 100 0.4 0.75
1 3 10 100 100 0.4 0.75
5 3 10 100 100 0.4 0.8
3 2 10 100 100 0.4 0.8
7 5 10 100 100 0.4 0.8
1 2 10 100 100 0.4 0.8
8 4 10 100 100 0.4 0.8
1 4 10 100 100 0.4 0.8
2 2 10 100 100 0.4 0.85
5 2 10 100 100 0.4 0.85
3 2 10 100 100 0.4 0.85
4 4 10 100 100 0.4 0.85
1 1 10 100 100 0.4 0.85
8 14 10 100 100 0.4 0.85
1 2 10 100 100 0.4 0.9
1 0 10 100 100 0.4 0.9
3 10 10 100 100 0.4 0.9
1 5 10 100 100 0.4 0.9
5 18 10 100 100 0.4 0.9
0 2 10 100 100 0.4 0.9
1 0 10 100 100 0.4 0.95
3 3 10 100 100 0.4 0.95
7 15 10 100 100 0.4 0.95
2 3 10 100 100 0.4 0.95
8 19 10 100 100 0.4 0.95
1 6 10 100 100 0.4 0.95
0 0 10 100 100 0.45 0.5
2 1 10 100 100 0.45 0.5
1 1 10 100 100 0.45 0.5
1 1 10 100 100 0.45 0.5
2 1 10 100 100 0.45 0.5
1 1 10 100 100 0.45 0.5
1 0 10 100 100 0.45 0.55
2 1 10 100 100 0.45 0.55
2 1 10 100 100 0.45 0.55
1 1 10 100 100 0.45 0.55
2 1 10 100 100 0.45 0.55
1 1 10 100 100 0.45 0.55
0 0 10 100 100 0.45 0.6
1 1 10 100 100 0.45 0.6
2 1 10 100 100 0.45 0.6
0 1 10 100 100 0.45 0.6
2 1 10 100 100 0.45 0.6
0 1 10 100 100 0.45 0.6
2 1 10 100 100 0.45 0.65
2 1 10 100 100 0.45 0.65
3 1 10 100 100 0.45 0.65
1 1 10 100 100 0.45 0.65
3 1 10 100 100 0.45 0.65
1 1 10 100 100 0.45 0.65
2 1 10 100 100 0.45 0.7
3 1 10 100 100 0.45 0.7
3 1 10 100 100 0.45 0.7
2 2 10 100 100 0.45 0.7
5 3 10 100 100 0.45 0.7
1 2 10 100 100 0.45 0.7
1 0 10 100 100 0.45 0.75
2 1 10 100 100 0.45 0.75
3 2 10 100 100 0.45 0.75
1 1 10 100 100 0.45 0.75
4 2 10 100 100 0.45 0.75
1 3 10 100 100 0.45 0.75
3 1 10 100 100 0.45 0.8
5 2 10 100 100 0.45 0.8
3 1 10 100 100 0.45 0.8
8 7 10 100 100 0.45 0.8
8 5 10 100 100 0.45 0.8
3 6 10 100 100 0.45 0.8
7 3 10 100 100 0.45 0.85
14 7 10 100 100 0.45 0.85
20 10 10 100 100 0.45 0.85
5 8 10 100 100 0.45 0.85
24 12 10 100 100 0.45 0.85
1 2 10 100 100 0.45 0.85
11 10 10 100 100 0.45 0.9
2 2 10 100 100 0.45 0.9
0 0 10 100 100 0.45 0.9
14 7 10 100 100 0.45 0.9
17 25 10 100 100 0.45 0.9
1 3 10 100 100 0.45 0.9
1 1 10 100 100 0.45 0.95
5 10 10 100 100 0.45 0.95
3 2 10 100 100 0.45 0.95
10 14 10 100 100 0.45 0.95
7 9 10 100 100 0.45 0.95
8 19 10 100 100 0.45 0.95
0 0 10 100 100 0.5 0.5
2 1 10 100 100 0.5 0.5
2 1 10 100 100 0.5 0.5
1 1 10 100 100 0.5 0.5
2 1 10 100 100 0.5 0.5
1 1 10 100 100 0.5 0.5
2 1 10 100 100 0.5 0.55
0 0 10 100 100 0.5 0.55
0 0 10 100 100 0.5 0.55
2 1 10 100 100 0.5 0.55
2 1 10 100 100 0.5 0.55
1 1 10 100 100 0.5 0.55
0 0 10 100 100 0.5 0.6
3 1 10 100 100 0.5 0.6
2 1 10 100 100 0.5 0.6
1 1 10 100 100 0.5 0.6
3 1 10 100 100 0.5 0.6
0 1 10 100 100 0.5 0.6
1 0 10 100 100 0.5 0.65
0 0 10 100 100 0.5 0.65
1 1 10 100 100 0.5 0.65
0 1 10 100 100 0.5 0.65
1 0 10 100 100 0.5 0.65
1 2 10 100 100 0.5 0.65
2 1 10 100 100 0.5 0.7
1 0 10 100 100 0.5 0.7
2 1 10 100 100 0.5 0.7
3 2 10 100 100 0.5 0.7
3 2 10 100 100 0.5 0.7
2 2 10 100 100 0.5 0.7
3 1 10 100 100 0.5 0.75
2 1 10 100 100 0.5 0.75
8 6 10 100 100 0.5 0.75
0 0 10 100 100 0.5 0.75
8 6 10 100 100 0.5 0.75
1 1 10 100 100 0.5 0.75
6 4 10 100 100 0.5 0.8
4 3 10 100 100 0.5 0.8
3 1 10 100 100 0.5 0.8
8 6 10 100 100 0.5 0.8
11 8 10 100 100 0.5 0.8
1 2 10 100 100 0.5 0.8
3 1 10 100 100 0.5 0.85
5 2 10 100 100 0.5 0.85
5 2 10 100 100 0.5 0.85
4 2 10 100 100 0.5 0.85
6 4 10 100 100 0.5 0.85
3 7 10 100 100 0.5 0.85
1 2 10 100 100 0.5 0.9
11 6 10 100 100 0.5 0.9
7 9 10 100 100 0.5 0.9
6 9 10 100 100 0.5 0.9
13 13 10 100 100 0.5 0.9
1 5 10 100 100 0.5 0.9
7 16 10 100 100 0.5 0.95
3 4 10 100 100 0.5 0.95
11 29 10 100 100 0.5 0.95
0 0 10 100 100 0.5 0.95
10 12 10 100 100 0.5 0.95
2 17 10 100 100 0.5 0.95
4 0 10 1000 10 0.1 0.5
4 0 10 1000 10 0.1 0.5
8 0 10 1000 10 0.1 0.5
1 0 10 1000 10 0.1 0.5
9 1 10 1000 10 0.1 0.5
1 0 10 1000 10 0.1 0.5
13 1 10 1000 10 0.1 0.55
5 0 10 1000 10 0.1 0.55
18 1 10 1000 10 0.1 0.55
4 1 10 1000 10 0.1 0.55
18 1 10 1000 10 0.1 0.55
4 1 10 1000 10 0.1 0.55
8 0 10 1000 10 0.1 0.6
4 0 10 1000 10 0.1 0.6
4 0 10 1000 10 0.1 0.6
9 1 10 1000 10 0.1 0.6
8 0 10 1000 10 0.1 0.6
6 1 10 1000 10 0.1 0.6
5 0 10 1000 10 0.1 0.65
26 1 10 1000 10 0.1 0.65
13 1 10 1000 10 0.1 0.65
18 1 10 1000 10 0.1 0.65
25 1 10 1000 10 0.1 0.65
7 1 10 1000 10 0.1 0.65
4 0 10 1000 10 0.1 0.7
13 1 10 1000 10 0.1 0.7
6 0 10 1000 10 0.1 0.7
12 1 10 1000 10 0.1 0.7
13 0 10 1000 10 0.1 0.7
5 0 10 1000 10 0.1 0.7
5 0 10 1000 10 0.1 0.75
5 0 10 1000 10 0.1 0.75
13 1 10 1000 10 0.1 0.75
9 1 10 1000 10 0.1 0.75
15 1 10 1000 10 0.1 0.75
7 1 10 1000 10 0.1 0.75
14 2 10 1000 10 0.1 0.8
4 0 10 1000 10 0.1 0.8
13 1 10 1000 10 0.1 0.8
6 0 10 1000 10 0.1 0.8
5 0 10 1000 10 0.1 0.8
13 1 10 1000 10 0.1 0.8
8 0 10 1000 10 0.1 0.85
5 0 10 1000 10 0.1 0.85
4 0 10 1000 10 0.1 0.85
13 2 10 1000 10 0.1 0.85
19 3 10 1000 10 0.1 0.85
3 1 10 1000 10 0.1 0.85
9 0 10 1000 10 0.1 0.9
5 0 10 1000 10 0.1 0.9
4 0 10 1000 10 0.1 0.9
12 2 10 1000 10 0.1 0.9
18 2 10 1000 10 0.1 0.9
1 0 10 1000 10 0.1 0.9
5 0 10 1000 10 0.1 0.95
2 0 10 1000 10 0.1 0.95
8 1 10 1000 10 0.1 0.95
3 0 10 1000 10 0.1 0.95
13 1 10 1000 10 0.1 0.95
1 0 10 1000 10 0.1 0.95
4 0 10 1000 10 0.15 0.5
4 0 10 1000 10 0.15 0.5
8 0 10 1000 10 0.15 0.5
1 0 10 1000 10 0.15 0.5
10 1 10 1000 10 0.15 0.5
1 0 10 1000 10 0.15 0.5
5 0 10 1000 10 0.15 0.55
9 0 10 1000 10 0.15 0.55
5 0 10 1000 10 0.15 0.55
9 0 10 1000 10 0.15 0.55
12 1 10 1000 10 0.15 0.55
4 1 10 1000 10 0.15 0.55
4 0 10 1000 10 0.15 0.6
4 0 10 1000 10 0.15 0.6
10 1 10 1000 10 0.15 0.6
1 0 10 1000 10 0.15 0.6
10 1 10 1000 10 0.15 0.6
2 0 10 1000 10 0.15 0.6
4 0 10 1000 10 0.15 0.65
4 0 10 1000 10 0.15 0.65
8 0 10 1000 10 0.15 0.65
1 0 10 1000 10 0.15 0.65
10 1 10 1000 10 0.15 0.65
1 0 10 1000 10 0.15 0.65
4 0 10 1000 10 0.15 0.7
4 0 10 1000 10 0.15 0.7
8 0 10 1000 10 0.15 0.7
1 0 10 1000 10 0.15 0.7
10 1 10 1000 10 0.15 0.7
1 0 10 1000 10 0.15 0.7
4 0 10 1000 10 0.15 0.75
5 0 10 1000 10 0.15 0.75
9 0 10 1000 10 0.15 0.75
1 0 10 1000 10 0.15 0.75
13 2 10 1000 10 0.15 0.75
3 1 10 1000 10 0.15 0.75
4 0 10 1000 10 0.15 0.8
4 0 10 1000 10 0.15 0.8
10 1 10 1000 10 0.15 0.8
1 0 10 1000 10 0.15 0.8
8 0 10 1000 10 0.15 0.8
5 1 10 1000 10 0.15 0.8
4 0 10 1000 10 0.15 0.85
4 0 10 1000 10 0.15 0.85
9 1 10 1000 10 0.15 0.85
2 0 10 1000 10 0.15 0.85
5 0 10 1000 10 0.15 0.85
2 0 10 1000 10 0.15 0.85
3 0 10 1000 10 0.15 0.9
4 0 10 1000 10 0.15 0.9
8 0 10 1000 10 0.15 0.9
2 0 10 1000 10 0.15 0.9
9 0 10 1000 10 0.15 0.9
1 0 10 1000 10 0.15 0.9
9 1 10 1000 10 0.15 0.95
4 0 10 1000 10 0.15 0.95
5 0 10 1000 10 0.15 0.95
10 1 10 1000 10 0.15 0.95
15 2 10 1000 10 0.15 0.95
1 0 10 1000 10 0.15 0.95
4 0 10 1000 10 0.2 0.5
4 0 10 1000 10 0.2 0.5
8 0 10 1000 10 0.2 0.5
1 0 10 1000 10 0.2 0.5
8 0 10 1000 10 0.2 0.5
3 1 10 1000 10 0.2 0.5
4 0 10 1000 10 0.2 0.55
4 0 10 1000 10 0.2 0.55
8 0 10 1000 10 0.2 0.55
1 0 10 1000 10 0.2 0.55
10 1 10 1000 10 0.2 0.55
1 0 10 1000 10 0.2 0.55
5 0 10 1000 10 0.2 0.6
17 1 10 1000 10 0.2 0.6
20 1 10 1000 10 0.2 0.6
3 0 10 1000 10 0.2 0.6
15 1 10 1000 10 0.2 0.6
9 1 10 1000 10 0.2 0.6
4 0 10 1000 10 0.2 0.65
4 0 10 1000 10 0.2 0.65
8 0 10 1000 10 0.2 0.65
2 0 10 1000 10 0.2 0.65
10 1 10 1000 10 0.2 0.65
7 1 10 1000 10 0.2 0.65
8 0 10 1000 10 0.2 0.7
3 0 10 1000 10 0.2 0.7
7 0 10 1000 10 0.2 0.7
5 0 10 1000 10 0.2 0.7
9 0 10 1000 10 0.2 0.7
5 1 10 1000 10 0.2 0.7
8 0 10 1000 10 0.2 0.75
6 0 10 1000 10 0.2 0.75
8 0 10 1000 10 0.2 0.75
6 0 10 1000 10 0.2 0.75
4 0 10 1000 10 0.2 0.75
14 3 10 1000 10 0.2 0.75
5 0 10 1000 10 0.2 0.8
6 0 10 1000 10 0.2 0.8
5 0 10 1000 10 0.2 0.8
6 0 10 1000 10 0.2 0.8
15 4 10 1000 10 0.2 0.8
3 1 10 1000 10 0.2 0.8
4 0 10 1000 10 0.2 0.85
9 1 10 1000 10 0.2 0.85
14 1 10 1000 10 0.2 0.85
1 0 10 1000 10 0.2 0.85
15 1 10 1000 10 0.2 0.85
1 0 10 1000 10 0.2 0.85
10 1 10 1000 10 0.2 0.9
4 0 10 1000 10 0.2 0.9
6 0 10 1000 10 0.2 0.9
8 0 10 1000 10 0.2 0.9
6 0 10 1000 10 0.2 0.9
8 0 10 1000 10 0.2 0.9
8 0 10 1000 10 0.2 0.95
4 0 10 1000 10 0.2 0.95
4 0 10 1000 10 0.2 0.95
12 1 10 1000 10 0.2 0.95
16 2 10 1000 10 0.2 0.95
3 1 10 1000 10 0.2 0.95
8 0 10 1000 10 0.25 0.5
5 0 10 1000 10 0.25 0.5
4 0 10 1000 10 0.25 0.5
12 1 10 1000 10 0.25 0.5
16 1 10 1000 10 0.25 0.5
2 1 10 1000 10 0.25 0.5
4 0 10 1000 10 0.25 0.55
4 0 10 1000 10 0.25 0.55
8 0 10 1000 10 0.25 0.55
3 1 10 1000 10 0.25 0.55
10 1 10 1000 10 0.25 0.55
3 1 10 1000 10 0.25 0.55
4 0 10 1000 10 0.25 0.6
4 0 10 1000 10 0.25 0.6
10 1 10 1000 10 0.25 0.6
2 0 10 1000 10 0.25 0.6
10 1 10 1000 10 0.25 0.6
2 0 10 1000 10 0.25 0.6
4 0 10 1000 10 0.25 0.65
4 0 10 1000 10 0.25 0.65
8 0 10 1000 10 0.25 0.65
2 0 10 1000 10 0.25 0.65
8 0 10 1000 10 0.25 0.65
2 0 10 1000 10 0.25 0.65
4 0 10 1000 10 0.25 0.7
4 0 10 1000 10 0.25 0.7
9 0 10 1000 10 0.25 0.7
1 0 10 1000 10 0.25 0.7
8 0 10 1000 10 0.25 0.7
1 0 10 1000 10 0.25 0.7
15 1 10 1000 10 0.25 0.75
4 0 10 1000 10 0.25 0.75
6 0 10 1000 10 0.25 0.75
15 1 10 1000 10 0.25 0.75
20 1 10 1000 10 0.25 0.75
4 1 10 1000 10 0.25 0.75
3 0 10 1000 10 0.25 0.8
4 0 10 1000 10 0.25 0.8
8 1 10 1000 10 0.25 0.8
3 0 10 1000 10 0.25 0.8
9 0 10 1000 10 0.25 0.8
2 0 10 1000 10 0.25 0.8
3 0 10 1000 10 0.25 0.85
9 1 10 1000 10 0.25 0.85
13 1 10 1000 10 0.25 0.85
2 0 10 1000 10 0.25 0.85
13 1 10 1000 10 0.25 0.85
7 3 10 1000 10 0.25 0.85
4 0 10 1000 10 0.25 0.9
9 1 10 1000 10 0.25 0.9
8 0 10 1000 10 0.25 0.9
5 0 10 1000 10 0.25 0.9
16 2 10 1000 10 0.25 0.9
2 1 10 1000 10 0.25 0.9
4 0 10 1000 10 0.25 0.95
4 0 10 1000 10 0.25 0.95
7 0 10 1000 10 0.25 0.95
3 0 10 1000 10 0.25 0.95
8 0 10 1000 10 0.25 0.95
4 1 10 1000 10 0.25 0.95
4 0 10 1000 10 0.3 0.5
3 0 10 1000 10 0.3 0.5
5 0 10 1000 10 0.3 0.5
5 0 10 1000 10 0.3 0.5
5 0 10 1000 10 0.3 0.5
5 0 10 1000 10 0.3 0.5
5 0 10 1000 10 0.3 0.55
6 0 10 1000 10 0.3 0.55
5 0 10 1000 10 0.3 0.55
7 0 10 1000 10 0.3 0.55
11 1 10 1000 10 0.3 0.55
4 1 10 1000 10 0.3 0.55
11 1 10 1000 10 0.3 0.6
1 0 10 1000 10 0.3 0.6
13 1 10 1000 10 0.3 0.6
1 0 10 1000 10 0.3 0.6
5 0 10 1000 10 0.3 0.6
11 1 10 1000 10 0.3 0.6
3 0 10 1000 10 0.3 0.65
4 0 10 1000 10 0.3 0.65
1 0 10 1000 10 0.3 0.65
9 1 10 1000 10 0.3 0.65
10 1 10 1000 10 0.3 0.65
3 1 10 1000 10 0.3 0.65
19 1 10 1000 10 0.3 0.7
6 0 10 1000 10 0.3 0.7
25 1 10 1000 10 0.3 0.7
1 0 10 1000 10 0.3 0.7
24 1 10 1000 10 0.3 0.7
4 1 10 1000 10 0.3 0.7
6 0 10 1000 10 0.3 0.75
8 0 10 1000 10 0.3 0.75
6 0 10 1000 10 0.3 0.75
8 0 10 1000 10 0.3 0.75
14 1 10 1000 10 0.3 0.75
2 0 10 1000 10 0.3 0.75
5 0 10 1000 10 0.3 0.8
5 0 10 1000 10 0.3 0.8
11 1 10 1000 10 0.3 0.8
2 0 10 1000 10 0.3 0.8
15 3 10 1000 10 0.3 0.8
2 1 10 1000 10 0.3 0.8
6 0 10 1000 10 0.3 0.85
4 0 10 1000 10 0.3 0.85
7 0 10 1000 10 0.3 0.85
4 0 10 1000 10 0.3 0.85
7 0 10 1000 10 0.3 0.85
4 0 10 1000 10 0.3 0.85
4 0 10 1000 10 0.3 0.9
3 0 10 1000 10 0.3 0.9
6 0 10 1000 10 0.3 0.9
10 1 10 1000 10 0.3 0.9
13 2 10 1000 10 0.3 0.9
4 1 10 1000 10 0.3 0.9
8 1 10 1000 10 0.3 0.95
4 0 10 1000 10 0.3 0.95
5 0 10 1000 10 0.3 0.95
7 0 10 1000 10 0.3 0.95
7 0 10 1000 10 0.3 0.95
5 0 10 1000 10 0.3 0.95
5 0 10 1000 10 0.35 0.5
6 0 10 1000 10 0.35 0.5
13 1 10 1000 10 0.35 0.5
3 0 10 1000 10 0.35 0.5
14 1 10 1000 10 0.35 0.5
2 0 10 1000 10 0.35 0.5
4 0 10 1000 10 0.35 0.55
17 1 10 1000 10 0.35 0.55
7 0 10 1000 10 0.35 0.55
15 1 10 1000 10 0.35 0.55
19 1 10 1000 10 0.35 0.55
3 0 10 1000 10 0.35 0.55
4 0 10 1000 10 0.35 0.6
3 0 10 1000 10 0.35 0.6
11 1 10 1000 10 0.35 0.6
2 0 10 1000 10 0.35 0.6
10 1 10 1000 10 0.35 0.6
3 0 10 1000 10 0.35 0.6
5 0 10 1000 10 0.35 0.65
8 0 10 1000 10 0.35 0.65
6 0 10 1000 10 0.35 0.65
7 0 10 1000 10 0.35 0.65
13 1 10 1000 10 0.35 0.65
1 0 10 1000 10 0.35 0.65
4 0 10 1000 10 0.35 0.7
6 1 10 1000 10 0.35 0.7
8 0 10 1000 10 0.35 0.7
6 0 10 1000 10 0.35 0.7
14 1 10 1000 10 0.35 0.7
3 1 10 1000 10 0.35 0.7
5 0 10 1000 10 0.35 0.75
3 0 10 1000 10 0.35 0.75
11 2 10 1000 10 0.35 0.75
2 0 10 1000 10 0.35 0.75
12 2 10 1000 10 0.35 0.75
3 1 10 1000 10 0.35 0.75
5 0 10 1000 10 0.35 0.8
5 0 10 1000 10 0.35 0.8
16 3 10 1000 10 0.35 0.8
2 0 10 1000 10 0.35 0.8
13 2 10 1000 10 0.35 0.8
6 1 10 1000 10 0.35 0.8
4 0 10 1000 10 0.35 0.85
4 0 10 1000 10 0.35 0.85
8 0 10 1000 10 0.35 0.85
2 0 10 1000 10 0.35 0.85
13 2 10 1000 10 0.35 0.85
1 0 10 1000 10 0.35 0.85
6 0 10 1000 10 0.35 0.9
4 0 10 1000 10 0.35 0.9
11 1 10 1000 10 0.35 0.9
2 0 10 1000 10 0.35 0.9
14 2 10 1000 10 0.35 0.9
1 0 10 1000 10 0.35 0.9
4 0 10 1000 10 0.35 0.95
4 0 10 1000 10 0.35 0.95
8 0 10 1000 10 0.35 0.95
2 0 10 1000 10 0.35 0.95
7 0 10 1000 10 0.35 0.95
2 0 10 1000 10 0.35 0.95
4 0 10 1000 10 0.4 0.5
3 0 10 1000 10 0.4 0.5
8 0 10 1000 10 0.4 0.5
2 0 10 1000 10 0.4 0.5
8 0 10 1000 10 0.4 0.5
1 0 10 1000 10 0.4 0.5
6 1 10 1000 10 0.4 0.55
1 0 10 1000 10 0.4 0.55
5 0 10 1000 10 0.4 0.55
6 0 10 1000 10 0.4 0.55
11 1 10 1000 10 0.4 0.55
2 0 10 1000 10 0.4 0.55
4 0 10 1000 10 0.4 0.6
9 1 10 1000 10 0.4 0.6
8 0 10 1000 10 0.4 0.6
9 1 10 1000 10 0.4 0.6
14 1 10 1000 10 0.4 0.6
5 1 10 1000 10 0.4 0.6
6 0 10 1000 10 0.4 0.65
6 0 10 1000 10 0.4 0.65
14 1 10 1000 10 0.4 0.65
2 0 10 1000 10 0.4 0.65
13 1 10 1000 10 0.4 0.65
5 1 10 1000 10 0.4 0.65
6 0 10 1000 10 0.4 0.7
4 0 10 1000 10 0.4 0.7
14 1 10 1000 10 0.4 0.7
3 0 10 1000 10 0.4 0.7
14 1 10 1000 10 0.4 0.7
3 0 10 1000 10 0.4 0.7
15 1 10 1000 10 0.4 0.75
16 1 10 1000 10 0.4 0.75
16 1 10 1000 10 0.4 0.75
16 1 10 1000 10 0.4 0.75
23 1 10 1000 10 0.4 0.75
10 1 10 1000 10 0.4 0.75
8 1 10 1000 10 0.4 0.8
3 0 10 1000 10 0.4 0.8
5 0 10 1000 10 0.4 0.8
7 1 10 1000 10 0.4 0.8
12 0 10 1000 10 0.4 0.8
1 0 10 1000 10 0.4 0.8
6 0 10 1000 10 0.4 0.85
7 0 10 1000 10 0.4 0.85
9 1 10 1000 10 0.4 0.85
4 0 10 1000 10 0.4 0.85
5 0 10 1000 10 0.4 0.85
10 1 10 1000 10 0.4 0.85
15 1 10 1000 10 0.4 0.9
6 0 10 1000 10 0.4 0.9
4 0 10 1000 10 0.4 0.9
18 3 10 1000 10 0.4 0.9
8 0 10 1000 10 0.4 0.9
15 2 10 1000 10 0.4 0.9
4 0 10 1000 10 0.4 0.95
4 0 10 1000 10 0.4 0.95
8 0 10 1000 10 0.4 0.95
2 0 10 1000 10 0.4 0.95
8 0 10 1000 10 0.4 0.95
1 0 10 1000 10 0.4 0.95
4 0 10 1000 10 0.45 0.5
4 0 10 1000 10 0.45 0.5
7 0 10 1000 10 0.45 0.5
2 0 10 1000 10 0.45 0.5
10 1 10 1000 10 0.45 0.5
1 0 10 1000 10 0.45 0.5
9 0 10 1000 10 0.45 0.55
5 0 10 1000 10 0.45 0.55
4 0 10 1000 10 0.45 0.55
11 1 10 1000 10 0.45 0.55
9 0 10 1000 10 0.45 0.55
7 1 10 1000 10 0.45 0.55
6 0 10 1000 10 0.45 0.6
7 0 10 1000 10 0.45 0.6
14 1 10 1000 10 0.45 0.6
1 0 10 1000 10 0.45 0.6
16 1 10 1000 10 0.45 0.6
1 0 10 1000 10 0.45 0.6
3 0 10 1000 10 0.45 0.65
3 0 10 1000 10 0.45 0.65
3 0 10 1000 10 0.45 0.65
8 1 10 1000 10 0.45 0.65
2 0 10 1000 10 0.45 0.65
4 1 10 1000 10 0.45 0.65
13 1 10 1000 10 0.45 0.7
15 1 10 1000 10 0.45 0.7
6 0 10 1000 10 0.45 0.7
23 1 10 1000 10 0.45 0.7
23 1 10 1000 10 0.45 0.7
6 0 10 1000 10 0.45 0.7
6 0 10 1000 10 0.45 0.75
8 0 10 1000 10 0.45 0.75
15 1 10 1000 10 0.45 0.75
4 0 10 1000 10 0.45 0.75
15 1 10 1000 10 0.45 0.75
5 1 10 1000 10 0.45 0.75
5 0 10 1000 10 0.45 0.8
5 0 10 1000 10 0.45 0.8
5 0 10 1000 10 0.45 0.8
8 1 10 1000 10 0.45 0.8
17 4 10 1000 10 0.45 0.8
1 0 10 1000 10 0.45 0.8
4 0 10 1000 10 0.45 0.85
4 0 10 1000 10 0.45 0.85
8 0 10 1000 10 0.45 0.85
1 0 10 1000 10 0.45 0.85
15 4 10 1000 10 0.45 0.85
1 0 10 1000 10 0.45 0.85
1 0 10 1000 10 0.45 0.9
2 0 10 1000 10 0.45 0.9
4 1 10 1000 10 0.45 0.9
6 1 10 1000 10 0.45 0.9
6 1 10 1000 10 0.45 0.9
2 0 10 1000 10 0.45 0.9
1 0 10 1000 10 0.45 0.95
5 0 10 1000 10 0.45 0.95
8 1 10 1000 10 0.45 0.95
6 1 10 1000 10 0.45 0.95
16 3 10 1000 10 0.45 0.95
1 0 10 1000 10 0.45 0.95
4 0 10 1000 10 0.5 0.5
4 0 10 1000 10 0.5 0.5
7 0 10 1000 10 0.5 0.5
4 1 10 1000 10 0.5 0.5
10 1 10 1000 10 0.5 0.5
3 1 10 1000 10 0.5 0.5
8 0 10 1000 10 0.5 0.55
6 0 10 1000 10 0.5 0.55
4 0 10 1000 10 0.5 0.55
11 1 10 1000 10 0.5 0.55
8 0 10 1000 10 0.5 0.55
8 1 10 1000 10 0.5 0.55
5 0 10 1000 10 0.5 0.6
4 0 10 1000 10 0.5 0.6
10 1 10 1000 10 0.5 0.6
1 0 10 1000 10 0.5 0.6
10 0 10 1000 10 0.5 0.6
3 1 10 1000 10 0.5 0.6
4 0 10 1000 10 0.5 0.65
12 1 10 1000 10 0.5 0.65
8 0 10 1000 10 0.5 0.65
10 1 10 1000 10 0.5 0.65
17 1 10 1000 10 0.5 0.65
2 0 10 1000 10 0.5 0.65
10 1 10 1000 10 0.5 0.7
4 0 10 1000 10 0.5 0.7
10 1 10 1000 10 0.5 0.7
4 0 10 1000 10 0.5 0.7
14 1 10 1000 10 0.5 0.7
1 0 10 1000 10 0.5 0.7
7 0 10 1000 10 0.5 0.75
5 0 10 1000 10 0.5 0.75
7 0 10 1000 10 0.5 0.75
18 2 10 1000 10 0.5 0.75
4 0 10 1000 10 0.5 0.75
22 3 10 1000 10 0.5 0.75
4 0 10 1000 10 0.5 0.8
4 0 10 1000 10 0.5 0.8
8 0 10 1000 10 0.5 0.8
1 0 10 1000 10 0.5 0.8
11 2 10 1000 10 0.5 0.8
1 0 10 1000 10 0.5 0.8
4 0 10 1000 10 0.5 0.85
4 0 10 1000 10 0.5 0.85
8 0 10 1000 10 0.5 0.85
1 0 10 1000 10 0.5 0.85
8 0 10 1000 10 0.5 0.85
3 1 10 1000 10 0.5 0.85
5 0 10 1000 10 0.5 0.9
8 1 10 1000 10 0.5 0.9
8 0 10 1000 10 0.5 0.9
6 1 10 1000 10 0.5 0.9
8 0 10 1000 10 0.5 0.9
8 1 10 1000 10 0.5 0.9
4 0 10 1000 10 0.5 0.95
9 1 10 1000 10 0.5 0.95
14 1 10 1000 10 0.5 0.95
1 0 10 1000 10 0.5 0.95
13 1 10 1000 10 0.5 0.95
4 1 10 1000 10 0.5 0.95
4 0 10 1000 100 0.1 0.5
3 0 10 1000 100 0.1 0.5
7 0 10 1000 100 0.1 0.5
7 1 10 1000 100 0.1 0.5
13 1 10 1000 100 0.1 0.5
1 0 10 1000 100 0.1 0.5
4 0 10 1000 100 0.1 0.55
3 0 10 1000 100 0.1 0.55
7 0 10 1000 100 0.1 0.55
2 0 10 1000 100 0.1 0.55
10 1 10 1000 100 0.1 0.55
1 0 10 1000 100 0.1 0.55
8 0 10 1000 100 0.1 0.6
5 0 10 1000 100 0.1 0.6
4 0 10 1000 100 0.1 0.6
12 1 10 1000 100 0.1 0.6
16 1 10 1000 100 0.1 0.6
3 1 10 1000 100 0.1 0.6
4 0 10 1000 100 0.1 0.65
17 1 10 1000 100 0.1 0.65
8 0 10 1000 100 0.1 0.65
14 1 10 1000 100 0.1 0.65
17 1 10 1000 100 0.1 0.65
5 0 10 1000 100 0.1 0.65
8 0 10 1000 100 0.1 0.7
3 0 10 1000 100 0.1 0.7
5 0 10 1000 100 0.1 0.7
11 1 10 1000 100 0.1 0.7
15 1 10 1000 100 0.1 0.7
1 0 10 1000 100 0.1 0.7
4 0 10 1000 100 0.1 0.75
4 0 10 1000 100 0.1 0.75
8 0 10 1000 100 0.1 0.75
1 0 10 1000 100 0.1 0.75
8 0 10 1000 100 0.1 0.75
3 1 10 1000 100 0.1 0.75
4 0 10 1000 100 0.1 0.8
6 0 10 1000 100 0.1 0.8
6 0 10 1000 100 0.1 0.8
4 0 10 1000 100 0.1 0.8
10 0 10 1000 100 0.1 0.8
1 0 10 1000 100 0.1 0.8
3 0 10 1000 100 0.1 0.85
5 0 10 1000 100 0.1 0.85
5 0 10 1000 100 0.1 0.85
4 0 10 1000 100 0.1 0.85
8 0 10 1000 100 0.1 0.85
1 0 10 1000 100 0.1 0.85
4 0 10 1000 100 0.1 0.9
4 0 10 1000 100 0.1 0.9
7 0 10 1000 100 0.1 0.9
2 0 10 1000 100 0.1 0.9
10 1 10 1000 100 0.1 0.9
1 0 10 1000 100 0.1 0.9
4 0 10 1000 100 0.1 0.95
4 0 10 1000 100 0.1 0.95
8 0 10 1000 100 0.1 0.95
2 0 10 1000 100 0.1 0.95
8 0 10 1000 100 0.1 0.95
9 4 10 1000 100 0.1 0.95
8 0 10 1000 100 0.15 0.5
4 0 10 1000 100 0.15 0.5
4 0 10 1000 100 0.15 0.5
11 1 10 1000 100 0.15 0.5
14 1 10 1000 100 0.15 0.5
3 1 10 1000 100 0.15 0.5
5 0 10 1000 100 0.15 0.55
8 0 10 1000 100 0.15 0.55
13 1 10 1000 100 0.15 0.55
2 0 10 1000 100 0.15 0.55
5 0 10 1000 100 0.15 0.55
10 1 10 1000 100 0.15 0.55
5 0 10 1000 100 0.15 0.6
9 0 10 1000 100 0.15 0.6
5 0 10 1000 100 0.15 0.6
11 1 10 1000 100 0.15 0.6
13 1 10 1000 100 0.15 0.6
4 1 10 1000 100 0.15 0.6
4 0 10 1000 100 0.15 0.65
4 0 10 1000 100 0.15 0.65
7 0 10 1000 100 0.15 0.65
3 0 10 1000 100 0.15 0.65
8 0 10 1000 100 0.15 0.65
2 0 10 1000 100 0.15 0.65
4 0 10 1000 100 0.15 0.7
4 0 10 1000 100 0.15 0.7
6 0 10 1000 100 0.15 0.7
6 1 10 1000 100 0.15 0.7
10 1 10 1000 100 0.15 0.7
3 1 10 1000 100 0.15 0.7
4 0 10 1000 100 0.15 0.75
4 0 10 1000 100 0.15 0.75
8 0 10 1000 100 0.15 0.75
1 0 10 1000 100 0.15 0.75
10 1 10 1000 100 0.15 0.75
1 0 10 1000 100 0.15 0.75
4 0 10 1000 100 0.15 0.8
4 0 10 1000 100 0.15 0.8
7 0 10 1000 100 0.15 0.8
5 1 10 1000 100 0.15 0.8
7 0 10 1000 100 0.15 0.8
5 1 10 1000 100 0.15 0.8
9 1 10 1000 100 0.15 0.85
3 0 10 1000 100 0.15 0.85
5 0 10 1000 100 0.15 0.85
8 0 10 1000 100 0.15 0.85
6 0 10 1000 100 0.15 0.85
10 2 10 1000 100 0.15 0.85
4 0 10 1000 100 0.15 0.9
14 2 10 1000 100 0.15 0.9
14 1 10 1000 100 0.15 0.9
7 1 10 1000 100 0.15 0.9
13 1 10 1000 100 0.15 0.9
9 2 10 1000 100 0.15 0.9
7 0 10 1000 100 0.15 0.95
5 0 10 1000 100 0.15 0.95
4 0 10 1000 100 0.15 0.95
9 1 10 1000 100 0.15 0.95
8 0 10 1000 100 0.15 0.95
7 1 10 1000 100 0.15 0.95
3 0 10 1000 100 0.2 0.5
2 0 10 1000 100 0.2 0.5
3 0 10 1000 100 0.2 0.5
5 1 10 1000 100 0.2 0.5
8 0 10 1000 100 0.2 0.5
3 1 10 1000 100 0.2 0.5
1 0 10 1000 100 0.2 0.55
5 0 10 1000 100 0.2 0.55
2 0 10 1000 100 0.2 0.55
7 1 10 1000 100 0.2 0.55
6 1 10 1000 100 0.2 0.55
3 1 10 1000 100 0.2 0.55
7 0 10 1000 100 0.2 0.6
4 0 10 1000 100 0.2 0.6
5 0 10 1000 100 0.2 0.6
7 0 10 1000 100 0.2 0.6
9 0 10 1000 100 0.2 0.6
3 0 10 1000 100 0.2 0.6
5 0 10 1000 100 0.2 0.65
5 0 10 1000 100 0.2 0.65
13 1 10 1000 100 0.2 0.65
2 0 10 1000 100 0.2 0.65
14 1 10 1000 100 0.2 0.65
2 0 10 1000 100 0.2 0.65
4 0 10 1000 100 0.2 0.7
4 0 10 1000 100 0.2 0.7
8 0 10 1000 100 0.2 0.7
2 0 10 1000 100 0.2 0.7
8 0 10 1000 100 0.2 0.7
4 1 10 1000 100 0.2 0.7
4 0 10 1000 100 0.2 0.75
5 0 10 1000 100 0.2 0.75
8 0 10 1000 100 0.2 0.75
2 0 10 1000 100 0.2 0.75
9 0 10 1000 100 0.2 0.75
2 0 10 1000 100 0.2 0.75
4 0 10 1000 100 0.2 0.8
4 0 10 1000 100 0.2 0.8
6 0 10 1000 100 0.2 0.8
4 0 10 1000 100 0.2 0.8
10 1 10 1000 100 0.2 0.8
3 1 10 1000 100 0.2 0.8
8 0 10 1000 100 0.2 0.85
5 0 10 1000 100 0.2 0.85
4 0 10 1000 100 0.2 0.85
10 1 10 1000 100 0.2 0.85
14 1 10 1000 100 0.2 0.85
1 0 10 1000 100 0.2 0.85
3 0 10 1000 100 0.2 0.9
11 0 10 1000 100 0.2 0.9
4 0 10 1000 100 0.2 0.9
16 2 10 1000 100 0.2 0.9
16 1 10 1000 100 0.2 0.9
6 1 10 1000 100 0.2 0.9
6 0 10 1000 100 0.2 0.95
7 0 10 1000 100 0.2 0.95
14 1 10 1000 100 0.2 0.95
3 0 10 1000 100 0.2 0.95
9 1 10 1000 100 0.2 0.95
9 2 10 1000 100 0.2 0.95
4 0 10 1000 100 0.25 0.5
4 0 10 1000 100 0.25 0.5
8 0 10 1000 100 0.25 0.5
2 0 10 1000 100 0.25 0.5
8 0 10 1000 100 0.25 0.5
3 1 10 1000 100 0.25 0.5
6 0 10 1000 100 0.25 0.55
8 0 10 1000 100 0.25 0.55
13 1 10 1000 100 0.25 0.55
2 0 10 1000 100 0.25 0.55
5 0 10 1000 100 0.25 0.55
11 1 10 1000 100 0.25 0.55
3 0 10 1000 100 0.25 0.6
8 0 10 1000 100 0.25 0.6
3 0 10 1000 100 0.25 0.6
8 0 10 1000 100 0.25 0.6
6 0 10 1000 100 0.25 0.6
6 1 10 1000 100 0.25 0.6
8 0 10 1000 100 0.25 0.65
4 0 10 1000 100 0.25 0.65
4 0 10 1000 100 0.25 0.65
11 1 10 1000 100 0.25 0.65
19 1 10 1000 100 0.25 0.65
3 1 10 1000 100 0.25 0.65
12 0 10 1000 100 0.25 0.7
4 0 10 1000 100 0.25 0.7
17 1 10 1000 100 0.25 0.7
2 0 10 1000 100 0.25 0.7
17 1 10 1000 100 0.25 0.7
2 0 10 1000 100 0.25 0.7
8 0 10 1000 100 0.25 0.75
5 0 10 1000 100 0.25 0.75
5 0 10 1000 100 0.25 0.75
11 1 10 1000 100 0.25 0.75
8 0 10 1000 100 0.25 0.75
11 3 10 1000 100 0.25 0.75
1 0 10 1000 100 0.25 0.8
1 0 10 1000 100 0.25 0.8
3 0 10 1000 100 0.25 0.8
7 1 10 1000 100 0.25 0.8
3 0 10 1000 100 0.25 0.8
10 3 10 1000 100 0.25 0.8
4 0 10 1000 100 0.25 0.85
4 0 10 1000 100 0.25 0.85
10 1 10 1000 100 0.25 0.85
3 1 10 1000 100 0.25 0.85
8 0 10 1000 100 0.25 0.85
5 2 10 1000 100 0.25 0.85
9 1 10 1000 100 0.25 0.9
4 0 10 1000 100 0.25 0.9
13 1 10 1000 100 0.25 0.9
1 0 10 1000 100 0.25 0.9
16 2 10 1000 100 0.25 0.9
1 0 10 1000 100 0.25 0.9
4 0 10 1000 100 0.25 0.95
3 0 10 1000 100 0.25 0.95
7 0 10 1000 100 0.25 0.95
2 0 10 1000 100 0.25 0.95
10 0 10 1000 100 0.25 0.95
1 0 10 1000 100 0.25 0.95
5 0 10 1000 100 0.3 0.5
5 0 10 1000 100 0.3 0.5
4 0 10 1000 100 0.3 0.5
6 0 10 1000 100 0.3 0.5
12 1 10 1000 100 0.3 0.5
1 0 10 1000 100 0.3 0.5
4 0 10 1000 100 0.3 0.55
9 1 10 1000 100 0.3 0.55
8 0 10 1000 100 0.3 0.55
8 1 10 1000 100 0.3 0.55
8 0 10 1000 100 0.3 0.55
8 1 10 1000 100 0.3 0.55
7 0 10 1000 100 0.3 0.6
4 0 10 1000 100 0.3 0.6
4 0 10 1000 100 0.3 0.6
7 1 10 1000 100 0.3 0.6
7 0 10 1000 100 0.3 0.6
5 1 10 1000 100 0.3 0.6
4 0 10 1000 100 0.3 0.65
4 0 10 1000 100 0.3 0.65
8 0 10 1000 100 0.3 0.65
3 1 10 1000 100 0.3 0.65
10 1 10 1000 100 0.3 0.65
1 0 10 1000 100 0.3 0.65
4 0 10 1000 100 0.3 0.7
6 0 10 1000 100 0.3 0.7
10 0 10 1000 100 0.3 0.7
3 0 10 1000 100 0.3 0.7
10 0 10 1000 100 0.3 0.7
3 0 10 1000 100 0.3 0.7
5 0 10 1000 100 0.3 0.75
2 0 10 1000 100 0.3 0.75
5 0 10 1000 100 0.3 0.75
2 0 10 1000 100 0.3 0.75
9 1 10 1000 100 0.3 0.75
4 2 10 1000 100 0.3 0.75
4 0 10 1000 100 0.3 0.8
9 1 10 1000 100 0.3 0.8
8 0 10 1000 100 0.3 0.8
5 0 10 1000 100 0.3 0.8
8 0 10 1000 100 0.3 0.8
6 0 10 1000 100 0.3 0.8
4 0 10 1000 100 0.3 0.85
4 0 10 1000 100 0.3 0.85
8 0 10 1000 100 0.3 0.85
4 1 10 1000 100 0.3 0.85
8 0 10 1000 100 0.3 0.85
7 3 10 1000 100 0.3 0.85
4 0 10 1000 100 0.3 0.9
4 0 10 1000 100 0.3 0.9
8 0 10 1000 100 0.3 0.9
1 0 10 1000 100 0.3 0.9
10 1 10 1000 100 0.3 0.9
1 0 10 1000 100 0.3 0.9
10 1 10 1000 100 0.3 0.95
4 0 10 1000 100 0.3 0.95
8 0 10 1000 100 0.3 0.95
8 1 10 1000 100 0.3 0.95
13 1 10 1000 100 0.3 0.95
4 1 10 1000 100 0.3 0.95
4 0 10 1000 100 0.35 0.5
20 1 10 1000 100 0.35 0.5
23 1 10 1000 100 0.35 0.5
2 0 10 1000 100 0.35 0.5
23 1 10 1000 100 0.35 0.5
2 0 10 1000 100 0.35 0.5
18 1 10 1000 100 0.35 0.55
4 0 10 1000 100 0.35 0.55
16 1 10 1000 100 0.35 0.55
7 0 10 1000 100 0.35 0.55
22 1 10 1000 100 0.35 0.55
2 0 10 1000 100 0.35 0.55
4 0 10 1000 100 0.35 0.6
4 0 10 1000 100 0.35 0.6
3 0 10 1000 100 0.35 0.6
11 1 10 1000 100 0.35 0.6
13 1 10 1000 100 0.35 0.6
2 0 10 1000 100 0.35 0.6
6 0 10 1000 100 0.35 0.65
6 0 10 1000 100 0.35 0.65
13 1 10 1000 100 0.35 0.65
3 0 10 1000 100 0.35 0.65
15 1 10 1000 100 0.35 0.65
3 1 10 1000 100 0.35 0.65
4 0 10 1000 100 0.35 0.7
5 0 10 1000 100 0.35 0.7
8 0 10 1000 100 0.35 0.7
2 0 10 1000 100 0.35 0.7
8 0 10 1000 100 0.35 0.7
4 1 10 1000 100 0.35 0.7
5 0 10 1000 100 0.35 0.75
15 1 10 1000 100 0.35 0.75
5 0 10 1000 100 0.35 0.75
15 1 10 1000 100 0.35 0.75
17 1 10 1000 100 0.35 0.75
3 0 10 1000 100 0.35 0.75
8 0 10 1000 100 0.35 0.8
5 0 10 1000 100 0.35 0.8
4 0 10 1000 100 0.35 0.8
11 2 10 1000 100 0.35 0.8
15 1 10 1000 100 0.35 0.8
3 1 10 1000 100 0.35 0.8
4 0 10 1000 100 0.35 0.85
4 0 10 1000 100 0.35 0.85
8 0 10 1000 100 0.35 0.85
2 0 10 1000 100 0.35 0.85
8 0 10 1000 100 0.35 0.85
3 1 10 1000 100 0.35 0.85
25 4 10 1000 100 0.35 0.9
4 0 10 1000 100 0.35 0.9
18 1 10 1000 100 0.35 0.9
12 1 10 1000 100 0.35 0.9
24 4 10 1000 100 0.35 0.9
11 3 10 1000 100 0.35 0.9
6 0 10 1000 100 0.35 0.95
8 0 10 1000 100 0.35 0.95
10 1 10 1000 100 0.35 0.95
7 1 10 1000 100 0.35 0.95
17 2 10 1000 100 0.35 0.95
1 0 10 1000 100 0.35 0.95
4 0 10 1000 100 0.4 0.5
4 0 10 1000 100 0.4 0.5
8 0 10 1000 100 0.4 0.5
1 0 10 1000 100 0.4 0.5
10 1 10 1000 100 0.4 0.5
1 0 10 1000 100 0.4 0.5
23 1 10 1000 100 0.4 0.55
5 0 10 1000 100 0.4 0.55
15 1 10 1000 100 0.4 0.55
14 1 10 1000 100 0.4 0.55
21 1 10 1000 100 0.4 0.55
9 1 10 1000 100 0.4 0.55
14 1 10 1000 100 0.4 0.6
14 1 10 1000 100 0.4 0.6
5 0 10 1000 100 0.4 0.6
23 1 10 1000 100 0.4 0.6
5 0 10 1000 100 0.4 0.6
23 1 10 1000 100 0.4 0.6
8 0 10 1000 100 0.4 0.65
1 0 10 1000 100 0.4 0.65
10 1 10 1000 100 0.4 0.65
1 0 10 1000 100 0.4 0.65
8 0 10 1000 100 0.4 0.65
3 1 10 1000 100 0.4 0.65
3 0 10 1000 100 0.4 0.7
6 0 10 1000 100 0.4 0.7
5 0 10 1000 100 0.4 0.7
8 1 10 1000 100 0.4 0.7
9 0 10 1000 100 0.4 0.7
5 1 10 1000 100 0.4 0.7
9 1 10 1000 100 0.4 0.75
4 0 10 1000 100 0.4 0.75
6 0 10 1000 100 0.4 0.75
8 0 10 1000 100 0.4 0.75
6 0 10 1000 100 0.4 0.75
8 0 10 1000 100 0.4 0.75
4 0 10 1000 100 0.4 0.8
4 0 10 1000 100 0.4 0.8
9 0 10 1000 100 0.4 0.8
1 0 10 1000 100 0.4 0.8
11 1 10 1000 100 0.4 0.8
1 0 10 1000 100 0.4 0.8
4 0 10 1000 100 0.4 0.85
3 0 10 1000 100 0.4 0.85
20 1 10 1000 100 0.4 0.85
3 0 10 1000 100 0.4 0.85
22 2 10 1000 100 0.4 0.85
6 3 10 1000 100 0.4 0.85
6 0 10 1000 100 0.4 0.9
3 0 10 1000 100 0.4 0.9
3 1 10 1000 100 0.4 0.9
20 5 10 1000 100 0.4 0.9
19 6 10 1000 100 0.4 0.9
7 4 10 1000 100 0.4 0.9
8 0 10 1000 100 0.4 0.95
4 0 10 1000 100 0.4 0.95
5 0 10 1000 100 0.4 0.95
8 1 10 1000 100 0.4 0.95
17 3 10 1000 100 0.4 0.95
1 0 10 1000 100 0.4 0.95
5 0 10 1000 100 0.45 0.5
8 0 10 1000 100 0.45 0.5
5 0 10 1000 100 0.45 0.5
8 0 10 1000 100 0.45 0.5
13 1 10 1000 100 0.45 0.5
2 0 10 1000 100 0.45 0.5
5 0 10 1000 100 0.45 0.55
4 0 10 1000 100 0.45 0.55
11 1 10 1000 100 0.45 0.55
2 0 10 1000 100 0.45 0.55
11 1 10 1000 100 0.45 0.55
2 0 10 1000 100 0.45 0.55
6 0 10 1000 100 0.45 0.6
8 0 10 1000 100 0.45 0.6
6 0 10 1000 100 0.45 0.6
8 0 10 1000 100 0.45 0.6
14 1 10 1000 100 0.45 0.6
7 1 10 1000 100 0.45 0.6
6 0 10 1000 100 0.45 0.65
7 0 10 1000 100 0.45 0.65
14 1 10 1000 100 0.45 0.65
2 0 10 1000 100 0.45 0.65
6 0 10 1000 100 0.45 0.65
10 1 10 1000 100 0.45 0.65
8 0 10 1000 100 0.45 0.7
5 0 10 1000 100 0.45 0.7
16 1 10 1000 100 0.45 0.7
1 0 10 1000 100 0.45 0.7
4 0 10 1000 100 0.45 0.7
13 1 10 1000 100 0.45 0.7
4 0 10 1000 100 0.45 0.75
20 1 10 1000 100 0.45 0.75
8 0 10 1000 100 0.45 0.75
17 0 10 1000 100 0.45 0.75
24 1 10 1000 100 0.45 0.75
3 1 10 1000 100 0.45 0.75
4 0 10 1000 100 0.45 0.8
3 0 10 1000 100 0.45 0.8
7 0 10 1000 100 0.45 0.8
2 0 10 1000 100 0.45 0.8
11 2 10 1000 100 0.45 0.8
1 0 10 1000 100 0.45 0.8
4 0 10 1000 100 0.45 0.85
4 0 10 1000 100 0.45 0.85
8 0 10 1000 100 0.45 0.85
2 0 10 1000 100 0.45 0.85
12 2 10 1000 100 0.45 0.85
4 2 10 1000 100 0.45 0.85
3 1 10 1000 100 0.45 0.9
1 0 10 1000 100 0.45 0.9
11 1 10 1000 100 0.45 0.9
2 0 10 1000 100 0.45 0.9
16 4 10 1000 100 0.45 0.9
2 1 10 1000 100 0.45 0.9
4 0 10 1000 100 0.45 0.95
5 0 10 1000 100 0.45 0.95
11 1 10 1000 100 0.45 0.95
1 0 10 1000 100 0.45 0.95
10 1 10 1000 100 0.45 0.95
4 1 10 1000 100 0.45 0.95
4 0 10 1000 100 0.5 0.5
15 1 10 1000 100 0.5 0.5
19 1 10 1000 100 0.5 0.5
2 0 10 1000 100 0.5 0.5
20 1 10 1000 100 0.5 0.5
1 0 10 1000 100 0.5 0.5
6 0 10 1000 100 0.5 0.55
18 1 10 1000 100 0.5 0.55
22 1 10 1000 100 0.5 0.55
3 0 10 1000 100 0.5 0.55
16 1 10 1000 100 0.5 0.55
10 1 10 1000 100 0.5 0.55
8 0 10 1000 100 0.5 0.6
6 0 10 1000 100 0.5 0.6
4 0 10 1000 100 0.5 0.6
11 1 10 1000 100 0.5 0.6
9 0 10 1000 100 0.5 0.6
7 1 10 1000 100 0.5 0.6
5 0 10 1000 100 0.5 0.65
1 0 10 1000 100 0.5 0.65
7 0 10 1000 100 0.5 0.65
1 0 10 1000 100 0.5 0.65
7 1 10 1000 100 0.5 0.65
3 1 10 1000 100 0.5 0.65
6 0 10 1000 100 0.5 0.7
7 0 10 1000 100 0.5 0.7
6 0 10 1000 100 0.5 0.7
12 1 10 1000 100 0.5 0.7
14 1 10 1000 100 0.5 0.7
5 1 10 1000 100 0.5 0.7
5 0 10 1000 100 0.5 0.75
8 0 10 1000 100 0.5 0.75
17 1 10 1000 100 0.5 0.75
3 0 10 1000 100 0.5 0.75
16 1 10 1000 100 0.5 0.75
5 1 10 1000 100 0.5 0.75
3 0 10 1000 100 0.5 0.8
2 0 10 1000 100 0.5 0.8
6 1 10 1000 100 0.5 0.8
3 0 10 1000 100 0.5 0.8
6 2 10 1000 100 0.5 0.8
1 0 10 1000 100 0.5 0.8
4 0 10 1000 100 0.5 0.85
4 0 10 1000 100 0.5 0.85
1 0 10 1000 100 0.5 0.85
8 0 10 1000 100 0.5 0.85
8 0 10 1000 100 0.5 0.85
1 0 10 1000 100 0.5 0.85
4 0 10 1000 100 0.5 0.9
8 1 10 1000 100 0.5 0.9
11 0 10 1000 100 0.5 0.9
4 0 10 1000 100 0.5 0.9
11 1 10 1000 100 0.5 0.9
5 1 10 1000 100 0.5 0.9
4 0 10 1000 100 0.5 0.95
4 0 10 1000 100 0.5 0.95
8 0 10 1000 100 0.5 0.95
1 0 10 1000 100 0.5 0.95
14 3 10 1000 100 0.5 0.95
4 2 10 1000 100 0.5 0.95
4 0 10 1000 1000 0.1 0.5
4 0 10 1000 1000 0.1 0.5
7 0 10 1000 1000 0.1 0.5
2 0 10 1000 1000 0.1 0.5
9 1 10 1000 1000 0.1 0.5
3 1 10 1000 1000 0.1 0.5
4 0 10 1000 1000 0.1 0.55
10 1 10 1000 1000 0.1 0.55
8 0 10 1000 1000 0.1 0.55
7 0 10 1000 1000 0.1 0.55
8 0 10 1000 1000 0.1 0.55
8 1 10 1000 1000 0.1 0.55
5 0 10 1000 1000 0.1 0.6
3 0 10 1000 1000 0.1 0.6
5 0 10 1000 1000 0.1 0.6
5 0 10 1000 1000 0.1 0.6
9 0 10 1000 1000 0.1 0.6
4 1 10 1000 1000 0.1 0.6
4 0 10 1000 1000 0.1 0.65
5 0 10 1000 1000 0.1 0.65
8 0 10 1000 1000 0.1 0.65
2 0 10 1000 1000 0.1 0.65
8 0 10 1000 1000 0.1 0.65
2 0 10 1000 1000 0.1 0.65
6 0 10 1000 1000 0.1 0.7
8 0 10 1000 1000 0.1 0.7
15 1 10 1000 1000 0.1 0.7
3 0 10 1000 1000 0.1 0.7
17 1 10 1000 1000 0.1 0.7
2 0 10 1000 1000 0.1 0.7
3 0 10 1000 1000 0.1 0.75
15 1 10 1000 1000 0.1 0.75
8 0 10 1000 1000 0.1 0.75
13 1 10 1000 1000 0.1 0.75
8 0 10 1000 1000 0.1 0.75
12 1 10 1000 1000 0.1 0.75
3 0 10 1000 1000 0.1 0.8
7 1 10 1000 1000 0.1 0.8
11 0 10 1000 1000 0.1 0.8
3 1 10 1000 1000 0.1 0.8
9 1 10 1000 1000 0.1 0.8
10 4 10 1000 1000 0.1 0.8
4 0 10 1000 1000 0.1 0.85
4 0 10 1000 1000 0.1 0.85
7 0 10 1000 1000 0.1 0.85
2 0 10 1000 1000 0.1 0.85
7 0 10 1000 1000 0.1 0.85
5 2 10 1000 1000 0.1 0.85
4 0 10 1000 1000 0.1 0.9
9 1 10 1000 1000 0.1 0.9
8 0 10 1000 1000 0.1 0.9
5 0 10 1000 1000 0.1 0.9
14 1 10 1000 1000 0.1 0.9
1 0 10 1000 1000 0.1 0.9
9 1 10 1000 1000 0.1 0.95
4 0 10 1000 1000 0.1 0.95
6 0 10 1000 1000 0.1 0.95
8 0 10 1000 1000 0.1 0.95
6 0 10 1000 1000 0.1 0.95
8 0 10 1000 1000 0.1 0.95
4 0 10 1000 1000 0.15 0.5
4 0 10 1000 1000 0.15 0.5
9 0 10 1000 1000 0.15 0.5
2 0 10 1000 1000 0.15 0.5
8 0 10 1000 1000 0.15 0.5
3 1 10 1000 1000 0.15 0.5
14 1 10 1000 1000 0.15 0.55
4 0 10 1000 1000 0.15 0.55
6 0 10 1000 1000 0.15 0.55
13 1 10 1000 1000 0.15 0.55
18 1 10 1000 1000 0.15 0.55
2 0 10 1000 1000 0.15 0.55
4 0 10 1000 1000 0.15 0.6
3 0 10 1000 1000 0.15 0.6
11 1 10 1000 1000 0.15 0.6
3 0 10 1000 1000 0.15 0.6
13 1 10 1000 1000 0.15 0.6
2 0 10 1000 1000 0.15 0.6
5 0 10 1000 1000 0.15 0.65
6 0 10 1000 1000 0.15 0.65
13 1 10 1000 1000 0.15 0.65
3 0 10 1000 1000 0.15 0.65
14 1 10 1000 1000 0.15 0.65
3 0 10 1000 1000 0.15 0.65
14 1 10 1000 1000 0.15 0.7
4 0 10 1000 1000 0.15 0.7
19 1 10 1000 1000 0.15 0.7
5 1 10 1000 1000 0.15 0.7
19 1 10 1000 1000 0.15 0.7
5 1 10 1000 1000 0.15 0.7
2 0 10 1000 1000 0.15 0.75
14 1 10 1000 1000 0.15 0.75
2 0 10 1000 1000 0.15 0.75
18 1 10 1000 1000 0.15 0.75
17 1 10 1000 1000 0.15 0.75
4 1 10 1000 1000 0.15 0.75
4 0 10 1000 1000 0.15 0.8
4 0 10 1000 1000 0.15 0.8
7 0 10 1000 1000 0.15 0.8
2 0 10 1000 1000 0.15 0.8
12 2 10 1000 1000 0.15 0.8
1 0 10 1000 1000 0.15 0.8
5 0 10 1000 1000 0.15 0.85
6 0 10 1000 1000 0.15 0.85
15 3 10 1000 1000 0.15 0.85
6 1 10 1000 1000 0.15 0.85
5 0 10 1000 1000 0.15 0.85
19 3 10 1000 1000 0.15 0.85
4 0 10 1000 1000 0.15 0.9
4 0 10 1000 1000 0.15 0.9
8 0 10 1000 1000 0.15 0.9
2 0 10 1000 1000 0.15 0.9
8 0 10 1000 1000 0.15 0.9
8 4 10 1000 1000 0.15 0.9
4 0 10 1000 1000 0.15 0.95
4 0 10 1000 1000 0.15 0.95
8 0 10 1000 1000 0.15 0.95
4 1 10 1000 1000 0.15 0.95
8 0 10 1000 1000 0.15 0.95
3 1 10 1000 1000 0.15 0.95
4 0 10 1000 1000 0.2 0.5
4 0 10 1000 1000 0.2 0.5
11 1 10 1000 1000 0.2 0.5
3 0 10 1000 1000 0.2 0.5
11 1 10 1000 1000 0.2 0.5
3 0 10 1000 1000 0.2 0.5
5 0 10 1000 1000 0.2 0.55
4 0 10 1000 1000 0.2 0.55
8 0 10 1000 1000 0.2 0.55
3 0 10 1000 1000 0.2 0.55
8 0 10 1000 1000 0.2 0.55
3 0 10 1000 1000 0.2 0.55
5 0 10 1000 1000 0.2 0.6
6 0 10 1000 1000 0.2 0.6
5 0 10 1000 1000 0.2 0.6
7 0 10 1000 1000 0.2 0.6
12 1 10 1000 1000 0.2 0.6
1 0 10 1000 1000 0.2 0.6
4 0 10 1000 1000 0.2 0.65
4 0 10 1000 1000 0.2 0.65
10 1 10 1000 1000 0.2 0.65
1 0 10 1000 1000 0.2 0.65
10 1 10 1000 1000 0.2 0.65
2 1 10 1000 1000 0.2 0.65
14 1 10 1000 1000 0.2 0.7
5 0 10 1000 1000 0.2 0.7
14 1 10 1000 1000 0.2 0.7
10 1 10 1000 1000 0.2 0.7
21 1 10 1000 1000 0.2 0.7
5 1 10 1000 1000 0.2 0.7
6 0 10 1000 1000 0.2 0.75
4 0 10 1000 1000 0.2 0.75
9 0 10 1000 1000 0.2 0.75
2 0 10 1000 1000 0.2 0.75
12 1 10 1000 1000 0.2 0.75
3 1 10 1000 1000 0.2 0.75
4 0 10 1000 1000 0.2 0.8
4 0 10 1000 1000 0.2 0.8
8 0 10 1000 1000 0.2 0.8
1 0 10 1000 1000 0.2 0.8
10 1 10 1000 1000 0.2 0.8
1 0 10 1000 1000 0.2 0.8
9 1 10 1000 1000 0.2 0.85
4 0 10 1000 1000 0.2 0.85
5 0 10 1000 1000 0.2 0.85
8 0 10 1000 1000 0.2 0.85
14 1 10 1000 1000 0.2 0.85
1 0 10 1000 1000 0.2 0.85
12 0 10 1000 1000 0.2 0.9
5 0 10 1000 1000 0.2 0.9
16 1 10 1000 1000 0.2 0.9
2 0 10 1000 1000 0.2 0.9
4 0 10 1000 1000 0.2 0.9
16 2 10 1000 1000 0.2 0.9
4 0 10 1000 1000 0.2 0.95
4 0 10 1000 1000 0.2 0.95
7 0 10 1000 1000 0.2 0.95
3 0 10 1000 1000 0.2 0.95
8 0 10 1000 1000 0.2 0.95
7 3 10 1000 1000 0.2 0.95
2 0 10 1000 1000 0.25 0.5
1 0 10 1000 1000 0.25 0.5
3 0 10 1000 1000 0.25 0.5
6 1 10 1000 1000 0.25 0.5
2 0 10 1000 1000 0.25 0.5
3 0 10 1000 1000 0.25 0.5
4 0 10 1000 1000 0.25 0.55
6 0 10 1000 1000 0.25 0.55
11 1 10 1000 1000 0.25 0.55
3 0 10 1000 1000 0.25 0.55
3 0 10 1000 1000 0.25 0.55
11 1 10 1000 1000 0.25 0.55
14 1 10 1000 1000 0.25 0.6
3 0 10 1000 1000 0.25 0.6
6 0 10 1000 1000 0.25 0.6
13 1 10 1000 1000 0.25 0.6
6 0 10 1000 1000 0.25 0.6
13 1 10 1000 1000 0.25 0.6
4 0 10 1000 1000 0.25 0.65
4 0 10 1000 1000 0.25 0.65
10 1 10 1000 1000 0.25 0.65
2 0 10 1000 1000 0.25 0.65
11 1 10 1000 1000 0.25 0.65
3 1 10 1000 1000 0.25 0.65
4 0 10 1000 1000 0.25 0.7
2 0 10 1000 1000 0.25 0.7
7 0 10 1000 1000 0.25 0.7
2 0 10 1000 1000 0.25 0.7
9 1 10 1000 1000 0.25 0.7
3 1 10 1000 1000 0.25 0.7
8 0 10 1000 1000 0.25 0.75
5 0 10 1000 1000 0.25 0.75
4 0 10 1000 1000 0.25 0.75
14 1 10 1000 1000 0.25 0.75
18 1 10 1000 1000 0.25 0.75
1 0 10 1000 1000 0.25 0.75
5 0 10 1000 1000 0.25 0.8
8 1 10 1000 1000 0.25 0.8
18 4 10 1000 1000 0.25 0.8
6 1 10 1000 1000 0.25 0.8
22 3 10 1000 1000 0.25 0.8
4 1 10 1000 1000 0.25 0.8
4 0 10 1000 1000 0.25 0.85
14 2 10 1000 1000 0.25 0.85
15 1 10 1000 1000 0.25 0.85
4 0 10 1000 1000 0.25 0.85
15 1 10 1000 1000 0.25 0.85
4 0 10 1000 1000 0.25 0.85
4 0 10 1000 1000 0.25 0.9
4 0 10 1000 1000 0.25 0.9
10 1 10 1000 1000 0.25 0.9
8 0 10 1000 1000 0.25 0.9
8 0 10 1000 1000 0.25 0.9
10 1 10 1000 1000 0.25 0.9
5 0 10 1000 1000 0.25 0.95
4 0 10 1000 1000 0.25 0.95
8 0 10 1000 1000 0.25 0.95
3 0 10 1000 1000 0.25 0.95
9 0 10 1000 1000 0.25 0.95
5 2 10 1000 1000 0.25 0.95
7 0 10 1000 1000 0.3 0.5
3 0 10 1000 1000 0.3 0.5
4 0 10 1000 1000 0.3 0.5
10 1 10 1000 1000 0.3 0.5
14 1 10 1000 1000 0.3 0.5
3 1 10 1000 1000 0.3 0.5
4 0 10 1000 1000 0.3 0.55
11 1 10 1000 1000 0.3 0.55
8 0 10 1000 1000 0.3 0.55
7 0 10 1000 1000 0.3 0.55
8 0 10 1000 1000 0.3 0.55
8 1 10 1000 1000 0.3 0.55
14 1 10 1000 1000 0.3 0.6
4 0 10 1000 1000 0.3 0.6
18 1 10 1000 1000 0.3 0.6
1 0 10 1000 1000 0.3 0.6
16 1 10 1000 1000 0.3 0.6
2 0 10 1000 1000 0.3 0.6
4 0 10 1000 1000 0.3 0.65
6 0 10 1000 1000 0.3 0.65
9 0 10 1000 1000 0.3 0.65
4 1 10 1000 1000 0.3 0.65
12 1 10 1000 1000 0.3 0.65
1 0 10 1000 1000 0.3 0.65
17 1 10 1000 1000 0.3 0.7
4 0 10 1000 1000 0.3 0.7
22 1 10 1000 1000 0.3 0.7
2 0 10 1000 1000 0.3 0.7
22 1 10 1000 1000 0.3 0.7
2 0 10 1000 1000 0.3 0.7
8 0 10 1000 1000 0.3 0.75
3 0 10 1000 1000 0.3 0.75
4 0 10 1000 1000 0.3 0.75
10 1 10 1000 1000 0.3 0.75
13 1 10 1000 1000 0.3 0.75
3 1 10 1000 1000 0.3 0.75
4 0 10 1000 1000 0.3 0.8
4 0 10 1000 1000 0.3 0.8
8 0 10 1000 1000 0.3 0.8
1 0 10 1000 1000 0.3 0.8
10 1 10 1000 1000 0.3 0.8
2 1 10 1000 1000 0.3 0.8
5 0 10 1000 1000 0.3 0.85
9 1 10 1000 1000 0.3 0.85
13 2 10 1000 1000 0.3 0.85
2 0 10 1000 1000 0.3 0.85
5 0 10 1000 1000 0.3 0.85
12 1 10 1000 1000 0.3 0.85
5 0 10 1000 1000 0.3 0.9
9 0 10 1000 1000 0.3 0.9
6 0 10 1000 1000 0.3 0.9
12 1 10 1000 1000 0.3 0.9
18 3 10 1000 1000 0.3 0.9
1 0 10 1000 1000 0.3 0.9
9 1 10 1000 1000 0.3 0.95
4 0 10 1000 1000 0.3 0.95
6 0 10 1000 1000 0.3 0.95
7 0 10 1000 1000 0.3 0.95
6 0 10 1000 1000 0.3 0.95
9 1 10 1000 1000 0.3 0.95
4 0 10 1000 1000 0.35 0.5
4 0 10 1000 1000 0.35 0.5
7 0 10 1000 1000 0.35 0.5
2 0 10 1000 1000 0.35 0.5
7 0 10 1000 1000 0.35 0.5
2 0 10 1000 1000 0.35 0.5
4 0 10 1000 1000 0.35 0.55
4 0 10 1000 1000 0.35 0.55
8 0 10 1000 1000 0.35 0.55
1 0 10 1000 1000 0.35 0.55
10 1 10 1000 1000 0.35 0.55
2 1 10 1000 1000 0.35 0.55
7 0 10 1000 1000 0.35 0.6
9 0 10 1000 1000 0.35 0.6
5 0 10 1000 1000 0.35 0.6
13 1 10 1000 1000 0.35 0.6
13 1 10 1000 1000 0.35 0.6
6 1 10 1000 1000 0.35 0.6
4 0 10 1000 1000 0.35 0.65
4 0 10 1000 1000 0.35 0.65
8 0 10 1000 1000 0.35 0.65
1 0 10 1000 1000 0.35 0.65
8 0 10 1000 1000 0.35 0.65
1 0 10 1000 1000 0.35 0.65
1 0 10 1000 1000 0.35 0.7
1 0 10 1000 1000 0.35 0.7
2 0 10 1000 1000 0.35 0.7
1 0 10 1000 1000 0.35 0.7
4 1 10 1000 1000 0.35 0.7
1 0 10 1000 1000 0.35 0.7
3 0 10 1000 1000 0.35 0.75
4 0 10 1000 1000 0.35 0.75
5 0 10 1000 1000 0.35 0.75
3 0 10 1000 1000 0.35 0.75
9 1 10 1000 1000 0.35 0.75
0 0 10 1000 1000 0.35 0.75
8 1 10 1000 1000 0.35 0.8
4 0 10 1000 1000 0.35 0.8
13 1 10 1000 1000 0.35 0.8
2 0 10 1000 1000 0.35 0.8
24 7 10 1000 1000 0.35 0.8
1 0 10 1000 1000 0.35 0.8
4 0 10 1000 1000 0.35 0.85
9 1 10 1000 1000 0.35 0.85
13 1 10 1000 1000 0.35 0.85
2 0 10 1000 1000 0.35 0.85
20 5 10 1000 1000 0.35 0.85
3 1 10 1000 1000 0.35 0.85
4 0 10 1000 1000 0.35 0.9
4 0 10 1000 1000 0.35 0.9
10 1 10 1000 1000 0.35 0.9
1 0 10 1000 1000 0.35 0.9
8 0 10 1000 1000 0.35 0.9
5 2 10 1000 1000 0.35 0.9
3 0 10 1000 1000 0.35 0.95
6 0 10 1000 1000 0.35 0.95
5 0 10 1000 1000 0.35 0.95
6 0 10 1000 1000 0.35 0.95
5 0 10 1000 1000 0.35 0.95
6 1 10 1000 1000 0.35 0.95
5 0 10 1000 1000 0.4 0.5
5 0 10 1000 1000 0.4 0.5
11 1 10 1000 1000 0.4 0.5
1 0 10 1000 1000 0.4 0.5
5 0 10 1000 1000 0.4 0.5
7 0 10 1000 1000 0.4 0.5
2 0 10 1000 1000 0.4 0.55
4 0 10 1000 1000 0.4 0.55
6 0 10 1000 1000 0.4 0.55
1 0 10 1000 1000 0.4 0.55
6 0 10 1000 1000 0.4 0.55
1 0 10 1000 1000 0.4 0.55
7 0 10 1000 1000 0.4 0.6
5 0 10 1000 1000 0.4 0.6
4 0 10 1000 1000 0.4 0.6
9 1 10 1000 1000 0.4 0.6
7 0 10 1000 1000 0.4 0.6
7 1 10 1000 1000 0.4 0.6
6 0 10 1000 1000 0.4 0.65
7 0 10 1000 1000 0.4 0.65
6 0 10 1000 1000 0.4 0.65
7 0 10 1000 1000 0.4 0.65
13 1 10 1000 1000 0.4 0.65
2 0 10 1000 1000 0.4 0.65
3 0 10 1000 1000 0.4 0.7
5 0 10 1000 1000 0.4 0.7
8 0 10 1000 1000 0.4 0.7
1 0 10 1000 1000 0.4 0.7
10 1 10 1000 1000 0.4 0.7
1 0 10 1000 1000 0.4 0.7
4 0 10 1000 1000 0.4 0.75
4 0 10 1000 1000 0.4 0.75
8 0 10 1000 1000 0.4 0.75
3 0 10 1000 1000 0.4 0.75
12 1 10 1000 1000 0.4 0.75
3 1 10 1000 1000 0.4 0.75
6 0 10 1000 1000 0.4 0.8
17 1 10 1000 1000 0.4 0.8
14 2 10 1000 1000 0.4 0.8
10 1 10 1000 1000 0.4 0.8
20 2 10 1000 1000 0.4 0.8
5 0 10 1000 1000 0.4 0.8
4 0 10 1000 1000 0.4 0.85
4 0 10 1000 1000 0.4 0.85
20 3 10 1000 1000 0.4 0.85
6 1 10 1000 1000 0.4 0.85
23 4 10 1000 1000 0.4 0.85
7 3 10 1000 1000 0.4 0.85
4 0 10 1000 1000 0.4 0.9
4 0 10 1000 1000 0.4 0.9
8 0 10 1000 1000 0.4 0.9
1 0 10 1000 1000 0.4 0.9
12 2 10 1000 1000 0.4 0.9
4 2 10 1000 1000 0.4 0.9
10 0 10 1000 1000 0.4 0.95
7 0 10 1000 1000 0.4 0.95
14 0 10 1000 1000 0.4 0.95
4 0 10 1000 1000 0.4 0.95
13 1 10 1000 1000 0.4 0.95
6 1 10 1000 1000 0.4 0.95
7 0 10 1000 1000 0.45 0.5
4 0 10 1000 1000 0.45 0.5
4 0 10 1000 1000 0.45 0.5
11 1 10 1000 1000 0.45 0.5
14 1 10 1000 1000 0.45 0.5
2 0 10 1000 1000 0.45 0.5
4 0 10 1000 1000 0.45 0.55
4 0 10 1000 1000 0.45 0.55
8 0 10 1000 1000 0.45 0.55
1 0 10 1000 1000 0.45 0.55
9 1 10 1000 1000 0.45 0.55
1 0 10 1000 1000 0.45 0.55
8 0 10 1000 1000 0.45 0.6
4 0 10 1000 1000 0.45 0.6
7 0 10 1000 1000 0.45 0.6
5 0 10 1000 1000 0.45 0.6
4 0 10 1000 1000 0.45 0.6
9 1 10 1000 1000 0.45 0.6
4 0 10 1000 1000 0.45 0.65
1 0 10 1000 1000 0.45 0.65
4 0 10 1000 1000 0.45 0.65
4 1 10 1000 1000 0.45 0.65
8 0 10 1000 1000 0.45 0.65
3 1 10 1000 1000 0.45 0.65
6 0 10 1000 1000 0.45 0.7
7 0 10 1000 1000 0.45 0.7
17 1 10 1000 1000 0.45 0.7
2 0 10 1000 1000 0.45 0.7
15 1 10 1000 1000 0.45 0.7
5 1 10 1000 1000 0.45 0.7
6 0 10 1000 1000 0.45 0.75
8 0 10 1000 1000 0.45 0.75
17 1 10 1000 1000 0.45 0.75
3 0 10 1000 1000 0.45 0.75
18 1 10 1000 1000 0.45 0.75
2 0 10 1000 1000 0.45 0.75
4 0 10 1000 1000 0.45 0.8
9 1 10 1000 1000 0.45 0.8
14 1 10 1000 1000 0.45 0.8
1 0 10 1000 1000 0.45 0.8
8 0 10 1000 1000 0.45 0.8
7 1 10 1000 1000 0.45 0.8
9 1 10 1000 1000 0.45 0.85
4 0 10 1000 1000 0.45 0.85
13 1 10 1000 1000 0.45 0.85
2 0 10 1000 1000 0.45 0.85
6 0 10 1000 1000 0.45 0.85
9 1 10 1000 1000 0.45 0.85
4 0 10 1000 1000 0.45 0.9
4 0 10 1000 1000 0.45 0.9
8 0 10 1000 1000 0.45 0.9
2 0 10 1000 1000 0.45 0.9
10 1 10 1000 1000 0.45 0.9
1 0 10 1000 1000 0.45 0.9
4 0 10 1000 1000 0.45 0.95
4 0 10 1000 1000 0.45 0.95
8 0 10 1000 1000 0.45 0.95
3 0 10 1000 1000 0.45 0.95
14 2 10 1000 1000 0.45 0.95
1 0 10 1000 1000 0.45 0.95
4 0 10 1000 1000 0.5 0.5
4 0 10 1000 1000 0.5 0.5
8 0 10 1000 1000 0.5 0.5
2 0 10 1000 1000 0.5 0.5
8 0 10 1000 1000 0.5 0.5
2 0 10 1000 1000 0.5 0.5
4 0 10 1000 1000 0.5 0.55
4 0 10 1000 1000 0.5 0.55
11 1 10 1000 1000 0.5 0.55
2 0 10 1000 1000 0.5 0.55
11 1 10 1000 1000 0.5 0.55
2 0 10 1000 1000 0.5 0.55
7 0 10 1000 1000 0.5 0.6
4 0 10 1000 1000 0.5 0.6
4 0 10 1000 1000 0.5 0.6
12 1 10 1000 1000 0.5 0.6
15 1 10 1000 1000 0.5 0.6
1 0 10 1000 1000 0.5 0.6
5 0 10 1000 1000 0.5 0.65
8 0 10 1000 1000 0.5 0.65
14 1 10 1000 1000 0.5 0.65
2 0 10 1000 1000 0.5 0.65
5 0 10 1000 1000 0.5 0.65
11 1 10 1000 1000 0.5 0.65
6 0 10 1000 1000 0.5 0.7
8 0 10 1000 1000 0.5 0.7
18 1 10 1000 1000 0.5 0.7
2 0 10 1000 1000 0.5 0.7
16 1 10 1000 1000 0.5 0.7
5 1 10 1000 1000 0.5 0.7
15 0 10 1000 1000 0.5 0.75
3 0 10 1000 1000 0.5 0.75
20 1 10 1000 1000 0.5 0.75
3 0 10 1000 1000 0.5 0.75
25 2 10 1000 1000 0.5 0.75
3 1 10 1000 1000 0.5 0.75
6 0 10 1000 1000 0.5 0.8
14 1 10 1000 1000 0.5 0.8
15 2 10 1000 1000 0.5 0.8
8 1 10 1000 1000 0.5 0.8
14 1 10 1000 1000 0.5 0.8
9 1 10 1000 1000 0.5 0.8
4 0 10 1000 1000 0.5 0.85
14 2 10 1000 1000 0.5 0.85
14 1 10 1000 1000 0.5 0.85
5 0 10 1000 1000 0.5 0.85
21 3 10 1000 1000 0.5 0.85
1 0 10 1000 1000 0.5 0.85
6 0 10 1000 1000 0.5 0.9
11 0 10 1000 1000 0.5 0.9
6 0 10 1000 1000 0.5 0.9
11 0 10 1000 1000 0.5 0.9
10 1 10 1000 1000 0.5 0.9
10 1 10 1000 1000 0.5 0.9
4 0 10 1000 1000 0.5 0.95
4 0 10 1000 1000 0.5 0.95
8 0 10 1000 1000 0.5 0.95
2 0 10 1000 1000 0.5 0.95
8 0 10 1000 1000 0.5 0.95
2 0 10 1000 1000 0.5 0.95
