7 88 20 10 10 0.1 0.5
1 49 20 10 10 0.1 0.5
11 49 20 10 10 0.1 0.5
2 34 20 10 10 0.1 0.5
12 64 20 10 10 0.1 0.5
2 45 20 10 10 0.1 0.5
1 7 20 10 10 0.1 0.55
8 27 20 10 10 0.1 0.55
9 38 20 10 10 0.1 0.55
2 23 20 10 10 0.1 0.55
5 29 20 10 10 0.1 0.55
6 49 20 10 10 0.1 0.55
6 17 20 10 10 0.1 0.6
4 14 20 10 10 0.1 0.6
5 17 20 10 10 0.1 0.6
5 35 20 10 10 0.1 0.6
4 15 20 10 10 0.1 0.6
7 52 20 10 10 0.1 0.6
3 17 20 10 10 0.1 0.65
4 21 20 10 10 0.1 0.65
7 28 20 10 10 0.1 0.65
2 23 20 10 10 0.1 0.65
4 31 20 10 10 0.1 0.65
6 48 20 10 10 0.1 0.65
2 9 20 10 10 0.1 0.7
2 11 20 10 10 0.1 0.7
4 18 20 10 10 0.1 0.7
1 25 20 10 10 0.1 0.7
5 37 20 10 10 0.1 0.7
0 17 20 10 10 0.1 0.7
4 23 20 10 10 0.1 0.75
2 12 20 10 10 0.1 0.75
7 32 20 10 10 0.1 0.75
1 20 20 10 10 0.1 0.75
7 46 20 10 10 0.1 0.75
1 19 20 10 10 0.1 0.75
8 24 20 10 10 0.1 0.8
5 13 20 10 10 0.1 0.8
11 31 20 10 10 0.1 0.8
2 6 20 10 10 0.1 0.8
13 61 20 10 10 0.1 0.8
5 166 20 10 10 0.1 0.8
4 10 20 10 10 0.1 0.85
5 17 20 10 10 0.1 0.85
4 12 20 10 10 0.1 0.85
6 20 20 10 10 0.1 0.85
6 27 20 10 10 0.1 0.85
4 30 20 10 10 0.1 0.85
6 30 20 10 10 0.1 0.9
3 13 20 10 10 0.1 0.9
2 7 20 10 10 0.1 0.9
109 873 20 10 10 0.1 0.9
116 1076 20 10 10 0.1 0.9
7 256 20 10 10 0.1 0.9
5 14 20 10 10 0.1 0.95
25 73 20 10 10 0.1 0.95
26 73 20 10 10 0.1 0.95
9 56 20 10 10 0.1 0.95
37 188 20 10 10 0.1 0.95
0 13 20 10 10 0.1 0.95
3 21 20 10 10 0.15 0.5
4 22 20 10 10 0.15 0.5
6 24 20 10 10 0.15 0.5
1 14 20 10 10 0.15 0.5
6 22 20 10 10 0.15 0.5
2 48 20 10 10 0.15 0.5
4 13 20 10 10 0.15 0.55
7 25 20 10 10 0.15 0.55
4 21 20 10 10 0.15 0.55
7 38 20 10 10 0.15 0.55
8 31 20 10 10 0.15 0.55
3 27 20 10 10 0.15 0.55
1 4 20 10 10 0.15 0.6
0 4 20 10 10 0.15 0.6
2 16 20 10 10 0.15 0.6
1 25 20 10 10 0.15 0.6
2 22 20 10 10 0.15 0.6
1 31 20 10 10 0.15 0.6
4 23 20 10 10 0.15 0.65
3 15 20 10 10 0.15 0.65
4 15 20 10 10 0.15 0.65
3 13 20 10 10 0.15 0.65
8 55 20 10 10 0.15 0.65
0 8 20 10 10 0.15 0.65
3 15 20 10 10 0.15 0.7
4 15 20 10 10 0.15 0.7
5 17 20 10 10 0.15 0.7
2 22 20 10 10 0.15 0.7
7 32 20 10 10 0.15 0.7
1 36 20 10 10 0.15 0.7
8 39 20 10 10 0.15 0.75
2 7 20 10 10 0.15 0.75
3 10 20 10 10 0.15 0.75
7 22 20 10 10 0.15 0.75
6 20 20 10 10 0.15 0.75
4 16 20 10 10 0.15 0.75
3 39 20 10 10 0.15 0.8
1 43 20 10 10 0.15 0.8
5 23 20 10 10 0.15 0.8
0 11 20 10 10 0.15 0.8
6 27 20 10 10 0.15 0.8
0 5 20 10 10 0.15 0.8
3 13 20 10 10 0.15 0.85
7 32 20 10 10 0.15 0.85
6 18 20 10 10 0.15 0.85
5 38 20 10 10 0.15 0.85
11 46 20 10 10 0.15 0.85
1 23 20 10 10 0.15 0.85
70 238 20 10 10 0.15 0.9
19 91 20 10 10 0.15 0.9
77 195 20 10 10 0.15 0.9
78 624 20 10 10 0.15 0.9
180 1893 20 10 10 0.15 0.9
14 489 20 10 10 0.15 0.9
4 10 20 10 10 0.15 0.95
43 139 20 10 10 0.15 0.95
54 194 20 10 10 0.15 0.95
10 83 20 10 10 0.15 0.95
9 26 20 10 10 0.15 0.95
58 416 20 10 10 0.15 0.95
5 27 20 10 10 0.2 0.5
6 34 20 10 10 0.2 0.5
8 31 20 10 10 0.2 0.5
4 35 20 10 10 0.2 0.5
6 24 20 10 10 0.2 0.5
7 52 20 10 10 0.2 0.5
2 15 20 10 10 0.2 0.55
5 32 20 10 10 0.2 0.55
6 20 20 10 10 0.2 0.55
2 22 20 10 10 0.2 0.55
6 22 20 10 10 0.2 0.55
2 25 20 10 10 0.2 0.55
1 9 20 10 10 0.2 0.6
1 17 20 10 10 0.2 0.6
2 28 20 10 10 0.2 0.6
2 16 20 10 10 0.2 0.6
5 11 20 10 10 0.2 0.6
0 15 20 10 10 0.2 0.6
1 3 20 10 10 0.2 0.65
4 10 20 10 10 0.2 0.65
4 26 20 10 10 0.2 0.65
1 5 20 10 10 0.2 0.65
6 34 20 10 10 0.2 0.65
1 27 20 10 10 0.2 0.65
2 5 20 10 10 0.2 0.7
7 19 20 10 10 0.2 0.7
3 15 20 10 10 0.2 0.7
6 26 20 10 10 0.2 0.7
9 37 20 10 10 0.2 0.7
0 9 20 10 10 0.2 0.7
4 13 20 10 10 0.2 0.75
2 6 20 10 10 0.2 0.75
5 13 20 10 10 0.2 0.75
2 7 20 10 10 0.2 0.75
6 31 20 10 10 0.2 0.75
1 26 20 10 10 0.2 0.75
8 25 20 10 10 0.2 0.8
12 41 20 10 10 0.2 0.8
10 33 20 10 10 0.2 0.8
14 62 20 10 10 0.2 0.8
19 58 20 10 10 0.2 0.8
10 249 20 10 10 0.2 0.8
3 20 20 10 10 0.2 0.85
1 19 20 10 10 0.2 0.85
5 18 20 10 10 0.2 0.85
4 48 20 10 10 0.2 0.85
8 69 20 10 10 0.2 0.85
2 43 20 10 10 0.2 0.85
15 42 20 10 10 0.2 0.9
71 242 20 10 10 0.2 0.9
88 334 20 10 10 0.2 0.9
34 322 20 10 10 0.2 0.9
45 99 20 10 10 0.2 0.9
99 1246 20 10 10 0.2 0.9
24 69 20 10 10 0.2 0.95
64 222 20 10 10 0.2 0.95
13 34 20 10 10 0.2 0.95
82 259 20 10 10 0.2 0.95
99 507 20 10 10 0.2 0.95
0 11 20 10 10 0.2 0.95
5 33 20 10 10 0.25 0.5
6 33 20 10 10 0.25 0.5
3 8 20 10 10 0.25 0.5
8 28 20 10 10 0.25 0.5
2 19 20 10 10 0.25 0.5
9 37 20 10 10 0.25 0.5
4 21 20 10 10 0.25 0.55
2 11 20 10 10 0.25 0.55
6 27 20 10 10 0.25 0.55
1 33 20 10 10 0.25 0.55
6 32 20 10 10 0.25 0.55
2 33 20 10 10 0.25 0.55
3 13 20 10 10 0.25 0.6
4 20 20 10 10 0.25 0.6
2 8 20 10 10 0.25 0.6
5 16 20 10 10 0.25 0.6
8 55 20 10 10 0.25 0.6
0 9 20 10 10 0.25 0.6
4 20 20 10 10 0.25 0.65
3 13 20 10 10 0.25 0.65
4 15 20 10 10 0.25 0.65
3 17 20 10 10 0.25 0.65
8 60 20 10 10 0.25 0.65
1 19 20 10 10 0.25 0.65
3 10 20 10 10 0.25 0.7
4 13 20 10 10 0.25 0.7
8 33 20 10 10 0.25 0.7
0 9 20 10 10 0.25 0.7
9 64 20 10 10 0.25 0.7
0 20 20 10 10 0.25 0.7
8 37 20 10 10 0.25 0.75
4 20 20 10 10 0.25 0.75
12 38 20 10 10 0.25 0.75
1 23 20 10 10 0.25 0.75
12 41 20 10 10 0.25 0.75
2 59 20 10 10 0.25 0.75
55 147 20 10 10 0.25 0.8
25 66 20 10 10 0.25 0.8
81 274 20 10 10 0.25 0.8
0 11 20 10 10 0.25 0.8
86 392 20 10 10 0.25 0.8
0 10 20 10 10 0.25 0.8
5 13 20 10 10 0.25 0.85
2 4 20 10 10 0.25 0.85
7 23 20 10 10 0.25 0.85
11 95 20 10 10 0.25 0.85
18 137 20 10 10 0.25 0.85
1 19 20 10 10 0.25 0.85
179 547 20 10 10 0.25 0.9
17 66 20 10 10 0.25 0.9
232 746 20 10 10 0.25 0.9
20 178 20 10 10 0.25 0.9
291 2647 20 10 10 0.25 0.9
34 1157 20 10 10 0.25 0.9
81 238 20 10 10 0.25 0.95
1 4 20 10 10 0.25 0.95
55 146 20 10 10 0.25 0.95
32 128 20 10 10 0.25 0.95
125 1578 20 10 10 0.25 0.95
4 139 20 10 10 0.25 0.95
12 65 20 10 10 0.3 0.5
4 22 20 10 10 0.3 0.5
12 41 20 10 10 0.3 0.5
4 14 20 10 10 0.3 0.5
6 23 20 10 10 0.3 0.5
10 58 20 10 10 0.3 0.5
2 10 20 10 10 0.3 0.55
5 16 20 10 10 0.3 0.55
4 19 20 10 10 0.3 0.55
5 31 20 10 10 0.3 0.55
8 28 20 10 10 0.3 0.55
2 35 20 10 10 0.3 0.55
4 17 20 10 10 0.3 0.6
9 27 20 10 10 0.3 0.6
15 61 20 10 10 0.3 0.6
2 21 20 10 10 0.3 0.6
24 314 20 10 10 0.3 0.6
0 23 20 10 10 0.3 0.6
5 26 20 10 10 0.3 0.65
6 30 20 10 10 0.3 0.65
7 21 20 10 10 0.3 0.65
4 16 20 10 10 0.3 0.65
2 7 20 10 10 0.3 0.65
10 70 20 10 10 0.3 0.65
4 14 20 10 10 0.3 0.7
3 16 20 10 10 0.3 0.7
7 29 20 10 10 0.3 0.7
1 37 20 10 10 0.3 0.7
8 44 20 10 10 0.3 0.7
2 31 20 10 10 0.3 0.7
6 31 20 10 10 0.3 0.75
3 16 20 10 10 0.3 0.75
12 88 20 10 10 0.3 0.75
2 39 20 10 10 0.3 0.75
22 415 20 10 10 0.3 0.75
1 25 20 10 10 0.3 0.75
62 150 20 10 10 0.3 0.8
4 36 20 10 10 0.3 0.8
70 279 20 10 10 0.3 0.8
16 150 20 10 10 0.3 0.8
70 300 20 10 10 0.3 0.8
19 238 20 10 10 0.3 0.8
30 84 20 10 10 0.3 0.85
18 52 20 10 10 0.3 0.85
43 124 20 10 10 0.3 0.85
8 37 20 10 10 0.3 0.85
14 39 20 10 10 0.3 0.85
41 256 20 10 10 0.3 0.85
92 433 20 10 10 0.3 0.9
172 508 20 10 10 0.3 0.9
52 185 20 10 10 0.3 0.9
280 1520 20 10 10 0.3 0.9
296 1235 20 10 10 0.3 0.9
55 1073 20 10 10 0.3 0.9
186 596 20 10 10 0.3 0.95
107 345 20 10 10 0.3 0.95
29 127 20 10 10 0.3 0.95
379 1966 20 10 10 0.3 0.95
295 921 20 10 10 0.3 0.95
115 1573 20 10 10 0.3 0.95
6 25 20 10 10 0.35 0.5
8 27 20 10 10 0.35 0.5
8 26 20 10 10 0.35 0.5
8 33 20 10 10 0.35 0.5
16 83 20 10 10 0.35 0.5
2 67 20 10 10 0.35 0.5
11 36 20 10 10 0.35 0.55
11 34 20 10 10 0.35 0.55
8 28 20 10 10 0.35 0.55
14 47 20 10 10 0.35 0.55
23 85 20 10 10 0.35 0.55
0 21 20 10 10 0.35 0.55
9 34 20 10 10 0.35 0.6
0 23 20 10 10 0.35 0.6
5 17 20 10 10 0.35 0.6
8 25 20 10 10 0.35 0.6
10 36 20 10 10 0.35 0.6
4 20 20 10 10 0.35 0.6
6 26 20 10 10 0.35 0.65
15 48 20 10 10 0.35 0.65
23 131 20 10 10 0.35 0.65
1 6 20 10 10 0.35 0.65
28 288 20 10 10 0.35 0.65
1 24 20 10 10 0.35 0.65
32 93 20 10 10 0.35 0.7
9 25 20 10 10 0.35 0.7
24 71 20 10 10 0.35 0.7
20 114 20 10 10 0.35 0.7
39 119 20 10 10 0.35 0.7
6 112 20 10 10 0.35 0.7
11 31 20 10 10 0.35 0.75
9 33 20 10 10 0.35 0.75
10 42 20 10 10 0.35 0.75
22 122 20 10 10 0.35 0.75
42 581 20 10 10 0.35 0.75
2 97 20 10 10 0.35 0.75
26 74 20 10 10 0.35 0.8
10 31 20 10 10 0.35 0.8
26 70 20 10 10 0.35 0.8
14 65 20 10 10 0.35 0.8
38 121 20 10 10 0.35 0.8
3 53 20 10 10 0.35 0.8
27 108 20 10 10 0.35 0.85
1 5 20 10 10 0.35 0.85
24 57 20 10 10 0.35 0.85
21 222 20 10 10 0.35 0.85
51 599 20 10 10 0.35 0.85
1 50 20 10 10 0.35 0.85
56 137 20 10 10 0.35 0.9
205 443 20 10 10 0.35 0.9
276 1003 20 10 10 0.35 0.9
17 153 20 10 10 0.35 0.9
141 473 20 10 10 0.35 0.9
159 806 20 10 10 0.35 0.9
62 167 20 10 10 0.35 0.95
35 136 20 10 10 0.35 0.95
40 110 20 10 10 0.35 0.95
144 912 20 10 10 0.35 0.95
217 2052 20 10 10 0.35 0.95
1 27 20 10 10 0.35 0.95
1 4 20 10 10 0.4 0.5
7 37 20 10 10 0.4 0.5
5 21 20 10 10 0.4 0.5
7 86 20 10 10 0.4 0.5
13 154 20 10 10 0.4 0.5
1 20 20 10 10 0.4 0.5
12 56 20 10 10 0.4 0.55
8 33 20 10 10 0.4 0.55
14 45 20 10 10 0.4 0.55
10 111 20 10 10 0.4 0.55
22 115 20 10 10 0.4 0.55
3 70 20 10 10 0.4 0.55
13 60 20 10 10 0.4 0.6
12 53 20 10 10 0.4 0.6
25 79 20 10 10 0.4 0.6
2 46 20 10 10 0.4 0.6
27 122 20 10 10 0.4 0.6
2 77 20 10 10 0.4 0.6
9 42 20 10 10 0.4 0.65
12 52 20 10 10 0.4 0.65
23 106 20 10 10 0.4 0.65
1 11 20 10 10 0.4 0.65
12 38 20 10 10 0.4 0.65
13 111 20 10 10 0.4 0.65
19 84 20 10 10 0.4 0.7
11 49 20 10 10 0.4 0.7
31 120 20 10 10 0.4 0.7
3 58 20 10 10 0.4 0.7
31 120 20 10 10 0.4 0.7
3 69 20 10 10 0.4 0.7
9 33 20 10 10 0.4 0.75
79 326 20 10 10 0.4 0.75
53 157 20 10 10 0.4 0.75
37 116 20 10 10 0.4 0.75
61 205 20 10 10 0.4 0.75
34 293 20 10 10 0.4 0.75
45 118 20 10 10 0.4 0.8
17 45 20 10 10 0.4 0.8
56 175 20 10 10 0.4 0.8
8 36 20 10 10 0.4 0.8
69 367 20 10 10 0.4 0.8
5 168 20 10 10 0.4 0.8
30 86 20 10 10 0.4 0.85
29 75 20 10 10 0.4 0.85
62 242 20 10 10 0.4 0.85
30 478 20 10 10 0.4 0.85
76 240 20 10 10 0.4 0.85
19 308 20 10 10 0.4 0.85
116 338 20 10 10 0.4 0.9
147 469 20 10 10 0.4 0.9
86 221 20 10 10 0.4 0.9
183 529 20 10 10 0.4 0.9
164 494 20 10 10 0.4 0.9
138 1585 20 10 10 0.4 0.9
34 81 20 10 10 0.4 0.95
210 605 20 10 10 0.4 0.95
119 296 20 10 10 0.4 0.95
240 1375 20 10 10 0.4 0.95
363 1547 20 10 10 0.4 0.95
47 1573 20 10 10 0.4 0.95
19 92 20 10 10 0.45 0.5
8 37 20 10 10 0.45 0.5
12 37 20 10 10 0.45 0.5
16 61 20 10 10 0.45 0.5
24 79 20 10 10 0.45 0.5
4 37 20 10 10 0.45 0.5
11 54 20 10 10 0.45 0.55
10 36 20 10 10 0.45 0.55
17 66 20 10 10 0.45 0.55
5 32 20 10 10 0.45 0.55
22 83 20 10 10 0.45 0.55
2 59 20 10 10 0.45 0.55
32 102 20 10 10 0.45 0.6
2 5 20 10 10 0.45 0.6
29 85 20 10 10 0.45 0.6
7 54 20 10 10 0.45 0.6
19 58 20 10 10 0.45 0.6
19 159 20 10 10 0.45 0.6
11 39 20 10 10 0.45 0.65
27 85 20 10 10 0.45 0.65
18 88 20 10 10 0.45 0.65
28 138 20 10 10 0.45 0.65
39 124 20 10 10 0.45 0.65
9 161 20 10 10 0.45 0.65
7 27 20 10 10 0.45 0.7
17 112 20 10 10 0.45 0.7
30 125 20 10 10 0.45 0.7
18 155 20 10 10 0.45 0.7
10 125 20 10 10 0.45 0.7
41 306 20 10 10 0.45 0.7
28 137 20 10 10 0.45 0.75
32 148 20 10 10 0.45 0.75
56 157 20 10 10 0.45 0.75
5 25 20 10 10 0.45 0.75
46 146 20 10 10 0.45 0.75
15 96 20 10 10 0.45 0.75
51 157 20 10 10 0.45 0.8
5 10 20 10 10 0.45 0.8
121 873 20 10 10 0.45 0.8
30 263 20 10 10 0.45 0.8
161 1290 20 10 10 0.45 0.8
1 45 20 10 10 0.45 0.8
69 173 20 10 10 0.45 0.85
74 191 20 10 10 0.45 0.85
103 327 20 10 10 0.45 0.85
57 263 20 10 10 0.45 0.85
135 411 20 10 10 0.45 0.85
77 1857 20 10 10 0.45 0.85
189 438 20 10 10 0.45 0.9
111 307 20 10 10 0.45 0.9
195 518 20 10 10 0.45 0.9
192 1043 20 10 10 0.45 0.9
524 5878 20 10 10 0.45 0.9
11 360 20 10 10 0.45 0.9
499 1346 20 10 10 0.45 0.95
112 346 20 10 10 0.45 0.95
464 1543 20 10 10 0.45 0.95
225 1136 20 10 10 0.45 0.95
701 2729 20 10 10 0.45 0.95
37 1168 20 10 10 0.45 0.95
4 146 20 10 10 0.5 0.5
2 90 20 10 10 0.5 0.5
8 77 20 10 10 0.5 0.5
8 94 20 10 10 0.5 0.5
6 60 20 10 10 0.5 0.5
15 284 20 10 10 0.5 0.5
15 94 20 10 10 0.5 0.55
6 120 20 10 10 0.5 0.55
31 147 20 10 10 0.5 0.55
2 27 20 10 10 0.5 0.55
23 117 20 10 10 0.5 0.55
14 210 20 10 10 0.5 0.55
6 16 20 10 10 0.5 0.6
18 48 20 10 10 0.5 0.6
16 55 20 10 10 0.5 0.6
8 29 20 10 10 0.5 0.6
27 151 20 10 10 0.5 0.6
6 224 20 10 10 0.5 0.6
37 113 20 10 10 0.5 0.65
53 301 20 10 10 0.5 0.65
87 339 20 10 10 0.5 0.65
49 627 20 10 10 0.5 0.65
141 889 20 10 10 0.5 0.65
8 262 20 10 10 0.5 0.65
9 28 20 10 10 0.5 0.7
117 353 20 10 10 0.5 0.7
40 108 20 10 10 0.5 0.7
102 646 20 10 10 0.5 0.7
152 756 20 10 10 0.5 0.7
4 141 20 10 10 0.5 0.7
58 142 20 10 10 0.5 0.75
2 4 20 10 10 0.5 0.75
32 90 20 10 10 0.5 0.75
38 229 20 10 10 0.5 0.75
62 243 20 10 10 0.5 0.75
16 387 20 10 10 0.5 0.75
48 153 20 10 10 0.5 0.8
15 84 20 10 10 0.5 0.8
60 407 20 10 10 0.5 0.8
144 1278 20 10 10 0.5 0.8
75 299 20 10 10 0.5 0.8
172 2626 20 10 10 0.5 0.8
104 357 20 10 10 0.5 0.85
4 57 20 10 10 0.5 0.85
161 783 20 10 10 0.5 0.85
20 191 20 10 10 0.5 0.85
139 718 20 10 10 0.5 0.85
51 748 20 10 10 0.5 0.85
174 491 20 10 10 0.5 0.9
361 843 20 10 10 0.5 0.9
586 2049 20 10 10 0.5 0.9
75 620 20 10 10 0.5 0.9
79 231 20 10 10 0.5 0.9
640 4291 20 10 10 0.5 0.9
27 75 20 10 10 0.5 0.95
662 1774 20 10 10 0.5 0.95
287 768 20 10 10 0.5 0.95
744 5109 20 10 10 0.5 0.95
705 1894 20 10 10 0.5 0.95
384 5161 20 10 10 0.5 0.95
4 1 20 100 10 0.1 0.5
17 6 20 100 10 0.1 0.5
25 11 20 100 10 0.1 0.5
51 56 20 100 10 0.1 0.5
145 471 20 100 10 0.1 0.5
106 631 20 100 10 0.1 0.5
8 2 20 100 10 0.1 0.55
15 5 20 100 10 0.1 0.55
3 1 20 100 10 0.1 0.55
123 126 20 100 10 0.1 0.55
5 1 20 100 10 0.1 0.55
127 161 20 100 10 0.1 0.55
8 2 20 100 10 0.1 0.6
2 2 20 100 10 0.1 0.6
10 5 20 100 10 0.1 0.6
2 2 20 100 10 0.1 0.6
4 1 20 100 10 0.1 0.6
39 187 20 100 10 0.1 0.6
5 1 20 100 10 0.1 0.65
8 2 20 100 10 0.1 0.65
5 2 20 100 10 0.1 0.65
10 6 20 100 10 0.1 0.65
9 2 20 100 10 0.1 0.65
6 4 20 100 10 0.1 0.65
12 4 20 100 10 0.1 0.7
4 2 20 100 10 0.1 0.7
17 4 20 100 10 0.1 0.7
8 8 20 100 10 0.1 0.7
26 36 20 100 10 0.1 0.7
1 3 20 100 10 0.1 0.7
12 4 20 100 10 0.1 0.75
10 3 20 100 10 0.1 0.75
12 3 20 100 10 0.1 0.75
17 6 20 100 10 0.1 0.75
14 4 20 100 10 0.1 0.75
18 21 20 100 10 0.1 0.75
21 5 20 100 10 0.1 0.8
11 3 20 100 10 0.1 0.8
8 2 20 100 10 0.1 0.8
25 11 20 100 10 0.1 0.8
27 7 20 100 10 0.1 0.8
7 3 20 100 10 0.1 0.8
62 36 20 100 10 0.1 0.85
5 3 20 100 10 0.1 0.85
53 13 20 100 10 0.1 0.85
38 57 20 100 10 0.1 0.85
90 74 20 100 10 0.1 0.85
3 13 20 100 10 0.1 0.85
197 61 20 100 10 0.1 0.9
414 128 20 100 10 0.1 0.9
633 221 20 100 10 0.1 0.9
20 43 20 100 10 0.1 0.9
639 221 20 100 10 0.1 0.9
49 181 20 100 10 0.1 0.9
670 160 20 100 10 0.1 0.95
2459 693 20 100 10 0.1 0.95
547 173 20 100 10 0.1 0.95
2903 1014 20 100 10 0.1 0.95
402 155 20 100 10 0.1 0.95
3102 1442 20 100 10 0.1 0.95
3 1 20 100 10 0.15 0.5
8 4 20 100 10 0.15 0.5
24 41 20 100 10 0.15 0.5
1 2 20 100 10 0.15 0.5
17 21 20 100 10 0.15 0.5
77 424 20 100 10 0.15 0.5
7 2 20 100 10 0.15 0.55
9 2 20 100 10 0.15 0.55
6 2 20 100 10 0.15 0.55
15 16 20 100 10 0.15 0.55
4 1 20 100 10 0.15 0.55
19 28 20 100 10 0.15 0.55
7 2 20 100 10 0.15 0.6
6 1 20 100 10 0.15 0.6
7 2 20 100 10 0.15 0.6
6 2 20 100 10 0.15 0.6
10 3 20 100 10 0.15 0.6
3 1 20 100 10 0.15 0.6
9 2 20 100 10 0.15 0.65
8 1 20 100 10 0.15 0.65
8 2 20 100 10 0.15 0.65
12 13 20 100 10 0.15 0.65
22 26 20 100 10 0.15 0.65
1 2 20 100 10 0.15 0.65
6 2 20 100 10 0.15 0.7
3 2 20 100 10 0.15 0.7
6 2 20 100 10 0.15 0.7
4 4 20 100 10 0.15 0.7
11 3 20 100 10 0.15 0.7
0 3 20 100 10 0.15 0.7
12 3 20 100 10 0.15 0.75
9 2 20 100 10 0.15 0.75
12 3 20 100 10 0.15 0.75
10 3 20 100 10 0.15 0.75
8 2 20 100 10 0.15 0.75
14 5 20 100 10 0.15 0.75
5 1 20 100 10 0.15 0.8
8 2 20 100 10 0.15 0.8
10 2 20 100 10 0.15 0.8
9 6 20 100 10 0.15 0.8
10 3 20 100 10 0.15 0.8
11 14 20 100 10 0.15 0.8
36 9 20 100 10 0.15 0.85
36 8 20 100 10 0.15 0.85
60 17 20 100 10 0.15 0.85
39 27 20 100 10 0.15 0.85
23 6 20 100 10 0.15 0.85
78 49 20 100 10 0.15 0.85
74 21 20 100 10 0.15 0.9
79 32 20 100 10 0.15 0.9
179 62 20 100 10 0.15 0.9
71 71 20 100 10 0.15 0.9
188 68 20 100 10 0.15 0.9
84 135 20 100 10 0.15 0.9
458 133 20 100 10 0.15 0.95
1786 465 20 100 10 0.15 0.95
4136 2178 20 100 10 0.15 0.95
235 199 20 100 10 0.15 0.95
4598 3395 20 100 10 0.15 0.95
568 2579 20 100 10 0.15 0.95
10 2 20 100 10 0.2 0.5
177 61 20 100 10 0.2 0.5
9 30 20 100 10 0.2 0.5
180 66 20 100 10 0.2 0.5
133 49 20 100 10 0.2 0.5
67 75 20 100 10 0.2 0.5
7 1 20 100 10 0.2 0.55
67 16 20 100 10 0.2 0.55
6 2 20 100 10 0.2 0.55
86 50 20 100 10 0.2 0.55
5 2 20 100 10 0.2 0.55
99 107 20 100 10 0.2 0.55
0 1 20 100 10 0.2 0.6
1 2 20 100 10 0.2 0.6
1 2 20 100 10 0.2 0.6
2 2 20 100 10 0.2 0.6
1 4 20 100 10 0.2 0.6
7 28 20 100 10 0.2 0.6
5 1 20 100 10 0.2 0.65
12 3 20 100 10 0.2 0.65
8 2 20 100 10 0.2 0.65
10 3 20 100 10 0.2 0.65
12 4 20 100 10 0.2 0.65
6 2 20 100 10 0.2 0.65
5 2 20 100 10 0.2 0.7
16 1 20 100 10 0.2 0.7
5 1 20 100 10 0.2 0.7
16 5 20 100 10 0.2 0.7
21 8 20 100 10 0.2 0.7
1 2 20 100 10 0.2 0.7
21 6 20 100 10 0.2 0.75
8 2 20 100 10 0.2 0.75
24 6 20 100 10 0.2 0.75
8 6 20 100 10 0.2 0.75
33 18 20 100 10 0.2 0.75
1 3 20 100 10 0.2 0.75
10 5 20 100 10 0.2 0.8
16 10 20 100 10 0.2 0.8
31 6 20 100 10 0.2 0.8
12 11 20 100 10 0.2 0.8
36 27 20 100 10 0.2 0.8
7 8 20 100 10 0.2 0.8
13 2 20 100 10 0.2 0.85
125 46 20 100 10 0.2 0.85
83 31 20 100 10 0.2 0.85
59 16 20 100 10 0.2 0.85
143 35 20 100 10 0.2 0.85
9 42 20 100 10 0.2 0.85
11 2 20 100 10 0.2 0.9
225 65 20 100 10 0.2 0.9
118 39 20 100 10 0.2 0.9
333 237 20 100 10 0.2 0.9
418 229 20 100 10 0.2 0.9
68 178 20 100 10 0.2 0.9
351 164 20 100 10 0.2 0.95
1403 499 20 100 10 0.2 0.95
2472 993 20 100 10 0.2 0.95
681 594 20 100 10 0.2 0.95
693 207 20 100 10 0.2 0.95
2548 1929 20 100 10 0.2 0.95
1 3 20 100 10 0.25 0.5
1 1 20 100 10 0.25 0.5
13 15 20 100 10 0.25 0.5
1 1 20 100 10 0.25 0.5
22 55 20 100 10 0.25 0.5
11 54 20 100 10 0.25 0.5
1 1 20 100 10 0.25 0.55
6 3 20 100 10 0.25 0.55
11 14 20 100 10 0.25 0.55
1 1 20 100 10 0.25 0.55
12 15 20 100 10 0.25 0.55
1 4 20 100 10 0.25 0.55
8 2 20 100 10 0.25 0.6
8 2 20 100 10 0.25 0.6
13 4 20 100 10 0.25 0.6
6 4 20 100 10 0.25 0.6
19 7 20 100 10 0.25 0.6
1 3 20 100 10 0.25 0.6
7 3 20 100 10 0.25 0.65
7 4 20 100 10 0.25 0.65
12 3 20 100 10 0.25 0.65
3 2 20 100 10 0.25 0.65
9 2 20 100 10 0.25 0.65
6 3 20 100 10 0.25 0.65
1 3 20 100 10 0.25 0.7
6 4 20 100 10 0.25 0.7
1 3 20 100 10 0.25 0.7
6 3 20 100 10 0.25 0.7
6 5 20 100 10 0.25 0.7
0 1 20 100 10 0.25 0.7
12 3 20 100 10 0.25 0.75
9 2 20 100 10 0.25 0.75
10 2 20 100 10 0.25 0.75
13 4 20 100 10 0.25 0.75
22 8 20 100 10 0.25 0.75
4 18 20 100 10 0.25 0.75
19 3 20 100 10 0.25 0.8
53 9 20 100 10 0.25 0.8
38 7 20 100 10 0.25 0.8
34 16 20 100 10 0.25 0.8
27 13 20 100 10 0.25 0.8
45 15 20 100 10 0.25 0.8
96 23 20 100 10 0.25 0.85
112 45 20 100 10 0.25 0.85
19 4 20 100 10 0.25 0.85
193 62 20 100 10 0.25 0.85
102 28 20 100 10 0.25 0.85
124 87 20 100 10 0.25 0.85
229 63 20 100 10 0.25 0.9
589 177 20 100 10 0.25 0.9
525 136 20 100 10 0.25 0.9
372 177 20 100 10 0.25 0.9
266 77 20 100 10 0.25 0.9
639 295 20 100 10 0.25 0.9
73 18 20 100 10 0.25 0.95
610 170 20 100 10 0.25 0.95
487 121 20 100 10 0.25 0.95
264 136 20 100 10 0.25 0.95
1015 1408 20 100 10 0.25 0.95
167 728 20 100 10 0.25 0.95
10 3 20 100 10 0.3 0.5
4 1 20 100 10 0.3 0.5
5 1 20 100 10 0.3 0.5
18 11 20 100 10 0.3 0.5
25 27 20 100 10 0.3 0.5
2 7 20 100 10 0.3 0.5
7 1 20 100 10 0.3 0.55
4 1 20 100 10 0.3 0.55
21 13 20 100 10 0.3 0.55
5 4 20 100 10 0.3 0.55
26 20 20 100 10 0.3 0.55
2 11 20 100 10 0.3 0.55
6 3 20 100 10 0.3 0.6
4 2 20 100 10 0.3 0.6
11 3 20 100 10 0.3 0.6
3 6 20 100 10 0.3 0.6
13 7 20 100 10 0.3 0.6
1 3 20 100 10 0.3 0.6
5 5 20 100 10 0.3 0.65
4 2 20 100 10 0.3 0.65
6 2 20 100 10 0.3 0.65
4 2 20 100 10 0.3 0.65
5 2 20 100 10 0.3 0.65
5 3 20 100 10 0.3 0.65
5 2 20 100 10 0.3 0.7
13 3 20 100 10 0.3 0.7
13 4 20 100 10 0.3 0.7
7 3 20 100 10 0.3 0.7
11 5 20 100 10 0.3 0.7
8 5 20 100 10 0.3 0.7
6 2 20 100 10 0.3 0.75
6 2 20 100 10 0.3 0.75
6 2 20 100 10 0.3 0.75
7 4 20 100 10 0.3 0.75
12 4 20 100 10 0.3 0.75
1 4 20 100 10 0.3 0.75
16 3 20 100 10 0.3 0.8
32 7 20 100 10 0.3 0.8
15 7 20 100 10 0.3 0.8
39 17 20 100 10 0.3 0.8
56 25 20 100 10 0.3 0.8
7 32 20 100 10 0.3 0.8
48 15 20 100 10 0.3 0.85
42 10 20 100 10 0.3 0.85
93 25 20 100 10 0.3 0.85
9 19 20 100 10 0.3 0.85
110 78 20 100 10 0.3 0.85
8 35 20 100 10 0.3 0.85
200 59 20 100 10 0.3 0.9
88 29 20 100 10 0.3 0.9
360 151 20 100 10 0.3 0.9
168 168 20 100 10 0.3 0.9
61 16 20 100 10 0.3 0.9
518 466 20 100 10 0.3 0.9
1425 415 20 100 10 0.3 0.95
309 82 20 100 10 0.3 0.95
2063 897 20 100 10 0.3 0.95
542 972 20 100 10 0.3 0.95
2678 2322 20 100 10 0.3 0.95
5 18 20 100 10 0.3 0.95
5 1 20 100 10 0.35 0.5
10 2 20 100 10 0.35 0.5
19 15 20 100 10 0.35 0.5
1 3 20 100 10 0.35 0.5
10 8 20 100 10 0.35 0.5
11 19 20 100 10 0.35 0.5
4 1 20 100 10 0.35 0.55
18 5 20 100 10 0.35 0.55
11 3 20 100 10 0.35 0.55
15 9 20 100 10 0.35 0.55
26 13 20 100 10 0.35 0.55
1 4 20 100 10 0.35 0.55
9 4 20 100 10 0.35 0.6
7 3 20 100 10 0.35 0.6
16 4 20 100 10 0.35 0.6
1 2 20 100 10 0.35 0.6
19 11 20 100 10 0.35 0.6
1 2 20 100 10 0.35 0.6
8 4 20 100 10 0.35 0.65
4 2 20 100 10 0.35 0.65
11 2 20 100 10 0.35 0.65
3 4 20 100 10 0.35 0.65
13 4 20 100 10 0.35 0.65
1 3 20 100 10 0.35 0.65
6 1 20 100 10 0.35 0.7
8 2 20 100 10 0.35 0.7
14 4 20 100 10 0.35 0.7
2 7 20 100 10 0.35 0.7
19 7 20 100 10 0.35 0.7
1 4 20 100 10 0.35 0.7
28 8 20 100 10 0.35 0.75
2 3 20 100 10 0.35 0.75
13 3 20 100 10 0.35 0.75
17 9 20 100 10 0.35 0.75
20 6 20 100 10 0.35 0.75
12 10 20 100 10 0.35 0.75
10 2 20 100 10 0.35 0.8
23 4 20 100 10 0.35 0.8
7 3 20 100 10 0.35 0.8
38 26 20 100 10 0.35 0.8
45 23 20 100 10 0.35 0.8
2 7 20 100 10 0.35 0.8
78 20 20 100 10 0.35 0.85
34 9 20 100 10 0.35 0.85
139 42 20 100 10 0.35 0.85
16 14 20 100 10 0.35 0.85
166 138 20 100 10 0.35 0.85
12 47 20 100 10 0.35 0.85
62 27 20 100 10 0.35 0.9
492 172 20 100 10 0.35 0.9
667 325 20 100 10 0.35 0.9
159 241 20 100 10 0.35 0.9
74 28 20 100 10 0.35 0.9
760 598 20 100 10 0.35 0.9
1387 427 20 100 10 0.35 0.95
15 6 20 100 10 0.35 0.95
1663 543 20 100 10 0.35 0.95
1533 1319 20 100 10 0.35 0.95
3438 3008 20 100 10 0.35 0.95
356 1499 20 100 10 0.35 0.95
2 12 20 100 10 0.4 0.5
20 5 20 100 10 0.4 0.5
26 15 20 100 10 0.4 0.5
11 11 20 100 10 0.4 0.5
26 7 20 100 10 0.4 0.5
13 23 20 100 10 0.4 0.5
6 3 20 100 10 0.4 0.55
9 4 20 100 10 0.4 0.55
16 5 20 100 10 0.4 0.55
1 2 20 100 10 0.4 0.55
16 7 20 100 10 0.4 0.55
1 2 20 100 10 0.4 0.55
9 2 20 100 10 0.4 0.6
6 1 20 100 10 0.4 0.6
16 6 20 100 10 0.4 0.6
7 7 20 100 10 0.4 0.6
18 7 20 100 10 0.4 0.6
6 6 20 100 10 0.4 0.6
4 2 20 100 10 0.4 0.65
1 3 20 100 10 0.4 0.65
10 6 20 100 10 0.4 0.65
2 6 20 100 10 0.4 0.65
11 3 20 100 10 0.4 0.65
2 4 20 100 10 0.4 0.65
4 2 20 100 10 0.4 0.7
11 5 20 100 10 0.4 0.7
8 2 20 100 10 0.4 0.7
8 5 20 100 10 0.4 0.7
16 5 20 100 10 0.4 0.7
2 8 20 100 10 0.4 0.7
29 7 20 100 10 0.4 0.75
17 4 20 100 10 0.4 0.75
22 5 20 100 10 0.4 0.75
35 16 20 100 10 0.4 0.75
48 14 20 100 10 0.4 0.75
10 13 20 100 10 0.4 0.75
14 5 20 100 10 0.4 0.8
15 6 20 100 10 0.4 0.8
35 22 20 100 10 0.4 0.8
6 10 20 100 10 0.4 0.8
49 63 20 100 10 0.4 0.8
1 5 20 100 10 0.4 0.8
5 1 20 100 10 0.4 0.85
133 35 20 100 10 0.4 0.85
139 31 20 100 10 0.4 0.85
7 11 20 100 10 0.4 0.85
158 104 20 100 10 0.4 0.85
10 19 20 100 10 0.4 0.85
50 13 20 100 10 0.4 0.9
338 100 20 100 10 0.4 0.9
9 8 20 100 10 0.4 0.9
439 222 20 100 10 0.4 0.9
546 592 20 100 10 0.4 0.9
92 383 20 100 10 0.4 0.9
400 89 20 100 10 0.4 0.95
1187 265 20 100 10 0.4 0.95
276 97 20 100 10 0.4 0.95
1474 440 20 100 10 0.4 0.95
1874 1069 20 100 10 0.4 0.95
275 1150 20 100 10 0.4 0.95
3 2 20 100 10 0.45 0.5
26 7 20 100 10 0.45 0.5
18 3 20 100 10 0.45 0.5
11 5 20 100 10 0.45 0.5
24 9 20 100 10 0.45 0.5
7 10 20 100 10 0.45 0.5
2 1 20 100 10 0.45 0.55
18 10 20 100 10 0.45 0.55
21 6 20 100 10 0.45 0.55
1 4 20 100 10 0.45 0.55
22 9 20 100 10 0.45 0.55
2 7 20 100 10 0.45 0.55
13 6 20 100 10 0.45 0.6
15 6 20 100 10 0.45 0.6
28 7 20 100 10 0.45 0.6
1 2 20 100 10 0.45 0.6
22 5 20 100 10 0.45 0.6
7 5 20 100 10 0.45 0.6
5 2 20 100 10 0.45 0.65
17 7 20 100 10 0.45 0.65
15 4 20 100 10 0.45 0.65
7 2 20 100 10 0.45 0.65
5 1 20 100 10 0.45 0.65
20 12 20 100 10 0.45 0.65
6 2 20 100 10 0.45 0.7
18 7 20 100 10 0.45 0.7
26 10 20 100 10 0.45 0.7
2 5 20 100 10 0.45 0.7
26 12 20 100 10 0.45 0.7
2 4 20 100 10 0.45 0.7
62 16 20 100 10 0.45 0.75
36 14 20 100 10 0.45 0.75
37 8 20 100 10 0.45 0.75
74 29 20 100 10 0.45 0.75
108 42 20 100 10 0.45 0.75
4 5 20 100 10 0.45 0.75
47 17 20 100 10 0.45 0.8
83 25 20 100 10 0.45 0.8
137 45 20 100 10 0.45 0.8
24 26 20 100 10 0.45 0.8
161 110 20 100 10 0.45 0.8
4 15 20 100 10 0.45 0.8
208 49 20 100 10 0.45 0.85
145 34 20 100 10 0.45 0.85
23 6 20 100 10 0.45 0.85
338 91 20 100 10 0.45 0.85
437 431 20 100 10 0.45 0.85
13 56 20 100 10 0.45 0.85
920 218 20 100 10 0.45 0.9
28 9 20 100 10 0.45 0.9
391 86 20 100 10 0.45 0.9
741 334 20 100 10 0.45 0.9
931 308 20 100 10 0.45 0.9
275 534 20 100 10 0.45 0.9
6704 1717 20 100 10 0.45 0.95
264 71 20 100 10 0.45 0.95
7095 1845 20 100 10 0.45 0.95
173 140 20 100 10 0.45 0.95
2061 527 20 100 10 0.45 0.95
5835 4057 20 100 10 0.45 0.95
1 3 20 100 10 0.5 0.5
2 7 20 100 10 0.5 0.5
5 8 20 100 10 0.5 0.5
2 6 20 100 10 0.5 0.5
3 8 20 100 10 0.5 0.5
7 29 20 100 10 0.5 0.5
6 3 20 100 10 0.5 0.55
37 17 20 100 10 0.5 0.55
43 10 20 100 10 0.5 0.55
14 13 20 100 10 0.5 0.55
49 20 20 100 10 0.5 0.55
8 8 20 100 10 0.5 0.55
30 7 20 100 10 0.5 0.6
3 5 20 100 10 0.5 0.6
10 3 20 100 10 0.5 0.6
24 8 20 100 10 0.5 0.6
34 15 20 100 10 0.5 0.6
2 4 20 100 10 0.5 0.6
12 4 20 100 10 0.5 0.65
25 7 20 100 10 0.5 0.65
10 2 20 100 10 0.5 0.65
30 12 20 100 10 0.5 0.65
39 12 20 100 10 0.5 0.65
3 11 20 100 10 0.5 0.65
49 13 20 100 10 0.5 0.7
36 9 20 100 10 0.5 0.7
45 12 20 100 10 0.5 0.7
56 35 20 100 10 0.5 0.7
99 34 20 100 10 0.5 0.7
4 8 20 100 10 0.5 0.7
86 29 20 100 10 0.5 0.75
60 19 20 100 10 0.5 0.75
68 14 20 100 10 0.5 0.75
80 27 20 100 10 0.5 0.75
153 70 20 100 10 0.5 0.75
4 13 20 100 10 0.5 0.75
90 27 20 100 10 0.5 0.8
57 12 20 100 10 0.5 0.8
144 37 20 100 10 0.5 0.8
26 46 20 100 10 0.5 0.8
183 132 20 100 10 0.5 0.8
2 9 20 100 10 0.5 0.8
209 59 20 100 10 0.5 0.85
232 65 20 100 10 0.5 0.85
156 48 20 100 10 0.5 0.85
312 140 20 100 10 0.5 0.85
469 179 20 100 10 0.5 0.85
11 46 20 100 10 0.5 0.85
282 64 20 100 10 0.5 0.9
964 234 20 100 10 0.5 0.9
909 221 20 100 10 0.5 0.9
388 109 20 100 10 0.5 0.9
997 260 20 100 10 0.5 0.9
333 233 20 100 10 0.5 0.9
5296 1250 20 100 10 0.5 0.95
4707 1018 20 100 10 0.5 0.95
7882 1967 20 100 10 0.5 0.95
2463 913 20 100 10 0.5 0.95
6254 1458 20 100 10 0.5 0.95
4094 1229 20 100 10 0.5 0.95
4 1 20 100 100 0.1 0.5
12 5 20 100 100 0.1 0.5
19 12 20 100 100 0.1 0.5
1 1 20 100 100 0.1 0.5
112 460 20 100 100 0.1 0.5
0 1 20 100 100 0.1 0.5
2 2 20 100 100 0.1 0.55
28 8 20 100 100 0.1 0.55
9 1 20 100 100 0.1 0.55
26 10 20 100 100 0.1 0.55
11 1 20 100 100 0.1 0.55
122 488 20 100 100 0.1 0.55
0 1 20 100 100 0.1 0.6
1 2 20 100 100 0.1 0.6
2 4 20 100 100 0.1 0.6
1 3 20 100 100 0.1 0.6
4 2 20 100 100 0.1 0.6
0 1 20 100 100 0.1 0.6
5 2 20 100 100 0.1 0.65
5 2 20 100 100 0.1 0.65
6 1 20 100 100 0.1 0.65
4 1 20 100 100 0.1 0.65
8 2 20 100 100 0.1 0.65
2 2 20 100 100 0.1 0.65
6 1 20 100 100 0.1 0.7
5 1 20 100 100 0.1 0.7
8 3 20 100 100 0.1 0.7
4 2 20 100 100 0.1 0.7
10 2 20 100 100 0.1 0.7
2 2 20 100 100 0.1 0.7
19 5 20 100 100 0.1 0.75
6 1 20 100 100 0.1 0.75
16 4 20 100 100 0.1 0.75
8 2 20 100 100 0.1 0.75
16 4 20 100 100 0.1 0.75
14 21 20 100 100 0.1 0.75
13 5 20 100 100 0.1 0.8
6 2 20 100 100 0.1 0.8
19 4 20 100 100 0.1 0.8
2 3 20 100 100 0.1 0.8
10 2 20 100 100 0.1 0.8
11 8 20 100 100 0.1 0.8
25 10 20 100 100 0.1 0.85
5 2 20 100 100 0.1 0.85
20 5 20 100 100 0.1 0.85
10 2 20 100 100 0.1 0.85
35 26 20 100 100 0.1 0.85
1 4 20 100 100 0.1 0.85
25 9 20 100 100 0.1 0.9
40 10 20 100 100 0.1 0.9
50 15 20 100 100 0.1 0.9
41 35 20 100 100 0.1 0.9
71 26 20 100 100 0.1 0.9
27 34 20 100 100 0.1 0.9
454 133 20 100 100 0.1 0.95
568 186 20 100 100 0.1 0.95
781 191 20 100 100 0.1 0.95
251 86 20 100 100 0.1 0.95
394 108 20 100 100 0.1 0.95
658 277 20 100 100 0.1 0.95
4 1 20 100 100 0.15 0.5
79 29 20 100 100 0.15 0.5
112 68 20 100 100 0.15 0.5
184 218 20 100 100 0.15 0.5
305 329 20 100 100 0.15 0.5
1 1 20 100 100 0.15 0.5
6 1 20 100 100 0.15 0.55
4 1 20 100 100 0.15 0.55
5 1 20 100 100 0.15 0.55
10 13 20 100 100 0.15 0.55
11 7 20 100 100 0.15 0.55
5 13 20 100 100 0.15 0.55
5 1 20 100 100 0.15 0.6
4 1 20 100 100 0.15 0.6
8 2 20 100 100 0.15 0.6
2 1 20 100 100 0.15 0.6
10 3 20 100 100 0.15 0.6
4 19 20 100 100 0.15 0.6
5 2 20 100 100 0.15 0.65
5 2 20 100 100 0.15 0.65
13 3 20 100 100 0.15 0.65
1 2 20 100 100 0.15 0.65
18 27 20 100 100 0.15 0.65
1 1 20 100 100 0.15 0.65
9 2 20 100 100 0.15 0.7
10 3 20 100 100 0.15 0.7
8 2 20 100 100 0.15 0.7
11 3 20 100 100 0.15 0.7
12 3 20 100 100 0.15 0.7
7 2 20 100 100 0.15 0.7
10 4 20 100 100 0.15 0.75
8 3 20 100 100 0.15 0.75
14 3 20 100 100 0.15 0.75
5 3 20 100 100 0.15 0.75
17 4 20 100 100 0.15 0.75
2 4 20 100 100 0.15 0.75
6 6 20 100 100 0.15 0.8
0 2 20 100 100 0.15 0.8
14 7 20 100 100 0.15 0.8
2 2 20 100 100 0.15 0.8
14 4 20 100 100 0.15 0.8
3 5 20 100 100 0.15 0.8
16 8 20 100 100 0.15 0.85
19 9 20 100 100 0.15 0.85
35 7 20 100 100 0.15 0.85
2 4 20 100 100 0.15 0.85
35 9 20 100 100 0.15 0.85
4 10 20 100 100 0.15 0.85
19 4 20 100 100 0.15 0.9
31 17 20 100 100 0.15 0.9
60 18 20 100 100 0.15 0.9
25 22 20 100 100 0.15 0.9
80 38 20 100 100 0.15 0.9
15 42 20 100 100 0.15 0.9
181 49 20 100 100 0.15 0.95
416 138 20 100 100 0.15 0.95
369 84 20 100 100 0.15 0.95
353 141 20 100 100 0.15 0.95
739 374 20 100 100 0.15 0.95
4 14 20 100 100 0.15 0.95
22 7 20 100 100 0.2 0.5
6 2 20 100 100 0.2 0.5
3 1 20 100 100 0.2 0.5
35 17 20 100 100 0.2 0.5
38 20 20 100 100 0.2 0.5
1 3 20 100 100 0.2 0.5
5 1 20 100 100 0.2 0.55
11 3 20 100 100 0.2 0.55
17 8 20 100 100 0.2 0.55
15 16 20 100 100 0.2 0.55
41 63 20 100 100 0.2 0.55
1 6 20 100 100 0.2 0.55
10 3 20 100 100 0.2 0.6
7 2 20 100 100 0.2 0.6
18 14 20 100 100 0.2 0.6
2 2 20 100 100 0.2 0.6
11 3 20 100 100 0.2 0.6
10 5 20 100 100 0.2 0.6
12 2 20 100 100 0.2 0.65
5 1 20 100 100 0.2 0.65
15 2 20 100 100 0.2 0.65
2 1 20 100 100 0.2 0.65
14 3 20 100 100 0.2 0.65
4 2 20 100 100 0.2 0.65
3 1 20 100 100 0.2 0.7
9 2 20 100 100 0.2 0.7
8 2 20 100 100 0.2 0.7
5 2 20 100 100 0.2 0.7
13 4 20 100 100 0.2 0.7
0 2 20 100 100 0.2 0.7
9 5 20 100 100 0.2 0.75
7 3 20 100 100 0.2 0.75
15 3 20 100 100 0.2 0.75
2 2 20 100 100 0.2 0.75
15 3 20 100 100 0.2 0.75
3 6 20 100 100 0.2 0.75
10 2 20 100 100 0.2 0.8
38 11 20 100 100 0.2 0.8
25 6 20 100 100 0.2 0.8
23 7 20 100 100 0.2 0.8
46 10 20 100 100 0.2 0.8
3 3 20 100 100 0.2 0.8
14 3 20 100 100 0.2 0.85
11 2 20 100 100 0.2 0.85
19 9 20 100 100 0.2 0.85
6 3 20 100 100 0.2 0.85
27 10 20 100 100 0.2 0.85
1 3 20 100 100 0.2 0.85
79 24 20 100 100 0.2 0.9
44 15 20 100 100 0.2 0.9
108 30 20 100 100 0.2 0.9
21 16 20 100 100 0.2 0.9
124 37 20 100 100 0.2 0.9
5 12 20 100 100 0.2 0.9
4 2 20 100 100 0.2 0.95
167 48 20 100 100 0.2 0.95
84 26 20 100 100 0.2 0.95
130 57 20 100 100 0.2 0.95
221 110 20 100 100 0.2 0.95
16 61 20 100 100 0.2 0.95
0 1 20 100 100 0.25 0.5
1 3 20 100 100 0.25 0.5
6 20 20 100 100 0.25 0.5
3 10 20 100 100 0.25 0.5
2 1 20 100 100 0.25 0.5
11 25 20 100 100 0.25 0.5
5 1 20 100 100 0.25 0.55
8 2 20 100 100 0.25 0.55
7 2 20 100 100 0.25 0.55
13 9 20 100 100 0.25 0.55
8 2 20 100 100 0.25 0.55
14 18 20 100 100 0.25 0.55
5 1 20 100 100 0.25 0.6
9 2 20 100 100 0.25 0.6
8 2 20 100 100 0.25 0.6
7 2 20 100 100 0.25 0.6
11 5 20 100 100 0.25 0.6
4 3 20 100 100 0.25 0.6
9 2 20 100 100 0.25 0.65
12 3 20 100 100 0.25 0.65
15 4 20 100 100 0.25 0.65
7 2 20 100 100 0.25 0.65
21 6 20 100 100 0.25 0.65
1 3 20 100 100 0.25 0.65
4 2 20 100 100 0.25 0.7
8 3 20 100 100 0.25 0.7
13 4 20 100 100 0.25 0.7
1 2 20 100 100 0.25 0.7
12 3 20 100 100 0.25 0.7
2 4 20 100 100 0.25 0.7
11 2 20 100 100 0.25 0.75
7 4 20 100 100 0.25 0.75
6 2 20 100 100 0.25 0.75
12 8 20 100 100 0.25 0.75
15 4 20 100 100 0.25 0.75
4 3 20 100 100 0.25 0.75
1 6 20 100 100 0.25 0.8
3 4 20 100 100 0.25 0.8
5 7 20 100 100 0.25 0.8
10 9 20 100 100 0.25 0.8
7 7 20 100 100 0.25 0.8
6 8 20 100 100 0.25 0.8
15 8 20 100 100 0.25 0.85
16 8 20 100 100 0.25 0.85
30 7 20 100 100 0.25 0.85
3 4 20 100 100 0.25 0.85
32 9 20 100 100 0.25 0.85
7 26 20 100 100 0.25 0.85
82 24 20 100 100 0.25 0.9
66 17 20 100 100 0.25 0.9
35 10 20 100 100 0.25 0.9
117 33 20 100 100 0.25 0.9
71 21 20 100 100 0.25 0.9
86 44 20 100 100 0.25 0.9
467 121 20 100 100 0.25 0.95
556 164 20 100 100 0.25 0.95
374 95 20 100 100 0.25 0.95
717 250 20 100 100 0.25 0.95
39 11 20 100 100 0.25 0.95
1072 426 20 100 100 0.25 0.95
4 1 20 100 100 0.3 0.5
31 11 20 100 100 0.3 0.5
14 4 20 100 100 0.3 0.5
27 22 20 100 100 0.3 0.5
5 1 20 100 100 0.3 0.5
38 35 20 100 100 0.3 0.5
10 3 20 100 100 0.3 0.55
7 2 20 100 100 0.3 0.55
8 2 20 100 100 0.3 0.55
10 3 20 100 100 0.3 0.55
5 1 20 100 100 0.3 0.55
14 12 20 100 100 0.3 0.55
4 2 20 100 100 0.3 0.6
2 2 20 100 100 0.3 0.6
4 2 20 100 100 0.3 0.6
2 3 20 100 100 0.3 0.6
6 2 20 100 100 0.3 0.6
2 6 20 100 100 0.3 0.6
6 2 20 100 100 0.3 0.65
7 3 20 100 100 0.3 0.65
13 3 20 100 100 0.3 0.65
1 2 20 100 100 0.3 0.65
11 2 20 100 100 0.3 0.65
3 4 20 100 100 0.3 0.65
6 3 20 100 100 0.3 0.7
5 2 20 100 100 0.3 0.7
11 2 20 100 100 0.3 0.7
1 3 20 100 100 0.3 0.7
11 4 20 100 100 0.3 0.7
2 5 20 100 100 0.3 0.7
7 3 20 100 100 0.3 0.75
20 8 20 100 100 0.3 0.75
23 5 20 100 100 0.3 0.75
5 4 20 100 100 0.3 0.75
27 6 20 100 100 0.3 0.75
1 3 20 100 100 0.3 0.75
17 4 20 100 100 0.3 0.8
13 3 20 100 100 0.3 0.8
36 8 20 100 100 0.3 0.8
5 10 20 100 100 0.3 0.8
16 3 20 100 100 0.3 0.8
26 15 20 100 100 0.3 0.8
20 3 20 100 100 0.3 0.85
34 6 20 100 100 0.3 0.85
8 4 20 100 100 0.3 0.85
47 16 20 100 100 0.3 0.85
2 7 20 100 100 0.3 0.85
55 20 20 100 100 0.3 0.85
20 4 20 100 100 0.3 0.9
15 3 20 100 100 0.3 0.9
60 28 20 100 100 0.3 0.9
52 45 20 100 100 0.3 0.9
56 38 20 100 100 0.3 0.9
57 50 20 100 100 0.3 0.9
239 78 20 100 100 0.3 0.95
281 70 20 100 100 0.3 0.95
368 75 20 100 100 0.3 0.95
251 113 20 100 100 0.3 0.95
525 156 20 100 100 0.3 0.95
103 107 20 100 100 0.3 0.95
12 3 20 100 100 0.35 0.5
12 3 20 100 100 0.35 0.5
23 7 20 100 100 0.35 0.5
15 17 20 100 100 0.35 0.5
26 9 20 100 100 0.35 0.5
15 24 20 100 100 0.35 0.5
2 1 20 100 100 0.35 0.55
9 5 20 100 100 0.35 0.55
10 2 20 100 100 0.35 0.55
2 2 20 100 100 0.35 0.55
13 7 20 100 100 0.35 0.55
0 2 20 100 100 0.35 0.55
5 2 20 100 100 0.35 0.6
18 3 20 100 100 0.35 0.6
20 3 20 100 100 0.35 0.6
5 2 20 100 100 0.35 0.6
23 5 20 100 100 0.35 0.6
2 3 20 100 100 0.35 0.6
5 3 20 100 100 0.35 0.65
5 2 20 100 100 0.35 0.65
11 3 20 100 100 0.35 0.65
2 3 20 100 100 0.35 0.65
11 5 20 100 100 0.35 0.65
2 4 20 100 100 0.35 0.65
2 2 20 100 100 0.35 0.7
5 3 20 100 100 0.35 0.7
7 6 20 100 100 0.35 0.7
4 3 20 100 100 0.35 0.7
7 2 20 100 100 0.35 0.7
4 3 20 100 100 0.35 0.7
7 3 20 100 100 0.35 0.75
16 6 20 100 100 0.35 0.75
25 9 20 100 100 0.35 0.75
3 4 20 100 100 0.35 0.75
22 4 20 100 100 0.35 0.75
5 11 20 100 100 0.35 0.75
15 6 20 100 100 0.35 0.8
8 3 20 100 100 0.35 0.8
24 5 20 100 100 0.35 0.8
2 4 20 100 100 0.35 0.8
27 17 20 100 100 0.35 0.8
3 6 20 100 100 0.35 0.8
33 14 20 100 100 0.35 0.85
2 7 20 100 100 0.35 0.85
53 29 20 100 100 0.35 0.85
10 10 20 100 100 0.35 0.85
37 13 20 100 100 0.35 0.85
34 57 20 100 100 0.35 0.85
82 34 20 100 100 0.35 0.9
128 34 20 100 100 0.35 0.9
121 32 20 100 100 0.35 0.9
118 49 20 100 100 0.35 0.9
121 26 20 100 100 0.35 0.9
118 45 20 100 100 0.35 0.9
813 222 20 100 100 0.35 0.95
260 70 20 100 100 0.35 0.95
715 175 20 100 100 0.35 0.95
363 101 20 100 100 0.35 0.95
1112 397 20 100 100 0.35 0.95
36 113 20 100 100 0.35 0.95
4 1 20 100 100 0.4 0.5
5 1 20 100 100 0.4 0.5
13 11 20 100 100 0.4 0.5
1 2 20 100 100 0.4 0.5
12 11 20 100 100 0.4 0.5
3 10 20 100 100 0.4 0.5
18 4 20 100 100 0.4 0.55
27 8 20 100 100 0.4 0.55
34 7 20 100 100 0.4 0.55
12 3 20 100 100 0.4 0.55
26 7 20 100 100 0.4 0.55
21 10 20 100 100 0.4 0.55
5 3 20 100 100 0.4 0.6
2 1 20 100 100 0.4 0.6
4 2 20 100 100 0.4 0.6
6 5 20 100 100 0.4 0.6
10 4 20 100 100 0.4 0.6
1 1 20 100 100 0.4 0.6
5 2 20 100 100 0.4 0.65
16 9 20 100 100 0.4 0.65
6 1 20 100 100 0.4 0.65
15 3 20 100 100 0.4 0.65
21 5 20 100 100 0.4 0.65
1 5 20 100 100 0.4 0.65
1 3 20 100 100 0.4 0.7
2 3 20 100 100 0.4 0.7
1 2 20 100 100 0.4 0.7
2 3 20 100 100 0.4 0.7
2 6 20 100 100 0.4 0.7
4 9 20 100 100 0.4 0.7
5 2 20 100 100 0.4 0.75
12 5 20 100 100 0.4 0.75
6 1 20 100 100 0.4 0.75
13 5 20 100 100 0.4 0.75
18 4 20 100 100 0.4 0.75
2 6 20 100 100 0.4 0.75
11 2 20 100 100 0.4 0.8
19 4 20 100 100 0.4 0.8
28 11 20 100 100 0.4 0.8
9 8 20 100 100 0.4 0.8
34 10 20 100 100 0.4 0.8
6 14 20 100 100 0.4 0.8
44 15 20 100 100 0.4 0.85
34 8 20 100 100 0.4 0.85
75 22 20 100 100 0.4 0.85
1 2 20 100 100 0.4 0.85
55 20 20 100 100 0.4 0.85
29 22 20 100 100 0.4 0.85
103 32 20 100 100 0.4 0.9
123 31 20 100 100 0.4 0.9
118 32 20 100 100 0.4 0.9
140 58 20 100 100 0.4 0.9
100 23 20 100 100 0.4 0.9
159 60 20 100 100 0.4 0.9
334 76 20 100 100 0.4 0.95
168 44 20 100 100 0.4 0.95
155 38 20 100 100 0.4 0.95
355 105 20 100 100 0.4 0.95
195 49 20 100 100 0.4 0.95
368 271 20 100 100 0.4 0.95
14 4 20 100 100 0.45 0.5
39 12 20 100 100 0.45 0.5
33 10 20 100 100 0.45 0.5
23 8 20 100 100 0.45 0.5
41 11 20 100 100 0.45 0.5
15 9 20 100 100 0.45 0.5
6 3 20 100 100 0.45 0.55
6 3 20 100 100 0.45 0.55
13 5 20 100 100 0.45 0.55
2 5 20 100 100 0.45 0.55
15 10 20 100 100 0.45 0.55
0 1 20 100 100 0.45 0.55
10 3 20 100 100 0.45 0.6
4 3 20 100 100 0.45 0.6
9 2 20 100 100 0.45 0.6
10 4 20 100 100 0.45 0.6
20 7 20 100 100 0.45 0.6
2 8 20 100 100 0.45 0.6
11 2 20 100 100 0.45 0.65
10 2 20 100 100 0.45 0.65
16 4 20 100 100 0.45 0.65
11 7 20 100 100 0.45 0.65
9 4 20 100 100 0.45 0.65
19 13 20 100 100 0.45 0.65
9 4 20 100 100 0.45 0.7
27 14 20 100 100 0.45 0.7
29 6 20 100 100 0.45 0.7
7 2 20 100 100 0.45 0.7
22 4 20 100 100 0.45 0.7
14 5 20 100 100 0.45 0.7
25 7 20 100 100 0.45 0.75
2 6 20 100 100 0.45 0.75
11 4 20 100 100 0.45 0.75
20 7 20 100 100 0.45 0.75
33 14 20 100 100 0.45 0.75
1 3 20 100 100 0.45 0.75
66 18 20 100 100 0.45 0.8
15 5 20 100 100 0.45 0.8
37 9 20 100 100 0.45 0.8
45 10 20 100 100 0.45 0.8
51 11 20 100 100 0.45 0.8
32 16 20 100 100 0.45 0.8
7 7 20 100 100 0.45 0.85
3 10 20 100 100 0.45 0.85
16 13 20 100 100 0.45 0.85
22 44 20 100 100 0.45 0.85
26 31 20 100 100 0.45 0.85
14 28 20 100 100 0.45 0.85
57 15 20 100 100 0.45 0.9
60 22 20 100 100 0.45 0.9
125 38 20 100 100 0.45 0.9
41 34 20 100 100 0.45 0.9
158 60 20 100 100 0.45 0.9
14 22 20 100 100 0.45 0.9
465 145 20 100 100 0.45 0.95
161 53 20 100 100 0.45 0.95
525 117 20 100 100 0.45 0.95
149 66 20 100 100 0.45 0.95
658 176 20 100 100 0.45 0.95
44 114 20 100 100 0.45 0.95
2 6 20 100 100 0.5 0.5
0 2 20 100 100 0.5 0.5
2 2 20 100 100 0.5 0.5
3 2 20 100 100 0.5 0.5
5 5 20 100 100 0.5 0.5
2 6 20 100 100 0.5 0.5
34 10 20 100 100 0.5 0.55
22 6 20 100 100 0.5 0.55
40 12 20 100 100 0.5 0.55
16 6 20 100 100 0.5 0.55
56 16 20 100 100 0.5 0.55
6 25 20 100 100 0.5 0.55
23 8 20 100 100 0.5 0.6
16 5 20 100 100 0.5 0.6
14 3 20 100 100 0.5 0.6
27 10 20 100 100 0.5 0.6
41 14 20 100 100 0.5 0.6
1 4 20 100 100 0.5 0.6
9 2 20 100 100 0.5 0.65
17 3 20 100 100 0.5 0.65
27 6 20 100 100 0.5 0.65
6 5 20 100 100 0.5 0.65
24 13 20 100 100 0.5 0.65
10 10 20 100 100 0.5 0.65
18 7 20 100 100 0.5 0.7
10 4 20 100 100 0.5 0.7
32 14 20 100 100 0.5 0.7
2 2 20 100 100 0.5 0.7
32 15 20 100 100 0.5 0.7
2 4 20 100 100 0.5 0.7
21 7 20 100 100 0.5 0.75
42 12 20 100 100 0.5 0.75
27 6 20 100 100 0.5 0.75
37 11 20 100 100 0.5 0.75
44 12 20 100 100 0.5 0.75
24 21 20 100 100 0.5 0.75
56 11 20 100 100 0.5 0.8
48 13 20 100 100 0.5 0.8
37 8 20 100 100 0.5 0.8
70 27 20 100 100 0.5 0.8
40 14 20 100 100 0.5 0.8
68 29 20 100 100 0.5 0.8
59 11 20 100 100 0.5 0.85
49 15 20 100 100 0.5 0.85
112 40 20 100 100 0.5 0.85
14 10 20 100 100 0.5 0.85
85 20 20 100 100 0.5 0.85
44 31 20 100 100 0.5 0.85
188 51 20 100 100 0.5 0.9
37 13 20 100 100 0.5 0.9
123 38 20 100 100 0.5 0.9
108 34 20 100 100 0.5 0.9
174 37 20 100 100 0.5 0.9
63 35 20 100 100 0.5 0.9
197 45 20 100 100 0.5 0.95
334 103 20 100 100 0.5 0.95
560 170 20 100 100 0.5 0.95
89 70 20 100 100 0.5 0.95
384 86 20 100 100 0.5 0.95
308 278 20 100 100 0.5 0.95
48 1 20 1000 10 0.1 0.5
13 1 20 1000 10 0.1 0.5
45 1 20 1000 10 0.1 0.5
19 1 20 1000 10 0.1 0.5
50 1 20 1000 10 0.1 0.5
16 1 20 1000 10 0.1 0.5
30 1 20 1000 10 0.1 0.55
35 1 20 1000 10 0.1 0.55
31 1 20 1000 10 0.1 0.55
34 1 20 1000 10 0.1 0.55
45 1 20 1000 10 0.1 0.55
22 1 20 1000 10 0.1 0.55
32 1 20 1000 10 0.1 0.6
17 1 20 1000 10 0.1 0.6
26 1 20 1000 10 0.1 0.6
33 1 20 1000 10 0.1 0.6
41 1 20 1000 10 0.1 0.6
18 1 20 1000 10 0.1 0.6
28 1 20 1000 10 0.1 0.65
26 1 20 1000 10 0.1 0.65
54 1 20 1000 10 0.1 0.65
13 1 20 1000 10 0.1 0.65
58 2 20 1000 10 0.1 0.65
10 1 20 1000 10 0.1 0.65
30 1 20 1000 10 0.1 0.7
36 1 20 1000 10 0.1 0.7
54 2 20 1000 10 0.1 0.7
19 1 20 1000 10 0.1 0.7
53 1 20 1000 10 0.1 0.7
21 1 20 1000 10 0.1 0.7
57 2 20 1000 10 0.1 0.75
44 1 20 1000 10 0.1 0.75
102 4 20 1000 10 0.1 0.75
21 3 20 1000 10 0.1 0.75
102 3 20 1000 10 0.1 0.75
21 3 20 1000 10 0.1 0.75
63 2 20 1000 10 0.1 0.8
246 7 20 1000 10 0.1 0.8
381 24 20 1000 10 0.1 0.8
48 9 20 1000 10 0.1 0.8
278 9 20 1000 10 0.1 0.8
178 35 20 1000 10 0.1 0.8
4731 167 20 1000 10 0.1 0.85
613 22 20 1000 10 0.1 0.85
705 21 20 1000 10 0.1 0.85
5047 159 20 1000 10 0.1 0.85
5693 227 20 1000 10 0.1 0.85
87 17 20 1000 10 0.1 0.85
1104 89 20 1000 10 0.1 0.9
255 21 20 1000 10 0.1 0.9
1795 149 20 1000 10 0.1 0.9
3574 325 20 1000 10 0.1 0.9
1546 119 20 1000 10 0.1 0.9
6058 1267 20 1000 10 0.1 0.9
4638 394 20 1000 10 0.1 0.95
5330 440 20 1000 10 0.1 0.95
12456 1243 20 1000 10 0.1 0.95
6960 1140 20 1000 10 0.1 0.95
10424 940 20 1000 10 0.1 0.95
9287 1557 20 1000 10 0.1 0.95
41 1 20 1000 10 0.15 0.5
44 1 20 1000 10 0.15 0.5
43 1 20 1000 10 0.15 0.5
40 1 20 1000 10 0.15 0.5
40 1 20 1000 10 0.15 0.5
45 1 20 1000 10 0.15 0.5
27 1 20 1000 10 0.15 0.55
25 1 20 1000 10 0.15 0.55
18 1 20 1000 10 0.15 0.55
36 1 20 1000 10 0.15 0.55
18 1 20 1000 10 0.15 0.55
36 1 20 1000 10 0.15 0.55
22 1 20 1000 10 0.15 0.6
31 1 20 1000 10 0.15 0.6
45 1 20 1000 10 0.15 0.6
13 1 20 1000 10 0.15 0.6
47 1 20 1000 10 0.15 0.6
12 1 20 1000 10 0.15 0.6
26 1 20 1000 10 0.15 0.65
21 1 20 1000 10 0.15 0.65
31 1 20 1000 10 0.15 0.65
20 1 20 1000 10 0.15 0.65
35 1 20 1000 10 0.15 0.65
17 1 20 1000 10 0.15 0.65
47 1 20 1000 10 0.15 0.7
14 1 20 1000 10 0.15 0.7
48 2 20 1000 10 0.15 0.7
18 1 20 1000 10 0.15 0.7
44 1 20 1000 10 0.15 0.7
23 1 20 1000 10 0.15 0.7
27 1 20 1000 10 0.15 0.75
88 2 20 1000 10 0.15 0.75
71 2 20 1000 10 0.15 0.75
54 4 20 1000 10 0.15 0.75
122 4 20 1000 10 0.15 0.75
11 3 20 1000 10 0.15 0.75
106 3 20 1000 10 0.15 0.8
763 25 20 1000 10 0.15 0.8
1045 44 20 1000 10 0.15 0.8
99 9 20 1000 10 0.15 0.8
1056 36 20 1000 10 0.15 0.8
106 14 20 1000 10 0.15 0.8
1518 45 20 1000 10 0.15 0.85
346 13 20 1000 10 0.15 0.85
2982 185 20 1000 10 0.15 0.85
749 60 20 1000 10 0.15 0.85
88 4 20 1000 10 0.15 0.85
3851 304 20 1000 10 0.15 0.85
631 33 20 1000 10 0.15 0.9
4180 138 20 1000 10 0.15 0.9
4917 228 20 1000 10 0.15 0.9
702 127 20 1000 10 0.15 0.9
6346 640 20 1000 10 0.15 0.9
103 36 20 1000 10 0.15 0.9
1021 72 20 1000 10 0.15 0.95
16136 1291 20 1000 10 0.15 0.95
6841 603 20 1000 10 0.15 0.95
13003 1350 20 1000 10 0.15 0.95
16683 1401 20 1000 10 0.15 0.95
5410 1258 20 1000 10 0.15 0.95
40 1 20 1000 10 0.2 0.5
36 1 20 1000 10 0.2 0.5
34 1 20 1000 10 0.2 0.5
43 1 20 1000 10 0.2 0.5
45 1 20 1000 10 0.2 0.5
29 1 20 1000 10 0.2 0.5
21 1 20 1000 10 0.2 0.55
15 1 20 1000 10 0.2 0.55
24 1 20 1000 10 0.2 0.55
16 1 20 1000 10 0.2 0.55
30 1 20 1000 10 0.2 0.55
11 1 20 1000 10 0.2 0.55
20 1 20 1000 10 0.2 0.6
28 1 20 1000 10 0.2 0.6
44 1 20 1000 10 0.2 0.6
11 1 20 1000 10 0.2 0.6
47 1 20 1000 10 0.2 0.6
9 1 20 1000 10 0.2 0.6
25 1 20 1000 10 0.2 0.65
28 1 20 1000 10 0.2 0.65
29 1 20 1000 10 0.2 0.65
25 1 20 1000 10 0.2 0.65
47 1 20 1000 10 0.2 0.65
10 1 20 1000 10 0.2 0.65
40 1 20 1000 10 0.2 0.7
47 1 20 1000 10 0.2 0.7
57 2 20 1000 10 0.2 0.7
33 1 20 1000 10 0.2 0.7
39 1 20 1000 10 0.2 0.7
52 2 20 1000 10 0.2 0.7
60 2 20 1000 10 0.2 0.75
41 1 20 1000 10 0.2 0.75
47 1 20 1000 10 0.2 0.75
56 2 20 1000 10 0.2 0.75
106 3 20 1000 10 0.2 0.75
11 4 20 1000 10 0.2 0.75
99 3 20 1000 10 0.2 0.8
121 3 20 1000 10 0.2 0.8
188 4 20 1000 10 0.2 0.8
68 5 20 1000 10 0.2 0.8
227 7 20 1000 10 0.2 0.8
108 33 20 1000 10 0.2 0.8
1621 40 20 1000 10 0.2 0.85
3169 76 20 1000 10 0.2 0.85
2064 55 20 1000 10 0.2 0.85
4229 194 20 1000 10 0.2 0.85
5190 159 20 1000 10 0.2 0.85
1108 94 20 1000 10 0.2 0.85
474 42 20 1000 10 0.2 0.9
3908 306 20 1000 10 0.2 0.9
4677 323 20 1000 10 0.2 0.9
5197 591 20 1000 10 0.2 0.9
7740 586 20 1000 10 0.2 0.9
2377 354 20 1000 10 0.2 0.9
1390 120 20 1000 10 0.2 0.95
18950 1643 20 1000 10 0.2 0.95
2236 166 20 1000 10 0.2 0.95
32815 3883 20 1000 10 0.2 0.95
2889 244 20 1000 10 0.2 0.95
32912 4116 20 1000 10 0.2 0.95
35 1 20 1000 10 0.25 0.5
30 1 20 1000 10 0.25 0.5
43 1 20 1000 10 0.25 0.5
27 1 20 1000 10 0.25 0.5
43 1 20 1000 10 0.25 0.5
25 1 20 1000 10 0.25 0.5
29 1 20 1000 10 0.25 0.55
34 1 20 1000 10 0.25 0.55
29 1 20 1000 10 0.25 0.55
36 1 20 1000 10 0.25 0.55
45 1 20 1000 10 0.25 0.55
20 1 20 1000 10 0.25 0.55
14 0 20 1000 10 0.25 0.6
25 1 20 1000 10 0.25 0.6
27 1 20 1000 10 0.25 0.6
13 1 20 1000 10 0.25 0.6
36 1 20 1000 10 0.25 0.6
9 1 20 1000 10 0.25 0.6
22 1 20 1000 10 0.25 0.65
27 1 20 1000 10 0.25 0.65
50 1 20 1000 10 0.25 0.65
18 1 20 1000 10 0.25 0.65
51 1 20 1000 10 0.25 0.65
17 1 20 1000 10 0.25 0.65
23 1 20 1000 10 0.25 0.7
61 2 20 1000 10 0.25 0.7
51 1 20 1000 10 0.25 0.7
36 1 20 1000 10 0.25 0.7
65 2 20 1000 10 0.25 0.7
23 1 20 1000 10 0.25 0.7
201 6 20 1000 10 0.25 0.75
76 2 20 1000 10 0.25 0.75
51 2 20 1000 10 0.25 0.75
287 13 20 1000 10 0.25 0.75
256 6 20 1000 10 0.25 0.75
94 10 20 1000 10 0.25 0.75
267 7 20 1000 10 0.25 0.8
211 6 20 1000 10 0.25 0.8
492 14 20 1000 10 0.25 0.8
175 15 20 1000 10 0.25 0.8
666 33 20 1000 10 0.25 0.8
29 10 20 1000 10 0.25 0.8
5319 136 20 1000 10 0.25 0.85
1577 53 20 1000 10 0.25 0.85
7415 233 20 1000 10 0.25 0.85
185 22 20 1000 10 0.25 0.85
3640 99 20 1000 10 0.25 0.85
4120 216 20 1000 10 0.25 0.85
602 47 20 1000 10 0.25 0.9
15040 480 20 1000 10 0.25 0.9
1650 101 20 1000 10 0.25 0.9
18495 781 20 1000 10 0.25 0.9
7758 251 20 1000 10 0.25 0.9
12894 824 20 1000 10 0.25 0.9
1621 145 20 1000 10 0.25 0.95
622 57 20 1000 10 0.25 0.95
9613 1363 20 1000 10 0.25 0.95
3896 640 20 1000 10 0.25 0.95
12613 1887 20 1000 10 0.25 0.95
2038 547 20 1000 10 0.25 0.95
32 1 20 1000 10 0.3 0.5
26 1 20 1000 10 0.3 0.5
44 1 20 1000 10 0.3 0.5
20 1 20 1000 10 0.3 0.5
41 1 20 1000 10 0.3 0.5
24 1 20 1000 10 0.3 0.5
22 1 20 1000 10 0.3 0.55
35 1 20 1000 10 0.3 0.55
35 1 20 1000 10 0.3 0.55
23 1 20 1000 10 0.3 0.55
45 1 20 1000 10 0.3 0.55
16 1 20 1000 10 0.3 0.55
21 1 20 1000 10 0.3 0.6
31 1 20 1000 10 0.3 0.6
43 1 20 1000 10 0.3 0.6
14 1 20 1000 10 0.3 0.6
48 1 20 1000 10 0.3 0.6
11 1 20 1000 10 0.3 0.6
50 1 20 1000 10 0.3 0.65
51 1 20 1000 10 0.3 0.65
34 1 20 1000 10 0.3 0.65
68 2 20 1000 10 0.3 0.65
28 1 20 1000 10 0.3 0.65
74 2 20 1000 10 0.3 0.65
30 1 20 1000 10 0.3 0.7
29 1 20 1000 10 0.3 0.7
36 2 20 1000 10 0.3 0.7
28 1 20 1000 10 0.3 0.7
53 1 20 1000 10 0.3 0.7
16 2 20 1000 10 0.3 0.7
123 3 20 1000 10 0.3 0.75
112 3 20 1000 10 0.3 0.75
176 5 20 1000 10 0.3 0.75
73 4 20 1000 10 0.3 0.75
160 5 20 1000 10 0.3 0.75
104 6 20 1000 10 0.3 0.75
1075 31 20 1000 10 0.3 0.8
259 6 20 1000 10 0.3 0.8
682 19 20 1000 10 0.3 0.8
1005 49 20 1000 10 0.3 0.8
1024 36 20 1000 10 0.3 0.8
807 97 20 1000 10 0.3 0.8
8363 186 20 1000 10 0.3 0.85
6643 201 20 1000 10 0.3 0.85
9809 298 20 1000 10 0.3 0.85
5577 162 20 1000 10 0.3 0.85
1595 41 20 1000 10 0.3 0.85
13996 508 20 1000 10 0.3 0.85
716 55 20 1000 10 0.3 0.9
19183 540 20 1000 10 0.3 0.9
588 41 20 1000 10 0.3 0.9
20438 608 20 1000 10 0.3 0.9
22032 1100 20 1000 10 0.3 0.9
2645 986 20 1000 10 0.3 0.9
2012 182 20 1000 10 0.3 0.95
3863 335 20 1000 10 0.3 0.95
5529 456 20 1000 10 0.3 0.95
750 97 20 1000 10 0.3 0.95
2416 193 20 1000 10 0.3 0.95
9446 2338 20 1000 10 0.3 0.95
26 1 20 1000 10 0.35 0.5
31 1 20 1000 10 0.35 0.5
45 1 20 1000 10 0.35 0.5
14 1 20 1000 10 0.35 0.5
46 1 20 1000 10 0.35 0.5
16 1 20 1000 10 0.35 0.5
23 1 20 1000 10 0.35 0.55
28 1 20 1000 10 0.35 0.55
49 1 20 1000 10 0.35 0.55
10 1 20 1000 10 0.35 0.55
49 1 20 1000 10 0.35 0.55
10 1 20 1000 10 0.35 0.55
23 1 20 1000 10 0.35 0.6
33 1 20 1000 10 0.35 0.6
43 1 20 1000 10 0.35 0.6
17 1 20 1000 10 0.35 0.6
50 1 20 1000 10 0.35 0.6
12 1 20 1000 10 0.35 0.6
41 1 20 1000 10 0.35 0.65
30 1 20 1000 10 0.35 0.65
56 1 20 1000 10 0.35 0.65
20 1 20 1000 10 0.35 0.65
71 2 20 1000 10 0.35 0.65
6 1 20 1000 10 0.35 0.65
40 1 20 1000 10 0.35 0.7
34 1 20 1000 10 0.35 0.7
57 2 20 1000 10 0.35 0.7
30 2 20 1000 10 0.35 0.7
56 2 20 1000 10 0.35 0.7
34 2 20 1000 10 0.35 0.7
63 3 20 1000 10 0.35 0.75
176 6 20 1000 10 0.35 0.75
64 1 20 1000 10 0.35 0.75
239 9 20 1000 10 0.35 0.75
305 13 20 1000 10 0.35 0.75
12 4 20 1000 10 0.35 0.75
665 18 20 1000 10 0.35 0.8
244 6 20 1000 10 0.35 0.8
1082 39 20 1000 10 0.35 0.8
55 5 20 1000 10 0.35 0.8
978 29 20 1000 10 0.35 0.8
217 36 20 1000 10 0.35 0.8
900 33 20 1000 10 0.35 0.85
2579 72 20 1000 10 0.35 0.85
323 16 20 1000 10 0.35 0.85
3724 143 20 1000 10 0.35 0.85
3437 81 20 1000 10 0.35 0.85
668 77 20 1000 10 0.35 0.85
3416 136 20 1000 10 0.35 0.9
1645 48 20 1000 10 0.35 0.9
5747 223 20 1000 10 0.35 0.9
21642 1736 20 1000 10 0.35 0.9
12095 719 20 1000 10 0.35 0.9
16215 1586 20 1000 10 0.35 0.9
4616 414 20 1000 10 0.35 0.95
6924 551 20 1000 10 0.35 0.95
12285 1094 20 1000 10 0.35 0.95
4769 775 20 1000 10 0.35 0.95
20217 3016 20 1000 10 0.35 0.95
8634 3041 20 1000 10 0.35 0.95
21 1 20 1000 10 0.4 0.5
37 1 20 1000 10 0.4 0.5
47 1 20 1000 10 0.4 0.5
14 1 20 1000 10 0.4 0.5
50 1 20 1000 10 0.4 0.5
14 1 20 1000 10 0.4 0.5
28 1 20 1000 10 0.4 0.55
32 1 20 1000 10 0.4 0.55
42 1 20 1000 10 0.4 0.55
27 1 20 1000 10 0.4 0.55
42 1 20 1000 10 0.4 0.55
27 1 20 1000 10 0.4 0.55
20 1 20 1000 10 0.4 0.6
27 1 20 1000 10 0.4 0.6
33 1 20 1000 10 0.4 0.6
21 1 20 1000 10 0.4 0.6
47 1 20 1000 10 0.4 0.6
9 1 20 1000 10 0.4 0.6
29 1 20 1000 10 0.4 0.65
36 1 20 1000 10 0.4 0.65
45 1 20 1000 10 0.4 0.65
23 1 20 1000 10 0.4 0.65
66 2 20 1000 10 0.4 0.65
5 1 20 1000 10 0.4 0.65
52 1 20 1000 10 0.4 0.7
61 2 20 1000 10 0.4 0.7
86 2 20 1000 10 0.4 0.7
29 1 20 1000 10 0.4 0.7
94 3 20 1000 10 0.4 0.7
26 3 20 1000 10 0.4 0.7
70 1 20 1000 10 0.4 0.75
171 4 20 1000 10 0.4 0.75
221 8 20 1000 10 0.4 0.75
42 2 20 1000 10 0.4 0.75
268 11 20 1000 10 0.4 0.75
17 6 20 1000 10 0.4 0.75
191 6 20 1000 10 0.4 0.8
113 3 20 1000 10 0.4 0.8
34 1 20 1000 10 0.4 0.8
401 21 20 1000 10 0.4 0.8
357 17 20 1000 10 0.4 0.8
152 34 20 1000 10 0.4 0.8
1568 48 20 1000 10 0.4 0.85
1518 41 20 1000 10 0.4 0.85
3148 81 20 1000 10 0.4 0.85
174 14 20 1000 10 0.4 0.85
3355 120 20 1000 10 0.4 0.85
50 16 20 1000 10 0.4 0.85
17123 421 20 1000 10 0.4 0.9
20636 533 20 1000 10 0.4 0.9
5123 186 20 1000 10 0.4 0.9
38927 1287 20 1000 10 0.4 0.9
26941 778 20 1000 10 0.4 0.9
17177 850 20 1000 10 0.4 0.9
1247 89 20 1000 10 0.4 0.95
1179 94 20 1000 10 0.4 0.95
1808 150 20 1000 10 0.4 0.95
2054 289 20 1000 10 0.4 0.95
5446 1018 20 1000 10 0.4 0.95
13131 4617 20 1000 10 0.4 0.95
23 1 20 1000 10 0.45 0.5
18 1 20 1000 10 0.45 0.5
42 1 20 1000 10 0.45 0.5
9 1 20 1000 10 0.45 0.5
44 1 20 1000 10 0.45 0.5
8 1 20 1000 10 0.45 0.5
30 1 20 1000 10 0.45 0.55
31 1 20 1000 10 0.45 0.55
44 1 20 1000 10 0.45 0.55
26 1 20 1000 10 0.45 0.55
44 1 20 1000 10 0.45 0.55
26 1 20 1000 10 0.45 0.55
31 1 20 1000 10 0.45 0.6
36 1 20 1000 10 0.45 0.6
29 1 20 1000 10 0.45 0.6
38 1 20 1000 10 0.45 0.6
32 1 20 1000 10 0.45 0.6
36 1 20 1000 10 0.45 0.6
27 1 20 1000 10 0.45 0.65
60 2 20 1000 10 0.45 0.65
67 2 20 1000 10 0.45 0.65
27 1 20 1000 10 0.45 0.65
58 2 20 1000 10 0.45 0.65
37 2 20 1000 10 0.45 0.65
53 2 20 1000 10 0.45 0.7
28 1 20 1000 10 0.45 0.7
56 2 20 1000 10 0.45 0.7
31 2 20 1000 10 0.45 0.7
83 2 20 1000 10 0.45 0.7
8 2 20 1000 10 0.45 0.7
163 4 20 1000 10 0.45 0.75
116 3 20 1000 10 0.45 0.75
48 1 20 1000 10 0.45 0.75
258 10 20 1000 10 0.45 0.75
258 7 20 1000 10 0.45 0.75
62 8 20 1000 10 0.45 0.75
1093 25 20 1000 10 0.45 0.8
178 4 20 1000 10 0.45 0.8
777 21 20 1000 10 0.45 0.8
515 15 20 1000 10 0.45 0.8
793 23 20 1000 10 0.45 0.8
513 19 20 1000 10 0.45 0.8
826 18 20 1000 10 0.45 0.85
5796 128 20 1000 10 0.45 0.85
6805 187 20 1000 10 0.45 0.85
2359 191 20 1000 10 0.45 0.85
4275 113 20 1000 10 0.45 0.85
5148 360 20 1000 10 0.45 0.85
4795 310 20 1000 10 0.45 0.9
2328 86 20 1000 10 0.45 0.9
1718 68 20 1000 10 0.45 0.9
17108 1029 20 1000 10 0.45 0.9
21898 2219 20 1000 10 0.45 0.9
742 264 20 1000 10 0.45 0.9
9236 800 20 1000 10 0.45 0.95
1338 109 20 1000 10 0.45 0.95
10596 900 20 1000 10 0.45 0.95
711 113 20 1000 10 0.45 0.95
12333 1356 20 1000 10 0.45 0.95
4501 1578 20 1000 10 0.45 0.95
23 1 20 1000 10 0.5 0.5
31 1 20 1000 10 0.5 0.5
31 1 20 1000 10 0.5 0.5
25 1 20 1000 10 0.5 0.5
31 1 20 1000 10 0.5 0.5
25 1 20 1000 10 0.5 0.5
46 1 20 1000 10 0.5 0.55
33 1 20 1000 10 0.5 0.55
46 1 20 1000 10 0.5 0.55
33 1 20 1000 10 0.5 0.55
57 2 20 1000 10 0.5 0.55
23 1 20 1000 10 0.5 0.55
28 1 20 1000 10 0.5 0.6
36 1 20 1000 10 0.5 0.6
51 1 20 1000 10 0.5 0.6
21 1 20 1000 10 0.5 0.6
72 2 20 1000 10 0.5 0.6
4 1 20 1000 10 0.5 0.6
49 1 20 1000 10 0.5 0.65
64 2 20 1000 10 0.5 0.65
48 1 20 1000 10 0.5 0.65
65 2 20 1000 10 0.5 0.65
61 2 20 1000 10 0.5 0.65
57 3 20 1000 10 0.5 0.65
31 1 20 1000 10 0.5 0.7
34 1 20 1000 10 0.5 0.7
41 1 20 1000 10 0.5 0.7
48 3 20 1000 10 0.5 0.7
69 2 20 1000 10 0.5 0.7
13 1 20 1000 10 0.5 0.7
166 5 20 1000 10 0.5 0.75
154 4 20 1000 10 0.5 0.75
44 1 20 1000 10 0.5 0.75
276 6 20 1000 10 0.5 0.75
99 3 20 1000 10 0.5 0.75
245 16 20 1000 10 0.5 0.75
252 7 20 1000 10 0.5 0.8
1970 53 20 1000 10 0.5 0.8
2215 59 20 1000 10 0.5 0.8
749 68 20 1000 10 0.5 0.8
2264 61 20 1000 10 0.5 0.8
740 74 20 1000 10 0.5 0.8
2353 58 20 1000 10 0.5 0.85
2183 58 20 1000 10 0.5 0.85
6731 293 20 1000 10 0.5 0.85
712 54 20 1000 10 0.5 0.85
7665 402 20 1000 10 0.5 0.85
3261 1169 20 1000 10 0.5 0.85
7895 263 20 1000 10 0.5 0.9
2380 175 20 1000 10 0.5 0.9
8535 260 20 1000 10 0.5 0.9
10341 790 20 1000 10 0.5 0.9
7876 235 20 1000 10 0.5 0.9
11875 1168 20 1000 10 0.5 0.9
8420 696 20 1000 10 0.5 0.95
13 0 20 1000 10 0.5 0.95
14671 1770 20 1000 10 0.5 0.95
2499 420 20 1000 10 0.5 0.95
15776 1923 20 1000 10 0.5 0.95
4440 1299 20 1000 10 0.5 0.95
46 1 20 1000 100 0.1 0.5
26 1 20 1000 100 0.1 0.5
46 1 20 1000 100 0.1 0.5
31 1 20 1000 100 0.1 0.5
46 1 20 1000 100 0.1 0.5
31 1 20 1000 100 0.1 0.5
22 1 20 1000 100 0.1 0.55
48 1 20 1000 100 0.1 0.55
39 1 20 1000 100 0.1 0.55
34 1 20 1000 100 0.1 0.55
23 1 20 1000 100 0.1 0.55
50 1 20 1000 100 0.1 0.55
33 1 20 1000 100 0.1 0.6
21 1 20 1000 100 0.1 0.6
33 1 20 1000 100 0.1 0.6
21 1 20 1000 100 0.1 0.6
20 1 20 1000 100 0.1 0.6
34 1 20 1000 100 0.1 0.6
22 1 20 1000 100 0.1 0.65
41 1 20 1000 100 0.1 0.65
46 1 20 1000 100 0.1 0.65
24 1 20 1000 100 0.1 0.65
47 1 20 1000 100 0.1 0.65
24 1 20 1000 100 0.1 0.65
28 1 20 1000 100 0.1 0.7
30 1 20 1000 100 0.1 0.7
45 1 20 1000 100 0.1 0.7
22 1 20 1000 100 0.1 0.7
61 2 20 1000 100 0.1 0.7
8 1 20 1000 100 0.1 0.7
89 2 20 1000 100 0.1 0.75
41 1 20 1000 100 0.1 0.75
88 2 20 1000 100 0.1 0.75
46 1 20 1000 100 0.1 0.75
84 2 20 1000 100 0.1 0.75
55 3 20 1000 100 0.1 0.75
392 11 20 1000 100 0.1 0.8
94 2 20 1000 100 0.1 0.8
189 5 20 1000 100 0.1 0.8
356 12 20 1000 100 0.1 0.8
198 6 20 1000 100 0.1 0.8
382 29 20 1000 100 0.1 0.8
466 14 20 1000 100 0.1 0.85
487 15 20 1000 100 0.1 0.85
67 2 20 1000 100 0.1 0.85
1293 73 20 1000 100 0.1 0.85
1238 56 20 1000 100 0.1 0.85
195 39 20 1000 100 0.1 0.85
12448 373 20 1000 100 0.1 0.9
2403 90 20 1000 100 0.1 0.9
13920 468 20 1000 100 0.1 0.9
6177 621 20 1000 100 0.1 0.9
16067 647 20 1000 100 0.1 0.9
4725 669 20 1000 100 0.1 0.9
1102 100 20 1000 100 0.1 0.95
7200 646 20 1000 100 0.1 0.95
21438 2714 20 1000 100 0.1 0.95
2054 339 20 1000 100 0.1 0.95
3693 330 20 1000 100 0.1 0.95
24754 4578 20 1000 100 0.1 0.95
34 1 20 1000 100 0.15 0.5
33 1 20 1000 100 0.15 0.5
41 1 20 1000 100 0.15 0.5
29 1 20 1000 100 0.15 0.5
41 1 20 1000 100 0.15 0.5
29 1 20 1000 100 0.15 0.5
23 1 20 1000 100 0.15 0.55
24 1 20 1000 100 0.15 0.55
31 1 20 1000 100 0.15 0.55
20 1 20 1000 100 0.15 0.55
30 1 20 1000 100 0.15 0.55
21 1 20 1000 100 0.15 0.55
21 1 20 1000 100 0.15 0.6
36 1 20 1000 100 0.15 0.6
38 1 20 1000 100 0.15 0.6
24 1 20 1000 100 0.15 0.6
54 1 20 1000 100 0.15 0.6
9 1 20 1000 100 0.15 0.6
15 1 20 1000 100 0.15 0.65
39 1 20 1000 100 0.15 0.65
15 1 20 1000 100 0.15 0.65
39 1 20 1000 100 0.15 0.65
30 1 20 1000 100 0.15 0.65
24 1 20 1000 100 0.15 0.65
31 1 20 1000 100 0.15 0.7
48 1 20 1000 100 0.15 0.7
48 1 20 1000 100 0.15 0.7
35 1 20 1000 100 0.15 0.7
77 2 20 1000 100 0.15 0.7
9 1 20 1000 100 0.15 0.7
72 3 20 1000 100 0.15 0.75
62 2 20 1000 100 0.15 0.75
125 4 20 1000 100 0.15 0.75
34 2 20 1000 100 0.15 0.75
118 3 20 1000 100 0.15 0.75
46 4 20 1000 100 0.15 0.75
62 1 20 1000 100 0.15 0.8
61 1 20 1000 100 0.15 0.8
128 6 20 1000 100 0.15 0.8
49 5 20 1000 100 0.15 0.8
161 8 20 1000 100 0.15 0.8
65 20 20 1000 100 0.15 0.8
341 9 20 1000 100 0.15 0.85
809 22 20 1000 100 0.15 0.85
560 18 20 1000 100 0.15 0.85
759 31 20 1000 100 0.15 0.85
618 19 20 1000 100 0.15 0.85
788 59 20 1000 100 0.15 0.85
1751 116 20 1000 100 0.15 0.9
332 28 20 1000 100 0.15 0.9
4051 414 20 1000 100 0.15 0.9
5742 836 20 1000 100 0.15 0.9
3464 329 20 1000 100 0.15 0.9
6697 955 20 1000 100 0.15 0.9
9575 820 20 1000 100 0.15 0.95
7872 707 20 1000 100 0.15 0.95
7443 631 20 1000 100 0.15 0.95
11776 1090 20 1000 100 0.15 0.95
23619 3306 20 1000 100 0.15 0.95
9682 3407 20 1000 100 0.15 0.95
26 1 20 1000 100 0.2 0.5
29 1 20 1000 100 0.2 0.5
29 1 20 1000 100 0.2 0.5
28 1 20 1000 100 0.2 0.5
35 1 20 1000 100 0.2 0.5
20 1 20 1000 100 0.2 0.5
25 1 20 1000 100 0.2 0.55
43 1 20 1000 100 0.2 0.55
39 1 20 1000 100 0.2 0.55
31 1 20 1000 100 0.2 0.55
41 1 20 1000 100 0.2 0.55
29 1 20 1000 100 0.2 0.55
21 1 20 1000 100 0.2 0.6
32 1 20 1000 100 0.2 0.6
45 1 20 1000 100 0.2 0.6
13 1 20 1000 100 0.2 0.6
48 1 20 1000 100 0.2 0.6
11 1 20 1000 100 0.2 0.6
12 1 20 1000 100 0.2 0.65
45 1 20 1000 100 0.2 0.65
36 1 20 1000 100 0.2 0.65
26 1 20 1000 100 0.2 0.65
20 1 20 1000 100 0.2 0.65
41 1 20 1000 100 0.2 0.65
21 1 20 1000 100 0.2 0.7
32 1 20 1000 100 0.2 0.7
51 2 20 1000 100 0.2 0.7
9 2 20 1000 100 0.2 0.7
58 2 20 1000 100 0.2 0.7
5 1 20 1000 100 0.2 0.7
128 5 20 1000 100 0.2 0.75
42 1 20 1000 100 0.2 0.75
72 2 20 1000 100 0.2 0.75
98 4 20 1000 100 0.2 0.75
104 2 20 1000 100 0.2 0.75
71 3 20 1000 100 0.2 0.75
212 6 20 1000 100 0.2 0.8
45 1 20 1000 100 0.2 0.8
183 4 20 1000 100 0.2 0.8
81 3 20 1000 100 0.2 0.8
210 7 20 1000 100 0.2 0.8
63 6 20 1000 100 0.2 0.8
78 3 20 1000 100 0.2 0.85
878 29 20 1000 100 0.2 0.85
1078 39 20 1000 100 0.2 0.85
302 27 20 1000 100 0.2 0.85
1522 114 20 1000 100 0.2 0.85
194 72 20 1000 100 0.2 0.85
8997 352 20 1000 100 0.2 0.9
700 46 20 1000 100 0.2 0.9
9808 350 20 1000 100 0.2 0.9
255 42 20 1000 100 0.2 0.9
1038 80 20 1000 100 0.2 0.9
9191 389 20 1000 100 0.2 0.9
15943 1290 20 1000 100 0.2 0.95
2746 227 20 1000 100 0.2 0.95
18554 1546 20 1000 100 0.2 0.95
1107 173 20 1000 100 0.2 0.95
2009 183 20 1000 100 0.2 0.95
19534 2313 20 1000 100 0.2 0.95
44 1 20 1000 100 0.25 0.5
10 1 20 1000 100 0.25 0.5
41 1 20 1000 100 0.25 0.5
17 1 20 1000 100 0.25 0.5
43 1 20 1000 100 0.25 0.5
15 1 20 1000 100 0.25 0.5
25 1 20 1000 100 0.25 0.55
23 1 20 1000 100 0.25 0.55
40 1 20 1000 100 0.25 0.55
17 1 20 1000 100 0.25 0.55
41 1 20 1000 100 0.25 0.55
16 1 20 1000 100 0.25 0.55
35 1 20 1000 100 0.25 0.6
14 1 20 1000 100 0.25 0.6
24 1 20 1000 100 0.25 0.6
35 1 20 1000 100 0.25 0.6
40 1 20 1000 100 0.25 0.6
19 1 20 1000 100 0.25 0.6
32 1 20 1000 100 0.25 0.65
35 1 20 1000 100 0.25 0.65
42 1 20 1000 100 0.25 0.65
29 1 20 1000 100 0.25 0.65
47 1 20 1000 100 0.25 0.65
25 1 20 1000 100 0.25 0.65
31 1 20 1000 100 0.25 0.7
27 1 20 1000 100 0.25 0.7
6 1 20 1000 100 0.25 0.7
55 2 20 1000 100 0.25 0.7
58 1 20 1000 100 0.25 0.7
5 1 20 1000 100 0.25 0.7
46 1 20 1000 100 0.25 0.75
78 2 20 1000 100 0.25 0.75
72 2 20 1000 100 0.25 0.75
58 2 20 1000 100 0.25 0.75
109 3 20 1000 100 0.25 0.75
41 5 20 1000 100 0.25 0.75
193 6 20 1000 100 0.25 0.8
116 4 20 1000 100 0.25 0.8
310 11 20 1000 100 0.25 0.8
6 1 20 1000 100 0.25 0.8
307 6 20 1000 100 0.25 0.8
28 8 20 1000 100 0.25 0.8
1264 34 20 1000 100 0.25 0.85
491 17 20 1000 100 0.25 0.85
2166 86 20 1000 100 0.25 0.85
86 11 20 1000 100 0.25 0.85
2033 72 20 1000 100 0.25 0.85
249 35 20 1000 100 0.25 0.85
5206 162 20 1000 100 0.25 0.9
2481 90 20 1000 100 0.25 0.9
13327 763 20 1000 100 0.25 0.9
5878 521 20 1000 100 0.25 0.9
11969 609 20 1000 100 0.25 0.9
7644 775 20 1000 100 0.25 0.9
93 6 20 1000 100 0.25 0.95
13854 1185 20 1000 100 0.25 0.95
7385 638 20 1000 100 0.25 0.95
14625 1833 20 1000 100 0.25 0.95
15542 1417 20 1000 100 0.25 0.95
9871 2239 20 1000 100 0.25 0.95
23 1 20 1000 100 0.3 0.5
15 1 20 1000 100 0.3 0.5
39 1 20 1000 100 0.3 0.5
10 1 20 1000 100 0.3 0.5
37 1 20 1000 100 0.3 0.5
13 1 20 1000 100 0.3 0.5
20 1 20 1000 100 0.3 0.55
32 1 20 1000 100 0.3 0.55
44 1 20 1000 100 0.3 0.55
14 1 20 1000 100 0.3 0.55
49 1 20 1000 100 0.3 0.55
9 1 20 1000 100 0.3 0.55
38 1 20 1000 100 0.3 0.6
34 1 20 1000 100 0.3 0.6
28 1 20 1000 100 0.3 0.6
44 1 20 1000 100 0.3 0.6
47 1 20 1000 100 0.3 0.6
27 1 20 1000 100 0.3 0.6
22 1 20 1000 100 0.3 0.65
31 1 20 1000 100 0.3 0.65
43 1 20 1000 100 0.3 0.65
12 1 20 1000 100 0.3 0.65
47 1 20 1000 100 0.3 0.65
14 1 20 1000 100 0.3 0.65
47 1 20 1000 100 0.3 0.7
36 1 20 1000 100 0.3 0.7
49 1 20 1000 100 0.3 0.7
37 1 20 1000 100 0.3 0.7
31 1 20 1000 100 0.3 0.7
56 2 20 1000 100 0.3 0.7
16 3 20 1000 100 0.3 0.75
53 1 20 1000 100 0.3 0.75
62 2 20 1000 100 0.3 0.75
30 3 20 1000 100 0.3 0.75
63 2 20 1000 100 0.3 0.75
27 3 20 1000 100 0.3 0.75
324 11 20 1000 100 0.3 0.8
245 7 20 1000 100 0.3 0.8
533 21 20 1000 100 0.3 0.8
108 6 20 1000 100 0.3 0.8
648 21 20 1000 100 0.3 0.8
59 21 20 1000 100 0.3 0.8
834 38 20 1000 100 0.3 0.85
1852 57 20 1000 100 0.3 0.85
2756 77 20 1000 100 0.3 0.85
306 28 20 1000 100 0.3 0.85
1418 42 20 1000 100 0.3 0.85
1780 130 20 1000 100 0.3 0.85
19800 573 20 1000 100 0.3 0.9
1571 108 20 1000 100 0.3 0.9
11700 358 20 1000 100 0.3 0.9
11691 529 20 1000 100 0.3 0.9
12774 451 20 1000 100 0.3 0.9
11475 717 20 1000 100 0.3 0.9
8334 644 20 1000 100 0.3 0.95
9240 825 20 1000 100 0.3 0.95
13086 1062 20 1000 100 0.3 0.95
4631 385 20 1000 100 0.3 0.95
18202 1737 20 1000 100 0.3 0.95
6354 2244 20 1000 100 0.3 0.95
25 1 20 1000 100 0.35 0.5
31 1 20 1000 100 0.35 0.5
44 1 20 1000 100 0.35 0.5
15 1 20 1000 100 0.35 0.5
47 1 20 1000 100 0.35 0.5
14 1 20 1000 100 0.35 0.5
22 1 20 1000 100 0.35 0.55
36 1 20 1000 100 0.35 0.55
46 1 20 1000 100 0.35 0.55
17 1 20 1000 100 0.35 0.55
48 1 20 1000 100 0.35 0.55
16 1 20 1000 100 0.35 0.55
4 1 20 1000 100 0.35 0.6
4 1 20 1000 100 0.35 0.6
17 1 20 1000 100 0.35 0.6
9 1 20 1000 100 0.35 0.6
17 1 20 1000 100 0.35 0.6
10 1 20 1000 100 0.35 0.6
22 1 20 1000 100 0.35 0.65
25 1 20 1000 100 0.35 0.65
48 1 20 1000 100 0.35 0.65
13 1 20 1000 100 0.35 0.65
48 1 20 1000 100 0.35 0.65
13 1 20 1000 100 0.35 0.65
32 1 20 1000 100 0.35 0.7
57 2 20 1000 100 0.35 0.7
46 2 20 1000 100 0.35 0.7
46 2 20 1000 100 0.35 0.7
89 2 20 1000 100 0.35 0.7
5 1 20 1000 100 0.35 0.7
100 3 20 1000 100 0.35 0.75
92 3 20 1000 100 0.35 0.75
88 2 20 1000 100 0.35 0.75
111 5 20 1000 100 0.35 0.75
144 3 20 1000 100 0.35 0.75
58 3 20 1000 100 0.35 0.75
334 11 20 1000 100 0.35 0.8
372 10 20 1000 100 0.35 0.8
351 11 20 1000 100 0.35 0.8
401 16 20 1000 100 0.35 0.8
686 14 20 1000 100 0.35 0.8
88 14 20 1000 100 0.35 0.8
2557 78 20 1000 100 0.35 0.85
179 7 20 1000 100 0.35 0.85
2771 76 20 1000 100 0.35 0.85
83 7 20 1000 100 0.35 0.85
2665 88 20 1000 100 0.35 0.85
311 62 20 1000 100 0.35 0.85
5138 273 20 1000 100 0.35 0.9
6865 222 20 1000 100 0.35 0.9
12243 402 20 1000 100 0.35 0.9
2385 199 20 1000 100 0.35 0.9
14694 610 20 1000 100 0.35 0.9
2107 761 20 1000 100 0.35 0.9
17414 1503 20 1000 100 0.35 0.95
13545 1177 20 1000 100 0.35 0.95
25101 2139 20 1000 100 0.35 0.95
11191 1356 20 1000 100 0.35 0.95
17721 1502 20 1000 100 0.35 0.95
18722 2007 20 1000 100 0.35 0.95
23 1 20 1000 100 0.4 0.5
33 1 20 1000 100 0.4 0.5
48 1 20 1000 100 0.4 0.5
14 1 20 1000 100 0.4 0.5
47 1 20 1000 100 0.4 0.5
16 1 20 1000 100 0.4 0.5
22 1 20 1000 100 0.4 0.55
29 1 20 1000 100 0.4 0.55
30 1 20 1000 100 0.4 0.55
28 1 20 1000 100 0.4 0.55
42 1 20 1000 100 0.4 0.55
16 1 20 1000 100 0.4 0.55
29 1 20 1000 100 0.4 0.6
31 1 20 1000 100 0.4 0.6
43 1 20 1000 100 0.4 0.6
22 1 20 1000 100 0.4 0.6
43 1 20 1000 100 0.4 0.6
22 1 20 1000 100 0.4 0.6
34 1 20 1000 100 0.4 0.65
35 1 20 1000 100 0.4 0.65
33 1 20 1000 100 0.4 0.65
40 1 20 1000 100 0.4 0.65
45 1 20 1000 100 0.4 0.65
29 1 20 1000 100 0.4 0.65
22 2 20 1000 100 0.4 0.7
50 2 20 1000 100 0.4 0.7
74 2 20 1000 100 0.4 0.7
12 1 20 1000 100 0.4 0.7
75 2 20 1000 100 0.4 0.7
14 2 20 1000 100 0.4 0.7
44 1 20 1000 100 0.4 0.75
81 2 20 1000 100 0.4 0.75
100 4 20 1000 100 0.4 0.75
57 5 20 1000 100 0.4 0.75
32 1 20 1000 100 0.4 0.75
128 7 20 1000 100 0.4 0.75
375 11 20 1000 100 0.4 0.8
77 2 20 1000 100 0.4 0.8
417 11 20 1000 100 0.4 0.8
103 7 20 1000 100 0.4 0.8
443 14 20 1000 100 0.4 0.8
118 21 20 1000 100 0.4 0.8
557 18 20 1000 100 0.4 0.85
1866 55 20 1000 100 0.4 0.85
1246 35 20 1000 100 0.4 0.85
1551 61 20 1000 100 0.4 0.85
260 8 20 1000 100 0.4 0.85
2599 102 20 1000 100 0.4 0.85
7529 274 20 1000 100 0.4 0.9
438 33 20 1000 100 0.4 0.9
11089 475 20 1000 100 0.4 0.9
449 44 20 1000 100 0.4 0.9
11966 644 20 1000 100 0.4 0.9
592 210 20 1000 100 0.4 0.9
9161 765 20 1000 100 0.4 0.95
1170 85 20 1000 100 0.4 0.95
5053 450 20 1000 100 0.4 0.95
7812 910 20 1000 100 0.4 0.95
2875 207 20 1000 100 0.4 0.95
12180 1872 20 1000 100 0.4 0.95
24 1 20 1000 100 0.45 0.5
25 1 20 1000 100 0.45 0.5
47 1 20 1000 100 0.45 0.5
14 1 20 1000 100 0.45 0.5
51 1 20 1000 100 0.45 0.5
10 1 20 1000 100 0.45 0.5
14 1 20 1000 100 0.45 0.55
36 1 20 1000 100 0.45 0.55
20 1 20 1000 100 0.45 0.55
32 1 20 1000 100 0.45 0.55
51 1 20 1000 100 0.45 0.55
5 1 20 1000 100 0.45 0.55
25 1 20 1000 100 0.45 0.6
41 1 20 1000 100 0.45 0.6
38 1 20 1000 100 0.45 0.6
28 1 20 1000 100 0.45 0.6
47 1 20 1000 100 0.45 0.6
21 1 20 1000 100 0.45 0.6
45 2 20 1000 100 0.45 0.65
33 1 20 1000 100 0.45 0.65
63 1 20 1000 100 0.45 0.65
17 1 20 1000 100 0.45 0.65
20 1 20 1000 100 0.45 0.65
62 2 20 1000 100 0.45 0.65
42 1 20 1000 100 0.45 0.7
46 1 20 1000 100 0.45 0.7
48 1 20 1000 100 0.45 0.7
49 2 20 1000 100 0.45 0.7
86 2 20 1000 100 0.45 0.7
14 2 20 1000 100 0.45 0.7
130 5 20 1000 100 0.45 0.75
76 2 20 1000 100 0.45 0.75
154 5 20 1000 100 0.45 0.75
55 3 20 1000 100 0.45 0.75
146 3 20 1000 100 0.45 0.75
66 2 20 1000 100 0.45 0.75
192 5 20 1000 100 0.45 0.8
540 20 20 1000 100 0.45 0.8
229 7 20 1000 100 0.45 0.8
518 17 20 1000 100 0.45 0.8
667 15 20 1000 100 0.45 0.8
103 13 20 1000 100 0.45 0.8
329 15 20 1000 100 0.45 0.85
602 26 20 1000 100 0.45 0.85
722 24 20 1000 100 0.45 0.85
866 62 20 1000 100 0.45 0.85
1296 55 20 1000 100 0.45 0.85
618 136 20 1000 100 0.45 0.85
633 35 20 1000 100 0.45 0.9
7571 250 20 1000 100 0.45 0.9
9792 428 20 1000 100 0.45 0.9
2852 330 20 1000 100 0.45 0.9
13442 972 20 1000 100 0.45 0.9
439 155 20 1000 100 0.45 0.9
1042 88 20 1000 100 0.45 0.95
6749 589 20 1000 100 0.45 0.95
9585 924 20 1000 100 0.45 0.95
2553 417 20 1000 100 0.45 0.95
1086 87 20 1000 100 0.45 0.95
14145 2371 20 1000 100 0.45 0.95
4 1 20 1000 100 0.5 0.5
4 1 20 1000 100 0.5 0.5
11 1 20 1000 100 0.5 0.5
5 1 20 1000 100 0.5 0.5
15 1 20 1000 100 0.5 0.5
5 1 20 1000 100 0.5 0.5
23 1 20 1000 100 0.5 0.55
43 1 20 1000 100 0.5 0.55
38 1 20 1000 100 0.5 0.55
29 1 20 1000 100 0.5 0.55
48 1 20 1000 100 0.5 0.55
23 2 20 1000 100 0.5 0.55
20 1 20 1000 100 0.5 0.6
6 1 20 1000 100 0.5 0.6
23 1 20 1000 100 0.5 0.6
6 1 20 1000 100 0.5 0.6
30 1 20 1000 100 0.5 0.6
7 2 20 1000 100 0.5 0.6
28 1 20 1000 100 0.5 0.65
28 1 20 1000 100 0.5 0.65
54 1 20 1000 100 0.5 0.65
15 1 20 1000 100 0.5 0.65
62 2 20 1000 100 0.5 0.65
9 1 20 1000 100 0.5 0.65
18 1 20 1000 100 0.5 0.7
46 1 20 1000 100 0.5 0.7
66 2 20 1000 100 0.5 0.7
13 1 20 1000 100 0.5 0.7
71 2 20 1000 100 0.5 0.7
14 3 20 1000 100 0.5 0.7
185 7 20 1000 100 0.5 0.75
171 6 20 1000 100 0.5 0.75
150 5 20 1000 100 0.5 0.75
206 6 20 1000 100 0.5 0.75
367 11 20 1000 100 0.5 0.75
23 8 20 1000 100 0.5 0.75
512 17 20 1000 100 0.5 0.8
471 12 20 1000 100 0.5 0.8
663 13 20 1000 100 0.5 0.8
422 18 20 1000 100 0.5 0.8
732 23 20 1000 100 0.5 0.8
359 19 20 1000 100 0.5 0.8
2322 42 20 1000 100 0.5 0.85
229 4 20 1000 100 0.5 0.85
2618 78 20 1000 100 0.5 0.85
902 77 20 1000 100 0.5 0.85
3223 131 20 1000 100 0.5 0.85
436 73 20 1000 100 0.5 0.85
1401 106 20 1000 100 0.5 0.9
5246 148 20 1000 100 0.5 0.9
612 44 20 1000 100 0.5 0.9
14317 777 20 1000 100 0.5 0.9
5336 229 20 1000 100 0.5 0.9
9877 721 20 1000 100 0.5 0.9
2354 211 20 1000 100 0.5 0.95
21240 1729 20 1000 100 0.5 0.95
7230 627 20 1000 100 0.5 0.95
19131 1887 20 1000 100 0.5 0.95
26781 2560 20 1000 100 0.5 0.95
1973 694 20 1000 100 0.5 0.95
23 1 20 1000 1000 0.1 0.5
35 1 20 1000 1000 0.1 0.5
43 1 20 1000 1000 0.1 0.5
22 1 20 1000 1000 0.1 0.5
43 1 20 1000 1000 0.1 0.5
23 1 20 1000 1000 0.1 0.5
29 1 20 1000 1000 0.1 0.55
28 1 20 1000 1000 0.1 0.55
42 1 20 1000 1000 0.1 0.55
19 1 20 1000 1000 0.1 0.55
42 1 20 1000 1000 0.1 0.55
19 1 20 1000 1000 0.1 0.55
42 1 20 1000 1000 0.1 0.6
33 1 20 1000 1000 0.1 0.6
44 1 20 1000 1000 0.1 0.6
32 1 20 1000 1000 0.1 0.6
35 1 20 1000 1000 0.1 0.6
42 1 20 1000 1000 0.1 0.6
20 1 20 1000 1000 0.1 0.65
33 1 20 1000 1000 0.1 0.65
29 1 20 1000 1000 0.1 0.65
25 1 20 1000 1000 0.1 0.65
38 1 20 1000 1000 0.1 0.65
16 1 20 1000 1000 0.1 0.65
54 2 20 1000 1000 0.1 0.7
47 1 20 1000 1000 0.1 0.7
65 2 20 1000 1000 0.1 0.7
37 1 20 1000 1000 0.1 0.7
29 1 20 1000 1000 0.1 0.7
73 2 20 1000 1000 0.1 0.7
41 1 20 1000 1000 0.1 0.75
96 3 20 1000 1000 0.1 0.75
40 1 20 1000 1000 0.1 0.75
97 3 20 1000 1000 0.1 0.75
100 3 20 1000 1000 0.1 0.75
41 2 20 1000 1000 0.1 0.75
118 4 20 1000 1000 0.1 0.8
79 3 20 1000 1000 0.1 0.8
131 4 20 1000 1000 0.1 0.8
117 12 20 1000 1000 0.1 0.8
216 11 20 1000 1000 0.1 0.8
62 17 20 1000 1000 0.1 0.8
72 5 20 1000 1000 0.1 0.85
77 5 20 1000 1000 0.1 0.85
449 46 20 1000 1000 0.1 0.85
340 38 20 1000 1000 0.1 0.85
186 20 20 1000 1000 0.1 0.85
637 72 20 1000 1000 0.1 0.85
16876 557 20 1000 1000 0.1 0.9
17193 615 20 1000 1000 0.1 0.9
25045 909 20 1000 1000 0.1 0.9
9853 398 20 1000 1000 0.1 0.9
2116 137 20 1000 1000 0.1 0.9
32981 1112 20 1000 1000 0.1 0.9
2464 180 20 1000 1000 0.1 0.95
3093 240 20 1000 1000 0.1 0.95
9020 1032 20 1000 1000 0.1 0.95
1744 259 20 1000 1000 0.1 0.95
20218 4622 20 1000 1000 0.1 0.95
90 31 20 1000 1000 0.1 0.95
13 1 20 1000 1000 0.15 0.5
39 1 20 1000 1000 0.15 0.5
15 1 20 1000 1000 0.15 0.5
37 1 20 1000 1000 0.15 0.5
36 1 20 1000 1000 0.15 0.5
19 1 20 1000 1000 0.15 0.5
42 1 20 1000 1000 0.15 0.55
34 1 20 1000 1000 0.15 0.55
33 1 20 1000 1000 0.15 0.55
45 1 20 1000 1000 0.15 0.55
44 1 20 1000 1000 0.15 0.55
34 1 20 1000 1000 0.15 0.55
23 1 20 1000 1000 0.15 0.6
22 1 20 1000 1000 0.15 0.6
32 1 20 1000 1000 0.15 0.6
26 1 20 1000 1000 0.15 0.6
32 1 20 1000 1000 0.15 0.6
26 1 20 1000 1000 0.15 0.6
23 1 20 1000 1000 0.15 0.65
31 1 20 1000 1000 0.15 0.65
45 1 20 1000 1000 0.15 0.65
14 1 20 1000 1000 0.15 0.65
45 1 20 1000 1000 0.15 0.65
15 1 20 1000 1000 0.15 0.65
51 1 20 1000 1000 0.15 0.7
46 1 20 1000 1000 0.15 0.7
51 1 20 1000 1000 0.15 0.7
47 1 20 1000 1000 0.15 0.7
49 1 20 1000 1000 0.15 0.7
49 1 20 1000 1000 0.15 0.7
77 3 20 1000 1000 0.15 0.75
78 2 20 1000 1000 0.15 0.75
157 5 20 1000 1000 0.15 0.75
7 1 20 1000 1000 0.15 0.75
152 3 20 1000 1000 0.15 0.75
16 3 20 1000 1000 0.15 0.75
75 2 20 1000 1000 0.15 0.8
160 4 20 1000 1000 0.15 0.8
117 2 20 1000 1000 0.15 0.8
220 11 20 1000 1000 0.15 0.8
162 5 20 1000 1000 0.15 0.8
187 14 20 1000 1000 0.15 0.8
888 37 20 1000 1000 0.15 0.85
3710 103 20 1000 1000 0.15 0.85
4002 119 20 1000 1000 0.15 0.85
602 20 20 1000 1000 0.15 0.85
2960 84 20 1000 1000 0.15 0.85
1733 74 20 1000 1000 0.15 0.85
5563 225 20 1000 1000 0.15 0.9
1452 59 20 1000 1000 0.15 0.9
681 59 20 1000 1000 0.15 0.9
7597 426 20 1000 1000 0.15 0.9
9172 630 20 1000 1000 0.15 0.9
779 232 20 1000 1000 0.15 0.9
5899 507 20 1000 1000 0.15 0.95
7247 561 20 1000 1000 0.15 0.95
11494 958 20 1000 1000 0.15 0.95
9908 1475 20 1000 1000 0.15 0.95
17038 1753 20 1000 1000 0.15 0.95
6256 1386 20 1000 1000 0.15 0.95
29 1 20 1000 1000 0.2 0.5
39 1 20 1000 1000 0.2 0.5
41 1 20 1000 1000 0.2 0.5
30 1 20 1000 1000 0.2 0.5
43 1 20 1000 1000 0.2 0.5
29 1 20 1000 1000 0.2 0.5
20 1 20 1000 1000 0.2 0.55
40 1 20 1000 1000 0.2 0.55
20 1 20 1000 1000 0.2 0.55
41 1 20 1000 1000 0.2 0.55
34 1 20 1000 1000 0.2 0.55
28 1 20 1000 1000 0.2 0.55
38 1 20 1000 1000 0.2 0.6
21 1 20 1000 1000 0.2 0.6
31 1 20 1000 1000 0.2 0.6
29 1 20 1000 1000 0.2 0.6
42 1 20 1000 1000 0.2 0.6
19 1 20 1000 1000 0.2 0.6
34 1 20 1000 1000 0.2 0.65
43 1 20 1000 1000 0.2 0.65
42 1 20 1000 1000 0.2 0.65
36 1 20 1000 1000 0.2 0.65
48 1 20 1000 1000 0.2 0.65
30 1 20 1000 1000 0.2 0.65
55 1 20 1000 1000 0.2 0.7
41 1 20 1000 1000 0.2 0.7
47 1 20 1000 1000 0.2 0.7
60 2 20 1000 1000 0.2 0.7
79 2 20 1000 1000 0.2 0.7
29 1 20 1000 1000 0.2 0.7
23 1 20 1000 1000 0.2 0.75
48 1 20 1000 1000 0.2 0.75
58 1 20 1000 1000 0.2 0.75
25 1 20 1000 1000 0.2 0.75
79 3 20 1000 1000 0.2 0.75
13 3 20 1000 1000 0.2 0.75
199 5 20 1000 1000 0.2 0.8
168 5 20 1000 1000 0.2 0.8
400 13 20 1000 1000 0.2 0.8
73 7 20 1000 1000 0.2 0.8
371 10 20 1000 1000 0.2 0.8
105 11 20 1000 1000 0.2 0.8
128 6 20 1000 1000 0.2 0.85
1769 49 20 1000 1000 0.2 0.85
2378 109 20 1000 1000 0.2 0.85
287 23 20 1000 1000 0.2 0.85
2370 97 20 1000 1000 0.2 0.85
352 41 20 1000 1000 0.2 0.85
4576 263 20 1000 1000 0.2 0.9
4449 141 20 1000 1000 0.2 0.9
7775 234 20 1000 1000 0.2 0.9
2126 182 20 1000 1000 0.2 0.9
10115 461 20 1000 1000 0.2 0.9
493 162 20 1000 1000 0.2 0.9
165 14 20 1000 1000 0.2 0.95
17779 1593 20 1000 1000 0.2 0.95
17107 1369 20 1000 1000 0.2 0.95
8471 1357 20 1000 1000 0.2 0.95
1365 111 20 1000 1000 0.2 0.95
25632 3152 20 1000 1000 0.2 0.95
31 1 20 1000 1000 0.25 0.5
27 1 20 1000 1000 0.25 0.5
42 1 20 1000 1000 0.25 0.5
23 1 20 1000 1000 0.25 0.5
32 1 20 1000 1000 0.25 0.5
35 1 20 1000 1000 0.25 0.5
21 1 20 1000 1000 0.25 0.55
6 1 20 1000 1000 0.25 0.55
25 1 20 1000 1000 0.25 0.55
6 1 20 1000 1000 0.25 0.55
29 1 20 1000 1000 0.25 0.55
5 1 20 1000 1000 0.25 0.55
21 1 20 1000 1000 0.25 0.6
33 1 20 1000 1000 0.25 0.6
47 1 20 1000 1000 0.25 0.6
13 1 20 1000 1000 0.25 0.6
47 1 20 1000 1000 0.25 0.6
14 1 20 1000 1000 0.25 0.6
24 1 20 1000 1000 0.25 0.65
38 1 20 1000 1000 0.25 0.65
33 1 20 1000 1000 0.25 0.65
33 1 20 1000 1000 0.25 0.65
42 1 20 1000 1000 0.25 0.65
24 1 20 1000 1000 0.25 0.65
24 1 20 1000 1000 0.25 0.7
33 1 20 1000 1000 0.25 0.7
59 2 20 1000 1000 0.25 0.7
8 1 20 1000 1000 0.25 0.7
61 2 20 1000 1000 0.25 0.7
9 2 20 1000 1000 0.25 0.7
75 2 20 1000 1000 0.25 0.75
78 2 20 1000 1000 0.25 0.75
150 5 20 1000 1000 0.25 0.75
34 2 20 1000 1000 0.25 0.75
177 6 20 1000 1000 0.25 0.75
19 3 20 1000 1000 0.25 0.75
335 11 20 1000 1000 0.25 0.8
40 1 20 1000 1000 0.25 0.8
280 8 20 1000 1000 0.25 0.8
165 9 20 1000 1000 0.25 0.8
387 11 20 1000 1000 0.25 0.8
70 11 20 1000 1000 0.25 0.8
652 31 20 1000 1000 0.25 0.85
96 4 20 1000 1000 0.25 0.85
853 42 20 1000 1000 0.25 0.85
480 53 20 1000 1000 0.25 0.85
850 35 20 1000 1000 0.25 0.85
666 98 20 1000 1000 0.25 0.85
6825 283 20 1000 1000 0.25 0.9
5596 189 20 1000 1000 0.25 0.9
12873 477 20 1000 1000 0.25 0.9
3095 375 20 1000 1000 0.25 0.9
14431 638 20 1000 1000 0.25 0.9
2125 326 20 1000 1000 0.25 0.9
11224 984 20 1000 1000 0.25 0.95
320 28 20 1000 1000 0.25 0.95
1109 84 20 1000 1000 0.25 0.95
30971 4213 20 1000 1000 0.25 0.95
4828 415 20 1000 1000 0.25 0.95
31839 5514 20 1000 1000 0.25 0.95
27 1 20 1000 1000 0.3 0.5
25 1 20 1000 1000 0.3 0.5
36 1 20 1000 1000 0.3 0.5
20 1 20 1000 1000 0.3 0.5
35 1 20 1000 1000 0.3 0.5
21 1 20 1000 1000 0.3 0.5
45 1 20 1000 1000 0.3 0.55
28 1 20 1000 1000 0.3 0.55
46 1 20 1000 1000 0.3 0.55
27 1 20 1000 1000 0.3 0.55
29 1 20 1000 1000 0.3 0.55
45 1 20 1000 1000 0.3 0.55
29 1 20 1000 1000 0.3 0.6
29 1 20 1000 1000 0.3 0.6
45 1 20 1000 1000 0.3 0.6
18 1 20 1000 1000 0.3 0.6
49 1 20 1000 1000 0.3 0.6
15 1 20 1000 1000 0.3 0.6
33 1 20 1000 1000 0.3 0.65
12 1 20 1000 1000 0.3 0.65
33 1 20 1000 1000 0.3 0.65
12 1 20 1000 1000 0.3 0.65
26 1 20 1000 1000 0.3 0.65
21 1 20 1000 1000 0.3 0.65
24 1 20 1000 1000 0.3 0.7
39 1 20 1000 1000 0.3 0.7
46 1 20 1000 1000 0.3 0.7
21 1 20 1000 1000 0.3 0.7
53 1 20 1000 1000 0.3 0.7
15 1 20 1000 1000 0.3 0.7
106 2 20 1000 1000 0.3 0.75
50 1 20 1000 1000 0.3 0.75
98 3 20 1000 1000 0.3 0.75
58 2 20 1000 1000 0.3 0.75
59 3 20 1000 1000 0.3 0.75
100 3 20 1000 1000 0.3 0.75
132 4 20 1000 1000 0.3 0.8
124 4 20 1000 1000 0.3 0.8
108 3 20 1000 1000 0.3 0.8
227 10 20 1000 1000 0.3 0.8
343 15 20 1000 1000 0.3 0.8
20 6 20 1000 1000 0.3 0.8
889 33 20 1000 1000 0.3 0.85
196 7 20 1000 1000 0.3 0.85
234 7 20 1000 1000 0.3 0.85
983 44 20 1000 1000 0.3 0.85
1276 66 20 1000 1000 0.3 0.85
175 53 20 1000 1000 0.3 0.85
8895 382 20 1000 1000 0.3 0.9
3473 173 20 1000 1000 0.3 0.9
128 8 20 1000 1000 0.3 0.9
13945 541 20 1000 1000 0.3 0.9
11911 494 20 1000 1000 0.3 0.9
3818 706 20 1000 1000 0.3 0.9
463 45 20 1000 1000 0.3 0.95
1624 136 20 1000 1000 0.3 0.95
4419 548 20 1000 1000 0.3 0.95
8732 1402 20 1000 1000 0.3 0.95
14080 2283 20 1000 1000 0.3 0.95
12936 4573 20 1000 1000 0.3 0.95
37 1 20 1000 1000 0.35 0.5
34 1 20 1000 1000 0.35 0.5
37 1 20 1000 1000 0.35 0.5
39 1 20 1000 1000 0.35 0.5
41 1 20 1000 1000 0.35 0.5
35 1 20 1000 1000 0.35 0.5
24 1 20 1000 1000 0.35 0.55
4 1 20 1000 1000 0.35 0.55
31 1 20 1000 1000 0.35 0.55
6 1 20 1000 1000 0.35 0.55
32 1 20 1000 1000 0.35 0.55
6 1 20 1000 1000 0.35 0.55
26 1 20 1000 1000 0.35 0.6
30 1 20 1000 1000 0.35 0.6
43 1 20 1000 1000 0.35 0.6
22 1 20 1000 1000 0.35 0.6
43 1 20 1000 1000 0.35 0.6
22 1 20 1000 1000 0.35 0.6
18 1 20 1000 1000 0.35 0.65
21 1 20 1000 1000 0.35 0.65
43 1 20 1000 1000 0.35 0.65
15 1 20 1000 1000 0.35 0.65
43 1 20 1000 1000 0.35 0.65
16 1 20 1000 1000 0.35 0.65
58 2 20 1000 1000 0.35 0.7
6 1 20 1000 1000 0.35 0.7
46 1 20 1000 1000 0.35 0.7
24 1 20 1000 1000 0.35 0.7
45 1 20 1000 1000 0.35 0.7
26 1 20 1000 1000 0.35 0.7
83 2 20 1000 1000 0.35 0.75
37 1 20 1000 1000 0.35 0.75
87 3 20 1000 1000 0.35 0.75
44 4 20 1000 1000 0.35 0.75
121 3 20 1000 1000 0.35 0.75
26 7 20 1000 1000 0.35 0.75
31 1 20 1000 1000 0.35 0.8
262 6 20 1000 1000 0.35 0.8
145 4 20 1000 1000 0.35 0.8
194 8 20 1000 1000 0.35 0.8
379 25 20 1000 1000 0.35 0.8
68 20 20 1000 1000 0.35 0.8
1533 55 20 1000 1000 0.35 0.85
1098 34 20 1000 1000 0.35 0.85
2642 73 20 1000 1000 0.35 0.85
720 70 20 1000 1000 0.35 0.85
2724 80 20 1000 1000 0.35 0.85
800 103 20 1000 1000 0.35 0.85
1967 101 20 1000 1000 0.35 0.9
5990 209 20 1000 1000 0.35 0.9
9952 568 20 1000 1000 0.35 0.9
1304 216 20 1000 1000 0.35 0.9
11837 929 20 1000 1000 0.35 0.9
2828 803 20 1000 1000 0.35 0.9
56 3 20 1000 1000 0.35 0.95
11852 995 20 1000 1000 0.35 0.95
10776 875 20 1000 1000 0.35 0.95
7537 1150 20 1000 1000 0.35 0.95
20741 2912 20 1000 1000 0.35 0.95
626 220 20 1000 1000 0.35 0.95
31 1 20 1000 1000 0.4 0.5
13 1 20 1000 1000 0.4 0.5
46 1 20 1000 1000 0.4 0.5
16 1 20 1000 1000 0.4 0.5
46 1 20 1000 1000 0.4 0.5
16 1 20 1000 1000 0.4 0.5
30 1 20 1000 1000 0.4 0.55
31 1 20 1000 1000 0.4 0.55
45 1 20 1000 1000 0.4 0.55
23 1 20 1000 1000 0.4 0.55
45 1 20 1000 1000 0.4 0.55
27 1 20 1000 1000 0.4 0.55
27 1 20 1000 1000 0.4 0.6
47 1 20 1000 1000 0.4 0.6
39 1 20 1000 1000 0.4 0.6
36 1 20 1000 1000 0.4 0.6
47 1 20 1000 1000 0.4 0.6
30 1 20 1000 1000 0.4 0.6
20 1 20 1000 1000 0.4 0.65
31 1 20 1000 1000 0.4 0.65
32 1 20 1000 1000 0.4 0.65
25 1 20 1000 1000 0.4 0.65
50 2 20 1000 1000 0.4 0.65
9 1 20 1000 1000 0.4 0.65
31 1 20 1000 1000 0.4 0.7
63 2 20 1000 1000 0.4 0.7
45 1 20 1000 1000 0.4 0.7
50 1 20 1000 1000 0.4 0.7
68 2 20 1000 1000 0.4 0.7
31 2 20 1000 1000 0.4 0.7
162 5 20 1000 1000 0.4 0.75
39 1 20 1000 1000 0.4 0.75
91 2 20 1000 1000 0.4 0.75
126 4 20 1000 1000 0.4 0.75
119 3 20 1000 1000 0.4 0.75
99 4 20 1000 1000 0.4 0.75
197 6 20 1000 1000 0.4 0.8
249 7 20 1000 1000 0.4 0.8
215 5 20 1000 1000 0.4 0.8
268 11 20 1000 1000 0.4 0.8
445 12 20 1000 1000 0.4 0.8
74 17 20 1000 1000 0.4 0.8
3067 92 20 1000 1000 0.4 0.85
703 19 20 1000 1000 0.4 0.85
1097 32 20 1000 1000 0.4 0.85
2711 80 20 1000 1000 0.4 0.85
3115 79 20 1000 1000 0.4 0.85
963 95 20 1000 1000 0.4 0.85
2918 124 20 1000 1000 0.4 0.9
2731 103 20 1000 1000 0.4 0.9
4466 175 20 1000 1000 0.4 0.9
3307 209 20 1000 1000 0.4 0.9
1828 134 20 1000 1000 0.4 0.9
8468 1010 20 1000 1000 0.4 0.9
57 3 20 1000 1000 0.4 0.95
2077 155 20 1000 1000 0.4 0.95
3942 478 20 1000 1000 0.4 0.95
6136 995 20 1000 1000 0.4 0.95
9310 1344 20 1000 1000 0.4 0.95
4443 1414 20 1000 1000 0.4 0.95
17 1 20 1000 1000 0.45 0.5
43 1 20 1000 1000 0.45 0.5
34 1 20 1000 1000 0.45 0.5
27 1 20 1000 1000 0.45 0.5
45 1 20 1000 1000 0.45 0.5
18 1 20 1000 1000 0.45 0.5
26 1 20 1000 1000 0.45 0.55
31 1 20 1000 1000 0.45 0.55
29 1 20 1000 1000 0.45 0.55
28 1 20 1000 1000 0.45 0.55
34 1 20 1000 1000 0.45 0.55
23 1 20 1000 1000 0.45 0.55
36 1 20 1000 1000 0.45 0.6
37 1 20 1000 1000 0.45 0.6
46 1 20 1000 1000 0.45 0.6
31 1 20 1000 1000 0.45 0.6
47 1 20 1000 1000 0.45 0.6
30 1 20 1000 1000 0.45 0.6
25 1 20 1000 1000 0.45 0.65
70 2 20 1000 1000 0.45 0.65
59 1 20 1000 1000 0.45 0.65
40 1 20 1000 1000 0.45 0.65
49 1 20 1000 1000 0.45 0.65
50 2 20 1000 1000 0.45 0.65
4 1 20 1000 1000 0.45 0.7
25 2 20 1000 1000 0.45 0.7
29 2 20 1000 1000 0.45 0.7
14 2 20 1000 1000 0.45 0.7
29 2 20 1000 1000 0.45 0.7
20 4 20 1000 1000 0.45 0.7
25 1 20 1000 1000 0.45 0.75
24 1 20 1000 1000 0.45 0.75
81 7 20 1000 1000 0.45 0.75
25 3 20 1000 1000 0.45 0.75
97 10 20 1000 1000 0.45 0.75
13 2 20 1000 1000 0.45 0.75
610 15 20 1000 1000 0.45 0.8
505 14 20 1000 1000 0.45 0.8
308 9 20 1000 1000 0.45 0.8
836 28 20 1000 1000 0.45 0.8
964 23 20 1000 1000 0.45 0.8
219 19 20 1000 1000 0.45 0.8
826 24 20 1000 1000 0.45 0.85
1096 37 20 1000 1000 0.45 0.85
1990 74 20 1000 1000 0.45 0.85
36 5 20 1000 1000 0.45 0.85
2017 52 20 1000 1000 0.45 0.85
295 82 20 1000 1000 0.45 0.85
8364 294 20 1000 1000 0.45 0.9
9077 273 20 1000 1000 0.45 0.9
9113 226 20 1000 1000 0.45 0.9
13648 764 20 1000 1000 0.45 0.9
19001 696 20 1000 1000 0.45 0.9
5653 954 20 1000 1000 0.45 0.9
2008 176 20 1000 1000 0.45 0.95
7245 586 20 1000 1000 0.45 0.95
6970 616 20 1000 1000 0.45 0.95
4841 622 20 1000 1000 0.45 0.95
12614 1468 20 1000 1000 0.45 0.95
981 345 20 1000 1000 0.45 0.95
24 1 20 1000 1000 0.5 0.5
31 1 20 1000 1000 0.5 0.5
49 1 20 1000 1000 0.5 0.5
15 1 20 1000 1000 0.5 0.5
50 1 20 1000 1000 0.5 0.5
15 1 20 1000 1000 0.5 0.5
25 1 20 1000 1000 0.5 0.55
35 1 20 1000 1000 0.5 0.55
29 1 20 1000 1000 0.5 0.55
31 1 20 1000 1000 0.5 0.55
40 2 20 1000 1000 0.5 0.55
22 1 20 1000 1000 0.5 0.55
47 1 20 1000 1000 0.5 0.6
15 1 20 1000 1000 0.5 0.6
30 1 20 1000 1000 0.5 0.6
33 1 20 1000 1000 0.5 0.6
63 2 20 1000 1000 0.5 0.6
4 1 20 1000 1000 0.5 0.6
36 1 20 1000 1000 0.5 0.65
50 1 20 1000 1000 0.5 0.65
47 1 20 1000 1000 0.5 0.65
41 1 20 1000 1000 0.5 0.65
88 2 20 1000 1000 0.5 0.65
9 1 20 1000 1000 0.5 0.65
95 2 20 1000 1000 0.5 0.7
30 1 20 1000 1000 0.5 0.7
50 2 20 1000 1000 0.5 0.7
79 3 20 1000 1000 0.5 0.7
126 3 20 1000 1000 0.5 0.7
11 3 20 1000 1000 0.5 0.7
126 4 20 1000 1000 0.5 0.75
127 4 20 1000 1000 0.5 0.75
75 2 20 1000 1000 0.5 0.75
183 7 20 1000 1000 0.5 0.75
240 5 20 1000 1000 0.5 0.75
33 6 20 1000 1000 0.5 0.75
202 6 20 1000 1000 0.5 0.8
365 10 20 1000 1000 0.5 0.8
645 21 20 1000 1000 0.5 0.8
75 11 20 1000 1000 0.5 0.8
738 38 20 1000 1000 0.5 0.8
57 17 20 1000 1000 0.5 0.8
603 19 20 1000 1000 0.5 0.85
1985 59 20 1000 1000 0.5 0.85
2575 74 20 1000 1000 0.5 0.85
237 25 20 1000 1000 0.5 0.85
637 12 20 1000 1000 0.5 0.85
2688 190 20 1000 1000 0.5 0.85
6877 187 20 1000 1000 0.5 0.9
3372 126 20 1000 1000 0.5 0.9
12772 500 20 1000 1000 0.5 0.9
6875 595 20 1000 1000 0.5 0.9
12301 407 20 1000 1000 0.5 0.9
8144 946 20 1000 1000 0.5 0.9
1245 107 20 1000 1000 0.5 0.95
7247 630 20 1000 1000 0.5 0.95
9350 879 20 1000 1000 0.5 0.95
278 38 20 1000 1000 0.5 0.95
9838 980 20 1000 1000 0.5 0.95
1604 565 20 1000 1000 0.5 0.95
