22 57 30 10 10 0.1 0.5
11 28 30 10 10 0.1 0.5
22 57 30 10 10 0.1 0.5
12 39 30 10 10 0.1 0.5
34 68 30 10 10 0.1 0.5
3 89 30 10 10 0.1 0.5
28 73 30 10 10 0.1 0.55
10 23 30 10 10 0.1 0.55
16 28 30 10 10 0.1 0.55
25 62 30 10 10 0.1 0.55
26 65 30 10 10 0.1 0.55
15 59 30 10 10 0.1 0.55
9 20 30 10 10 0.1 0.6
12 30 30 10 10 0.1 0.6
23 56 30 10 10 0.1 0.6
7 47 30 10 10 0.1 0.6
16 40 30 10 10 0.1 0.6
28 458 30 10 10 0.1 0.6
13 49 30 10 10 0.1 0.65
7 23 30 10 10 0.1 0.65
5 13 30 10 10 0.1 0.65
15 45 30 10 10 0.1 0.65
13 34 30 10 10 0.1 0.65
7 26 30 10 10 0.1 0.65
8 23 30 10 10 0.1 0.7
4 12 30 10 10 0.1 0.7
13 47 30 10 10 0.1 0.7
7 56 30 10 10 0.1 0.7
18 74 30 10 10 0.1 0.7
8 194 30 10 10 0.1 0.7
12 21 30 10 10 0.1 0.75
6 26 30 10 10 0.1 0.75
20 66 30 10 10 0.1 0.75
4 28 30 10 10 0.1 0.75
25 78 30 10 10 0.1 0.75
0 29 30 10 10 0.1 0.75
230 383 30 10 10 0.1 0.8
72 135 30 10 10 0.1 0.8
311 663 30 10 10 0.1 0.8
9 63 30 10 10 0.1 0.8
342 1330 30 10 10 0.1 0.8
1 32 30 10 10 0.1 0.8
144 344 30 10 10 0.1 0.85
7 25 30 10 10 0.1 0.85
1775 9256 30 10 10 0.1 0.85
322 1742 30 10 10 0.1 0.85
2673 26573 30 10 10 0.1 0.85
92 2468 30 10 10 0.1 0.85
42442 80935 30 10 10 0.1 0.9
6911 12567 30 10 10 0.1 0.9
628 1103 30 10 10 0.1 0.9
49605 94145 30 10 10 0.1 0.9
36904 67856 30 10 10 0.1 0.9
19312 186943 30 10 10 0.1 0.9
577 1368 30 10 10 0.1 0.95
60115 109024 30 10 10 0.1 0.95
4401 8612 30 10 10 0.1 0.95
76037 218457 30 10 10 0.1 0.95
1024 2001 30 10 10 0.1 0.95
90727 518298 30 10 10 0.1 0.95
22 83 30 10 10 0.15 0.5
8 38 30 10 10 0.15 0.5
5 17 30 10 10 0.15 0.5
27 102 30 10 10 0.15 0.5
12 32 30 10 10 0.15 0.5
20 82 30 10 10 0.15 0.5
0 25 30 10 10 0.15 0.55
1 26 30 10 10 0.15 0.55
5 40 30 10 10 0.15 0.55
3 29 30 10 10 0.15 0.55
6 47 30 10 10 0.15 0.55
3 47 30 10 10 0.15 0.55
8 39 30 10 10 0.15 0.6
4 29 30 10 10 0.15 0.6
12 42 30 10 10 0.15 0.6
3 35 30 10 10 0.15 0.6
13 41 30 10 10 0.15 0.6
4 60 30 10 10 0.15 0.6
12 29 30 10 10 0.15 0.65
8 19 30 10 10 0.15 0.65
9 20 30 10 10 0.15 0.65
14 46 30 10 10 0.15 0.65
20 36 30 10 10 0.15 0.65
1046 26211 30 10 10 0.15 0.65
16 29 30 10 10 0.15 0.7
14 25 30 10 10 0.15 0.7
34 86 30 10 10 0.15 0.7
4 34 30 10 10 0.15 0.7
58 660 30 10 10 0.15 0.7
83 1947 30 10 10 0.15 0.7
19 43 30 10 10 0.15 0.75
172 333 30 10 10 0.15 0.75
198 434 30 10 10 0.15 0.75
98 568 30 10 10 0.15 0.75
630 9540 30 10 10 0.15 0.75
1 30 30 10 10 0.15 0.75
1271 2354 30 10 10 0.15 0.8
244 461 30 10 10 0.15 0.8
39 100 30 10 10 0.15 0.8
2398 8256 30 10 10 0.15 0.8
6973 124747 30 10 10 0.15 0.8
58 1606 30 10 10 0.15 0.8
28 102 30 10 10 0.15 0.85
17 55 30 10 10 0.15 0.85
93 422 30 10 10 0.15 0.85
31 223 30 10 10 0.15 0.85
38 193 30 10 10 0.15 0.85
205 3586 30 10 10 0.15 0.85
7970 14484 30 10 10 0.15 0.9
12936 23532 30 10 10 0.15 0.9
20072 37011 30 10 10 0.15 0.9
13920 77279 30 10 10 0.15 0.9
2147 4330 30 10 10 0.15 0.9
42920 400629 30 10 10 0.15 0.9
5009 9086 30 10 10 0.15 0.95
38 72 30 10 10 0.15 0.95
12543 71629 30 10 10 0.15 0.95
37 217 30 10 10 0.15 0.95
19430 248491 30 10 10 0.15 0.95
182 4689 30 10 10 0.15 0.95
24 61 30 10 10 0.2 0.5
3 47 30 10 10 0.2 0.5
28 49 30 10 10 0.2 0.5
5 39 30 10 10 0.2 0.5
27 106 30 10 10 0.2 0.5
7 64 30 10 10 0.2 0.5
17 57 30 10 10 0.2 0.55
12 27 30 10 10 0.2 0.55
30 124 30 10 10 0.2 0.55
3 52 30 10 10 0.2 0.55
10 39 30 10 10 0.2 0.55
601 15041 30 10 10 0.2 0.55
9 22 30 10 10 0.2 0.6
25 42 30 10 10 0.2 0.6
29 82 30 10 10 0.2 0.6
7 22 30 10 10 0.2 0.6
13 29 30 10 10 0.2 0.6
33 346 30 10 10 0.2 0.6
5 16 30 10 10 0.2 0.65
12 39 30 10 10 0.2 0.65
18 48 30 10 10 0.2 0.65
4 68 30 10 10 0.2 0.65
9 23 30 10 10 0.2 0.65
2813 70751 30 10 10 0.2 0.65
21 33 30 10 10 0.2 0.7
72 130 30 10 10 0.2 0.7
120 384 30 10 10 0.2 0.7
19 132 30 10 10 0.2 0.7
155 956 30 10 10 0.2 0.7
256 6567 30 10 10 0.2 0.7
744 1671 30 10 10 0.2 0.75
131 235 30 10 10 0.2 0.75
913 2539 30 10 10 0.2 0.75
7727 41641 30 10 10 0.2 0.75
10 35 30 10 10 0.2 0.75
12273 133913 30 10 10 0.2 0.75
50374 90767 30 10 10 0.2 0.8
3215 5836 30 10 10 0.2 0.8
21 62 30 10 10 0.2 0.8
60317 132739 30 10 10 0.2 0.8
64248 226613 30 10 10 0.2 0.8
15 368 30 10 10 0.2 0.8
4917 8980 30 10 10 0.2 0.85
26 52 30 10 10 0.2 0.85
5900 16126 30 10 10 0.2 0.85
3821 21982 30 10 10 0.2 0.85
12110 97224 30 10 10 0.2 0.85
283 7251 30 10 10 0.2 0.85
20450 42599 30 10 10 0.2 0.9
226 578 30 10 10 0.2 0.9
30864 105051 30 10 10 0.2 0.9
528 3202 30 10 10 0.2 0.9
46969 503672 30 10 10 0.2 0.9
16713 428728 30 10 10 0.2 0.9
114 278 30 10 10 0.2 0.95
14111 27155 30 10 10 0.2 0.95
15867 38048 30 10 10 0.2 0.95
330 4142 30 10 10 0.2 0.95
17144 67567 30 10 10 0.2 0.95
430 11183 30 10 10 0.2 0.95
25 59 30 10 10 0.25 0.5
29 72 30 10 10 0.25 0.5
26 69 30 10 10 0.25 0.5
36 128 30 10 10 0.25 0.5
61 143 30 10 10 0.25 0.5
6 146 30 10 10 0.25 0.5
21 66 30 10 10 0.25 0.55
5 22 30 10 10 0.25 0.55
54 228 30 10 10 0.25 0.55
9 74 30 10 10 0.25 0.55
21 68 30 10 10 0.25 0.55
160 3219 30 10 10 0.25 0.55
39 102 30 10 10 0.25 0.6
31 61 30 10 10 0.25 0.6
68 246 30 10 10 0.25 0.6
15 114 30 10 10 0.25 0.6
149 1897 30 10 10 0.25 0.6
4 110 30 10 10 0.25 0.6
58 122 30 10 10 0.25 0.65
30 105 30 10 10 0.25 0.65
42 97 30 10 10 0.25 0.65
50 127 30 10 10 0.25 0.65
88 228 30 10 10 0.25 0.65
7 107 30 10 10 0.25 0.65
586 1141 30 10 10 0.25 0.7
67 114 30 10 10 0.25 0.7
982 3109 30 10 10 0.25 0.7
13 86 30 10 10 0.25 0.7
89 169 30 10 10 0.25 0.7
970 4660 30 10 10 0.25 0.7
19 38 30 10 10 0.25 0.75
38 168 30 10 10 0.25 0.75
1296 8211 30 10 10 0.25 0.75
605 3690 30 10 10 0.25 0.75
4461 75018 30 10 10 0.25 0.75
4 102 30 10 10 0.25 0.75
235 367 30 10 10 0.25 0.8
250 498 30 10 10 0.25 0.8
1304 5505 30 10 10 0.25 0.8
361 2084 30 10 10 0.25 0.8
778 2684 30 10 10 0.25 0.8
939 6222 30 10 10 0.25 0.8
1502 2587 30 10 10 0.25 0.85
360 633 30 10 10 0.25 0.85
14 49 30 10 10 0.25 0.85
1920 4040 30 10 10 0.25 0.85
2267 12140 30 10 10 0.25 0.85
3013 77237 30 10 10 0.25 0.85
1185 2078 30 10 10 0.25 0.9
36 60 30 10 10 0.25 0.9
13296 65635 30 10 10 0.25 0.9
332 1837 30 10 10 0.25 0.9
6859 32045 30 10 10 0.25 0.9
7937 66985 30 10 10 0.25 0.9
670 1223 30 10 10 0.25 0.95
64325 115593 30 10 10 0.25 0.95
65956 122467 30 10 10 0.25 0.95
2275 12248 30 10 10 0.25 0.95
65032 118668 30 10 10 0.25 0.95
8331 149206 30 10 10 0.25 0.95
66 143 30 10 10 0.3 0.5
46 106 30 10 10 0.3 0.5
32 58 30 10 10 0.3 0.5
81 309 30 10 10 0.3 0.5
95 251 30 10 10 0.3 0.5
21 137 30 10 10 0.3 0.5
54 118 30 10 10 0.3 0.55
12 25 30 10 10 0.3 0.55
25 51 30 10 10 0.3 0.55
41 86 30 10 10 0.3 0.55
57 124 30 10 10 0.3 0.55
14 151 30 10 10 0.3 0.55
8 66 30 10 10 0.3 0.6
256 657 30 10 10 0.3 0.6
29 59 30 10 10 0.3 0.6
264 614 30 10 10 0.3 0.6
266 542 30 10 10 0.3 0.6
31 322 30 10 10 0.3 0.6
9 92 30 10 10 0.3 0.65
47 129 30 10 10 0.3 0.65
60 161 30 10 10 0.3 0.65
7 51 30 10 10 0.3 0.65
191 3123 30 10 10 0.3 0.65
13 376 30 10 10 0.3 0.65
33 85 30 10 10 0.3 0.7
110 196 30 10 10 0.3 0.7
87 220 30 10 10 0.3 0.7
129 573 30 10 10 0.3 0.7
32160 789185 30 10 10 0.3 0.7
5 123 30 10 10 0.3 0.7
67 120 30 10 10 0.3 0.75
3431 6658 30 10 10 0.3 0.75
855 1749 30 10 10 0.3 0.75
3512 10650 30 10 10 0.3 0.75
1012 2130 30 10 10 0.3 0.75
3973 25714 30 10 10 0.3 0.75
206 444 30 10 10 0.3 0.8
7419 15594 30 10 10 0.3 0.8
11668 44894 30 10 10 0.3 0.8
454 2583 30 10 10 0.3 0.8
120 311 30 10 10 0.3 0.8
21872 289827 30 10 10 0.3 0.8
1196 2384 30 10 10 0.3 0.85
1704 3180 30 10 10 0.3 0.85
4078 11582 30 10 10 0.3 0.85
16305 95743 30 10 10 0.3 0.85
20529 109263 30 10 10 0.3 0.85
229 5740 30 10 10 0.3 0.85
104109 181489 30 10 10 0.3 0.9
6122 11952 30 10 10 0.3 0.9
7001 13324 30 10 10 0.3 0.9
157878 513752 30 10 10 0.3 0.9
171240 677830 30 10 10 0.3 0.9
21297 528286 30 10 10 0.3 0.9
41768 78458 30 10 10 0.3 0.95
1395 2890 30 10 10 0.3 0.95
48884 115333 30 10 10 0.3 0.95
1675 8691 30 10 10 0.3 0.95
96298 1267430 30 10 10 0.3 0.95
17126 427104 30 10 10 0.3 0.95
77 167 30 10 10 0.35 0.5
43 97 30 10 10 0.35 0.5
48 107 30 10 10 0.35 0.5
86 247 30 10 10 0.35 0.5
127 437 30 10 10 0.35 0.5
10 141 30 10 10 0.35 0.5
14 31 30 10 10 0.35 0.55
1 8 30 10 10 0.35 0.55
43 231 30 10 10 0.35 0.55
18 116 30 10 10 0.35 0.55
26 121 30 10 10 0.35 0.55
35 248 30 10 10 0.35 0.55
26 88 30 10 10 0.35 0.6
46 161 30 10 10 0.35 0.6
51 119 30 10 10 0.35 0.6
30 190 30 10 10 0.35 0.6
39 76 30 10 10 0.35 0.6
57 556 30 10 10 0.35 0.6
81 229 30 10 10 0.35 0.65
21 49 30 10 10 0.35 0.65
144 795 30 10 10 0.35 0.65
21 211 30 10 10 0.35 0.65
36 75 30 10 10 0.35 0.65
153 1551 30 10 10 0.35 0.65
297 614 30 10 10 0.35 0.7
960 1729 30 10 10 0.35 0.7
169 509 30 10 10 0.35 0.7
1228 2807 30 10 10 0.35 0.7
1654 9277 30 10 10 0.35 0.7
11 285 30 10 10 0.35 0.7
272 570 30 10 10 0.35 0.75
2440 4462 30 10 10 0.35 0.75
101 225 30 10 10 0.35 0.75
9412 41355 30 10 10 0.35 0.75
485 854 30 10 10 0.35 0.75
18710 280356 30 10 10 0.35 0.75
1236 2236 30 10 10 0.35 0.8
167 352 30 10 10 0.35 0.8
3548 16185 30 10 10 0.35 0.8
255 1424 30 10 10 0.35 0.8
7268 99861 30 10 10 0.35 0.8
21 547 30 10 10 0.35 0.8
228 500 30 10 10 0.35 0.85
766 1519 30 10 10 0.35 0.85
266 740 30 10 10 0.35 0.85
61547 344421 30 10 10 0.35 0.85
81760 824276 30 10 10 0.35 0.85
107 2752 30 10 10 0.35 0.85
117632 209899 30 10 10 0.35 0.9
4460 8191 30 10 10 0.35 0.9
145660 344170 30 10 10 0.35 0.9
44030 259481 30 10 10 0.35 0.9
70669 129343 30 10 10 0.35 0.9
138287 954809 30 10 10 0.35 0.9
24260 42836 30 10 10 0.35 0.95
22531 41463 30 10 10 0.35 0.95
41496 75245 30 10 10 0.35 0.95
8896 34146 30 10 10 0.35 0.95
51681 139058 30 10 10 0.35 0.95
1777 46473 30 10 10 0.35 0.95
151 571 30 10 10 0.4 0.5
178 564 30 10 10 0.4 0.5
211 436 30 10 10 0.4 0.5
126 411 30 10 10 0.4 0.5
376 2098 30 10 10 0.4 0.5
8 213 30 10 10 0.4 0.5
20 62 30 10 10 0.4 0.55
127 300 30 10 10 0.4 0.55
65 161 30 10 10 0.4 0.55
91 481 30 10 10 0.4 0.55
172 920 30 10 10 0.4 0.55
26 715 30 10 10 0.4 0.55
50 111 30 10 10 0.4 0.6
118 300 30 10 10 0.4 0.6
132 246 30 10 10 0.4 0.6
64 253 30 10 10 0.4 0.6
229 1506 30 10 10 0.4 0.6
21 574 30 10 10 0.4 0.6
269 541 30 10 10 0.4 0.65
479 940 30 10 10 0.4 0.65
768 1656 30 10 10 0.4 0.65
61 789 30 10 10 0.4 0.65
878 3881 30 10 10 0.4 0.65
20 576 30 10 10 0.4 0.65
117 235 30 10 10 0.4 0.7
223 482 30 10 10 0.4 0.7
75 182 30 10 10 0.4 0.7
535 2252 30 10 10 0.4 0.7
256 623 30 10 10 0.4 0.7
1692 34608 30 10 10 0.4 0.7
141 284 30 10 10 0.4 0.75
155 338 30 10 10 0.4 0.75
78 153 30 10 10 0.4 0.75
240 682 30 10 10 0.4 0.75
389 2443 30 10 10 0.4 0.75
180 4757 30 10 10 0.4 0.75
186 451 30 10 10 0.4 0.8
107 233 30 10 10 0.4 0.8
2990 15056 30 10 10 0.4 0.8
279 1759 30 10 10 0.4 0.8
309 830 30 10 10 0.4 0.8
7560 124571 30 10 10 0.4 0.8
5657 10202 30 10 10 0.4 0.85
9539 16978 30 10 10 0.4 0.85
15943 31172 30 10 10 0.4 0.85
8004 45107 30 10 10 0.4 0.85
383 925 30 10 10 0.4 0.85
25501 122269 30 10 10 0.4 0.85
13499 22511 30 10 10 0.4 0.9
18994 36116 30 10 10 0.4 0.9
10004 17165 30 10 10 0.4 0.9
93999 455889 30 10 10 0.4 0.9
76707 318792 30 10 10 0.4 0.9
30201 227967 30 10 10 0.4 0.9
12402 21544 30 10 10 0.4 0.95
215 420 30 10 10 0.4 0.95
3268 6066 30 10 10 0.4 0.95
9376 15890 30 10 10 0.4 0.95
25111 326711 30 10 10 0.4 0.95
22856 561388 30 10 10 0.4 0.95
142 335 30 10 10 0.45 0.5
233 436 30 10 10 0.45 0.5
193 394 30 10 10 0.45 0.5
286 1154 30 10 10 0.45 0.5
271 779 30 10 10 0.45 0.5
238 1764 30 10 10 0.45 0.5
255 622 30 10 10 0.45 0.55
180 602 30 10 10 0.45 0.55
124 313 30 10 10 0.45 0.55
329 1194 30 10 10 0.45 0.55
393 836 30 10 10 0.45 0.55
65 481 30 10 10 0.45 0.55
641 1765 30 10 10 0.45 0.6
81 212 30 10 10 0.45 0.6
81 163 30 10 10 0.45 0.6
676 2110 30 10 10 0.45 0.6
512 962 30 10 10 0.45 0.6
284 1779 30 10 10 0.45 0.6
794 2056 30 10 10 0.45 0.65
148 338 30 10 10 0.45 0.65
1556 5850 30 10 10 0.45 0.65
181 1369 30 10 10 0.45 0.65
2143 16277 30 10 10 0.45 0.65
98 2745 30 10 10 0.45 0.65
133 251 30 10 10 0.45 0.7
125 238 30 10 10 0.45 0.7
64 158 30 10 10 0.45 0.7
823 5006 30 10 10 0.45 0.7
194 428 30 10 10 0.45 0.7
788 6579 30 10 10 0.45 0.7
153 366 30 10 10 0.45 0.75
57 113 30 10 10 0.45 0.75
109 273 30 10 10 0.45 0.75
108 299 30 10 10 0.45 0.75
1491 31295 30 10 10 0.45 0.75
766 19306 30 10 10 0.45 0.75
995 1766 30 10 10 0.45 0.8
1010 1932 30 10 10 0.45 0.8
5926 25620 30 10 10 0.45 0.8
1200 6649 30 10 10 0.45 0.8
16287 255802 30 10 10 0.45 0.8
24284 593280 30 10 10 0.45 0.8
239 464 30 10 10 0.45 0.85
280 638 30 10 10 0.45 0.85
560 1408 30 10 10 0.45 0.85
7 76 30 10 10 0.45 0.85
398 692 30 10 10 0.45 0.85
348 4562 30 10 10 0.45 0.85
14835 24006 30 10 10 0.45 0.9
797773 1371639 30 10 10 0.45 0.9
11434 19291 30 10 10 0.45 0.9
865043 1745519 30 10 10 0.45 0.9
883478 1922486 30 10 10 0.45 0.9
37 887 30 10 10 0.45 0.9
36756 64485 30 10 10 0.45 0.95
25190 45431 30 10 10 0.45 0.95
63803 130093 30 10 10 0.45 0.95
46042 255924 30 10 10 0.45 0.95
132876 950572 30 10 10 0.45 0.95
11913 293247 30 10 10 0.45 0.95
153 332 30 10 10 0.5 0.5
886 2256 30 10 10 0.5 0.5
127 353 30 10 10 0.5 0.5
974 2692 30 10 10 0.5 0.5
879 1958 30 10 10 0.5 0.5
296 3341 30 10 10 0.5 0.5
217 461 30 10 10 0.5 0.55
1151 2625 30 10 10 0.5 0.55
776 1720 30 10 10 0.5 0.55
645 1699 30 10 10 0.5 0.55
2104 19894 30 10 10 0.5 0.55
19 555 30 10 10 0.5 0.55
475 1145 30 10 10 0.5 0.6
1292 2619 30 10 10 0.5 0.6
1255 2474 30 10 10 0.5 0.6
635 2774 30 10 10 0.5 0.6
2022 8134 30 10 10 0.5 0.6
94 2437 30 10 10 0.5 0.6
631 1265 30 10 10 0.5 0.65
554 1184 30 10 10 0.5 0.65
1267 3170 30 10 10 0.5 0.65
277 2646 30 10 10 0.5 0.65
1212 2786 30 10 10 0.5 0.65
9653 235518 30 10 10 0.5 0.65
732 1376 30 10 10 0.5 0.7
316 599 30 10 10 0.5 0.7
248 502 30 10 10 0.5 0.7
15077 73542 30 10 10 0.5 0.7
10967 52495 30 10 10 0.5 0.7
4591 28409 30 10 10 0.5 0.7
1984 4222 30 10 10 0.5 0.75
1011 2081 30 10 10 0.5 0.75
3092 7151 30 10 10 0.5 0.75
451 4056 30 10 10 0.5 0.75
3641 12846 30 10 10 0.5 0.75
80 2203 30 10 10 0.5 0.75
14608 24568 30 10 10 0.5 0.8
31249 57879 30 10 10 0.5 0.8
46009 76592 30 10 10 0.5 0.8
414 3558 30 10 10 0.5 0.8
49804 161680 30 10 10 0.5 0.8
42 1128 30 10 10 0.5 0.8
445 1098 30 10 10 0.5 0.85
1715 3838 30 10 10 0.5 0.85
2723 9997 30 10 10 0.5 0.85
282 4122 30 10 10 0.5 0.85
2609 8280 30 10 10 0.5 0.85
3562 80498 30 10 10 0.5 0.85
104999 178052 30 10 10 0.5 0.9
4774 7360 30 10 10 0.5 0.9
44022 74229 30 10 10 0.5 0.9
82363 202907 30 10 10 0.5 0.9
118666 234376 30 10 10 0.5 0.9
19057 323143 30 10 10 0.5 0.9
39847 64957 30 10 10 0.5 0.95
41462 72501 30 10 10 0.5 0.95
5188 9822 30 10 10 0.5 0.95
91443 213362 30 10 10 0.5 0.95
108044 496813 30 10 10 0.5 0.95
59038 1425862 30 10 10 0.5 0.95
1723 382 30 100 10 0.1 0.5
16638 4082 30 100 10 0.1 0.5
18523 4812 30 100 10 0.1 0.5
650 965 30 100 10 0.1 0.5
18881 5406 30 100 10 0.1 0.5
705 2124 30 100 10 0.1 0.5
19 2 30 100 10 0.1 0.55
1929 464 30 100 10 0.1 0.55
253 78 30 100 10 0.1 0.55
1713 417 30 100 10 0.1 0.55
1987 579 30 100 10 0.1 0.55
202 879 30 100 10 0.1 0.55
18 3 30 100 10 0.1 0.6
103 23 30 100 10 0.1 0.6
94 48 30 100 10 0.1 0.6
52 28 30 100 10 0.1 0.6
277 618 30 100 10 0.1 0.6
44 193 30 100 10 0.1 0.6
40 25 30 100 10 0.1 0.65
29 4 30 100 10 0.1 0.65
12 2 30 100 10 0.1 0.65
94 56 30 100 10 0.1 0.65
113 95 30 100 10 0.1 0.65
1 2 30 100 10 0.1 0.65
8 3 30 100 10 0.1 0.7
9 14 30 100 10 0.1 0.7
2 5 30 100 10 0.1 0.7
34 10 30 100 10 0.1 0.7
20 5 30 100 10 0.1 0.7
27 102 30 100 10 0.1 0.7
26 5 30 100 10 0.1 0.75
16 5 30 100 10 0.1 0.75
27 4 30 100 10 0.1 0.75
22 8 30 100 10 0.1 0.75
42 10 30 100 10 0.1 0.75
8 10 30 100 10 0.1 0.75
97 18 30 100 10 0.1 0.8
41 5 30 100 10 0.1 0.8
239 91 30 100 10 0.1 0.8
10 7 30 100 10 0.1 0.8
280 197 30 100 10 0.1 0.8
11 38 30 100 10 0.1 0.8
31 11 30 100 10 0.1 0.85
75 13 30 100 10 0.1 0.85
63 20 30 100 10 0.1 0.85
49 12 30 100 10 0.1 0.85
185 276 30 100 10 0.1 0.85
4 11 30 100 10 0.1 0.85
99 12 30 100 10 0.1 0.9
925 150 30 100 10 0.1 0.9
1227 310 30 100 10 0.1 0.9
161 96 30 100 10 0.1 0.9
1592 1056 30 100 10 0.1 0.9
23 78 30 100 10 0.1 0.9
609 130 30 100 10 0.1 0.95
1478 267 30 100 10 0.1 0.95
2905 935 30 100 10 0.1 0.95
4412 2664 30 100 10 0.1 0.95
1191 227 30 100 10 0.1 0.95
8551 11411 30 100 10 0.1 0.95
677 189 30 100 10 0.15 0.5
77 26 30 100 10 0.15 0.5
414 98 30 100 10 0.15 0.5
478 329 30 100 10 0.15 0.5
896 529 30 100 10 0.15 0.5
12 52 30 100 10 0.15 0.5
60 20 30 100 10 0.15 0.55
102 20 30 100 10 0.15 0.55
225 118 30 100 10 0.15 0.55
51 38 30 100 10 0.15 0.55
173 32 30 100 10 0.15 0.55
119 142 30 100 10 0.15 0.55
152 35 30 100 10 0.15 0.6
23 4 30 100 10 0.15 0.6
50 14 30 100 10 0.15 0.6
133 35 30 100 10 0.15 0.6
95 16 30 100 10 0.15 0.6
95 57 30 100 10 0.15 0.6
13 4 30 100 10 0.15 0.65
86 26 30 100 10 0.15 0.65
94 26 30 100 10 0.15 0.65
17 9 30 100 10 0.15 0.65
102 22 30 100 10 0.15 0.65
10 10 30 100 10 0.15 0.65
19 3 30 100 10 0.15 0.7
26 5 30 100 10 0.15 0.7
26 5 30 100 10 0.15 0.7
29 31 30 100 10 0.15 0.7
54 15 30 100 10 0.15 0.7
3 7 30 100 10 0.15 0.7
34 6 30 100 10 0.15 0.75
9 3 30 100 10 0.15 0.75
14 6 30 100 10 0.15 0.75
30 13 30 100 10 0.15 0.75
44 10 30 100 10 0.15 0.75
2 4 30 100 10 0.15 0.75
17 3 30 100 10 0.15 0.8
40 6 30 100 10 0.15 0.8
78 26 30 100 10 0.15 0.8
11 7 30 100 10 0.15 0.8
49 11 30 100 10 0.15 0.8
186 481 30 100 10 0.15 0.8
100 23 30 100 10 0.15 0.85
108 26 30 100 10 0.15 0.85
48 10 30 100 10 0.15 0.85
323 179 30 100 10 0.15 0.85
519 640 30 100 10 0.15 0.85
5 16 30 100 10 0.15 0.85
326 58 30 100 10 0.15 0.9
95 14 30 100 10 0.15 0.9
33 6 30 100 10 0.15 0.9
508 155 30 100 10 0.15 0.9
779 909 30 100 10 0.15 0.9
28 92 30 100 10 0.15 0.9
116105 19515 30 100 10 0.15 0.95
8778 1552 30 100 10 0.15 0.95
40565 6751 30 100 10 0.15 0.95
89526 17208 30 100 10 0.15 0.95
72524 12007 30 100 10 0.15 0.95
58689 15490 30 100 10 0.15 0.95
144 39 30 100 10 0.2 0.5
196 40 30 100 10 0.2 0.5
231 65 30 100 10 0.2 0.5
132 44 30 100 10 0.2 0.5
346 84 30 100 10 0.2 0.5
18 17 30 100 10 0.2 0.5
82 12 30 100 10 0.2 0.55
98 33 30 100 10 0.2 0.55
141 36 30 100 10 0.2 0.55
47 12 30 100 10 0.2 0.55
97 32 30 100 10 0.2 0.55
104 73 30 100 10 0.2 0.55
79 13 30 100 10 0.2 0.6
19 3 30 100 10 0.2 0.6
22 8 30 100 10 0.2 0.6
76 21 30 100 10 0.2 0.6
23 11 30 100 10 0.2 0.6
76 16 30 100 10 0.2 0.6
6 3 30 100 10 0.2 0.65
15 7 30 100 10 0.2 0.65
22 6 30 100 10 0.2 0.65
1 3 30 100 10 0.2 0.65
26 16 30 100 10 0.2 0.65
3 9 30 100 10 0.2 0.65
18 7 30 100 10 0.2 0.7
26 4 30 100 10 0.2 0.7
23 4 30 100 10 0.2 0.7
18 4 30 100 10 0.2 0.7
42 16 30 100 10 0.2 0.7
6 5 30 100 10 0.2 0.7
14 5 30 100 10 0.2 0.75
15 5 30 100 10 0.2 0.75
31 7 30 100 10 0.2 0.75
5 6 30 100 10 0.2 0.75
31 6 30 100 10 0.2 0.75
27 67 30 100 10 0.2 0.75
345 74 30 100 10 0.2 0.8
38 7 30 100 10 0.2 0.8
127 27 30 100 10 0.2 0.8
287 57 30 100 10 0.2 0.8
26 8 30 100 10 0.2 0.8
519 498 30 100 10 0.2 0.8
40 18 30 100 10 0.2 0.85
17 12 30 100 10 0.2 0.85
148 65 30 100 10 0.2 0.85
42 29 30 100 10 0.2 0.85
231 237 30 100 10 0.2 0.85
3 7 30 100 10 0.2 0.85
2638 415 30 100 10 0.2 0.9
1219 199 30 100 10 0.2 0.9
1532 292 30 100 10 0.2 0.9
4361 1657 30 100 10 0.2 0.9
6071 2461 30 100 10 0.2 0.9
22 70 30 100 10 0.2 0.9
41410 6841 30 100 10 0.2 0.95
110880 18818 30 100 10 0.2 0.95
142714 24319 30 100 10 0.2 0.95
35854 17444 30 100 10 0.2 0.95
200600 111620 30 100 10 0.2 0.95
1862 5924 30 100 10 0.2 0.95
134 27 30 100 10 0.25 0.5
12 27 30 100 10 0.25 0.5
63 14 30 100 10 0.25 0.5
86 24 30 100 10 0.25 0.5
141 45 30 100 10 0.25 0.5
18 42 30 100 10 0.25 0.5
47 11 30 100 10 0.25 0.55
34 7 30 100 10 0.25 0.55
77 15 30 100 10 0.25 0.55
8 10 30 100 10 0.25 0.55
86 31 30 100 10 0.25 0.55
4 11 30 100 10 0.25 0.55
43 9 30 100 10 0.25 0.6
12 6 30 100 10 0.25 0.6
17 7 30 100 10 0.25 0.6
41 21 30 100 10 0.25 0.6
59 18 30 100 10 0.25 0.6
1 3 30 100 10 0.25 0.6
28 7 30 100 10 0.25 0.65
5 3 30 100 10 0.25 0.65
33 9 30 100 10 0.25 0.65
6 4 30 100 10 0.25 0.65
40 12 30 100 10 0.25 0.65
2 7 30 100 10 0.25 0.65
20 4 30 100 10 0.25 0.7
29 5 30 100 10 0.25 0.7
29 5 30 100 10 0.25 0.7
27 14 30 100 10 0.25 0.7
53 18 30 100 10 0.25 0.7
3 4 30 100 10 0.25 0.7
31 8 30 100 10 0.25 0.75
20 6 30 100 10 0.25 0.75
122 73 30 100 10 0.25 0.75
39 24 30 100 10 0.25 0.75
64 35 30 100 10 0.25 0.75
105 93 30 100 10 0.25 0.75
36 6 30 100 10 0.25 0.8
116 23 30 100 10 0.25 0.8
61 10 30 100 10 0.25 0.8
114 46 30 100 10 0.25 0.8
124 28 30 100 10 0.25 0.8
64 75 30 100 10 0.25 0.8
59 12 30 100 10 0.25 0.85
175 29 30 100 10 0.25 0.85
231 55 30 100 10 0.25 0.85
37 22 30 100 10 0.25 0.85
278 97 30 100 10 0.25 0.85
12 35 30 100 10 0.25 0.85
621 116 30 100 10 0.25 0.9
11165 1942 30 100 10 0.25 0.9
12185 2355 30 100 10 0.25 0.9
9666 5475 30 100 10 0.25 0.9
18611 5927 30 100 10 0.25 0.9
3289 1999 30 100 10 0.25 0.9
270 47 30 100 10 0.25 0.95
44407 7647 30 100 10 0.25 0.95
16579 2935 30 100 10 0.25 0.95
55300 22195 30 100 10 0.25 0.95
47882 9925 30 100 10 0.25 0.95
28849 30605 30 100 10 0.25 0.95
44 13 30 100 10 0.3 0.5
122 28 30 100 10 0.3 0.5
68 18 30 100 10 0.3 0.5
103 48 30 100 10 0.3 0.5
104 31 30 100 10 0.3 0.5
68 24 30 100 10 0.3 0.5
32 6 30 100 10 0.3 0.55
41 8 30 100 10 0.3 0.55
75 15 30 100 10 0.3 0.55
19 15 30 100 10 0.3 0.55
81 21 30 100 10 0.3 0.55
14 9 30 100 10 0.3 0.55
3 4 30 100 10 0.3 0.6
36 7 30 100 10 0.3 0.6
37 6 30 100 10 0.3 0.6
4 4 30 100 10 0.3 0.6
41 16 30 100 10 0.3 0.6
3 8 30 100 10 0.3 0.6
19 3 30 100 10 0.3 0.65
44 12 30 100 10 0.3 0.65
38 8 30 100 10 0.3 0.65
28 9 30 100 10 0.3 0.65
38 8 30 100 10 0.3 0.65
29 16 30 100 10 0.3 0.65
40 8 30 100 10 0.3 0.7
90 13 30 100 10 0.3 0.7
70 11 30 100 10 0.3 0.7
70 19 30 100 10 0.3 0.7
32 6 30 100 10 0.3 0.7
127 86 30 100 10 0.3 0.7
64 13 30 100 10 0.3 0.75
34 6 30 100 10 0.3 0.75
55 9 30 100 10 0.3 0.75
48 12 30 100 10 0.3 0.75
104 31 30 100 10 0.3 0.75
6 15 30 100 10 0.3 0.75
4606 848 30 100 10 0.3 0.8
69 13 30 100 10 0.3 0.8
382 71 30 100 10 0.3 0.8
5352 1568 30 100 10 0.3 0.8
5778 1741 30 100 10 0.3 0.8
157 482 30 100 10 0.3 0.8
7811 1297 30 100 10 0.3 0.85
3582 578 30 100 10 0.3 0.85
2544 492 30 100 10 0.3 0.85
8951 1657 30 100 10 0.3 0.85
1579 290 30 100 10 0.3 0.85
9929 1910 30 100 10 0.3 0.85
2782 487 30 100 10 0.3 0.9
1132 180 30 100 10 0.3 0.9
5561 1664 30 100 10 0.3 0.9
627 345 30 100 10 0.3 0.9
5939 1866 30 100 10 0.3 0.9
308 320 30 100 10 0.3 0.9
12157 2088 30 100 10 0.3 0.95
28023 4659 30 100 10 0.3 0.95
67887 23330 30 100 10 0.3 0.95
29465 16655 30 100 10 0.3 0.95
66783 22659 30 100 10 0.3 0.95
31412 19994 30 100 10 0.3 0.95
48 18 30 100 10 0.35 0.5
51 20 30 100 10 0.35 0.5
39 8 30 100 10 0.35 0.5
68 20 30 100 10 0.35 0.5
41 9 30 100 10 0.35 0.5
66 35 30 100 10 0.35 0.5
61 13 30 100 10 0.35 0.55
90 17 30 100 10 0.35 0.55
61 14 30 100 10 0.35 0.55
94 28 30 100 10 0.35 0.55
118 25 30 100 10 0.35 0.55
38 14 30 100 10 0.35 0.55
59 11 30 100 10 0.35 0.6
24 4 30 100 10 0.35 0.6
73 23 30 100 10 0.35 0.6
13 7 30 100 10 0.35 0.6
60 11 30 100 10 0.35 0.6
28 19 30 100 10 0.35 0.6
29 6 30 100 10 0.35 0.65
24 4 30 100 10 0.35 0.65
18 4 30 100 10 0.35 0.65
40 9 30 100 10 0.35 0.65
54 9 30 100 10 0.35 0.65
6 9 30 100 10 0.35 0.65
72 18 30 100 10 0.35 0.7
46 7 30 100 10 0.35 0.7
122 26 30 100 10 0.35 0.7
28 14 30 100 10 0.35 0.7
153 45 30 100 10 0.35 0.7
11 32 30 100 10 0.35 0.7
129 26 30 100 10 0.35 0.75
65 24 30 100 10 0.35 0.75
268 129 30 100 10 0.35 0.75
4 5 30 100 10 0.35 0.75
278 158 30 100 10 0.35 0.75
3 8 30 100 10 0.35 0.75
755 139 30 100 10 0.35 0.8
308 68 30 100 10 0.35 0.8
1894 697 30 100 10 0.35 0.8
650 446 30 100 10 0.35 0.8
384 73 30 100 10 0.35 0.8
2537 2163 30 100 10 0.35 0.8
524 108 30 100 10 0.35 0.85
23971 4263 30 100 10 0.35 0.85
39084 12498 30 100 10 0.35 0.85
6739 3904 30 100 10 0.35 0.85
4275 875 30 100 10 0.35 0.85
42449 18084 30 100 10 0.35 0.85
265 47 30 100 10 0.35 0.9
853 149 30 100 10 0.35 0.9
3635 1617 30 100 10 0.35 0.9
190 112 30 100 10 0.35 0.9
4041 2416 30 100 10 0.35 0.9
339 1041 30 100 10 0.35 0.9
334 63 30 100 10 0.35 0.95
85342 14295 30 100 10 0.35 0.95
115652 31622 30 100 10 0.35 0.95
97455 58694 30 100 10 0.35 0.95
201967 83877 30 100 10 0.35 0.95
27926 56921 30 100 10 0.35 0.95
116 27 30 100 10 0.4 0.5
43 7 30 100 10 0.4 0.5
124 35 30 100 10 0.4 0.5
45 13 30 100 10 0.4 0.5
121 27 30 100 10 0.4 0.5
49 18 30 100 10 0.4 0.5
65 20 30 100 10 0.4 0.55
52 10 30 100 10 0.4 0.55
57 9 30 100 10 0.4 0.55
73 35 30 100 10 0.4 0.55
123 33 30 100 10 0.4 0.55
10 21 30 100 10 0.4 0.55
54 11 30 100 10 0.4 0.6
22 6 30 100 10 0.4 0.6
85 23 30 100 10 0.4 0.6
11 11 30 100 10 0.4 0.6
80 19 30 100 10 0.4 0.6
20 19 30 100 10 0.4 0.6
62 10 30 100 10 0.4 0.65
89 17 30 100 10 0.4 0.65
86 16 30 100 10 0.4 0.65
69 14 30 100 10 0.4 0.65
153 33 30 100 10 0.4 0.65
5 11 30 100 10 0.4 0.65
239 49 30 100 10 0.4 0.7
176 35 30 100 10 0.4 0.7
294 52 30 100 10 0.4 0.7
168 46 30 100 10 0.4 0.7
582 489 30 100 10 0.4 0.7
67 206 30 100 10 0.4 0.7
187 39 30 100 10 0.4 0.75
1507 294 30 100 10 0.4 0.75
2002 503 30 100 10 0.4 0.75
155 105 30 100 10 0.4 0.75
524 88 30 100 10 0.4 0.75
2233 2302 30 100 10 0.4 0.75
937 191 30 100 10 0.4 0.8
1165 192 30 100 10 0.4 0.8
17 3 30 100 10 0.4 0.8
2352 564 30 100 10 0.4 0.8
2012 318 30 100 10 0.4 0.8
516 707 30 100 10 0.4 0.8
625 91 30 100 10 0.4 0.85
2215 347 30 100 10 0.4 0.85
6175 2408 30 100 10 0.4 0.85
6673 3878 30 100 10 0.4 0.85
12001 5835 30 100 10 0.4 0.85
1389 2150 30 100 10 0.4 0.85
3686 577 30 100 10 0.4 0.9
7362 1180 30 100 10 0.4 0.9
21516 7798 30 100 10 0.4 0.9
1209 763 30 100 10 0.4 0.9
18113 5545 30 100 10 0.4 0.9
6966 9923 30 100 10 0.4 0.9
677572 107880 30 100 10 0.4 0.95
38198 6138 30 100 10 0.4 0.95
162818 26167 30 100 10 0.4 0.95
683117 159506 30 100 10 0.4 0.95
75527 12291 30 100 10 0.4 0.95
779722 202733 30 100 10 0.4 0.95
127 27 30 100 10 0.45 0.5
89 17 30 100 10 0.45 0.5
229 55 30 100 10 0.45 0.5
15 12 30 100 10 0.45 0.5
133 33 30 100 10 0.45 0.5
113 48 30 100 10 0.45 0.5
40 18 30 100 10 0.45 0.55
122 27 30 100 10 0.45 0.55
69 16 30 100 10 0.45 0.55
113 39 30 100 10 0.45 0.55
189 75 30 100 10 0.45 0.55
8 27 30 100 10 0.45 0.55
269 87 30 100 10 0.45 0.6
170 46 30 100 10 0.45 0.6
457 115 30 100 10 0.45 0.6
39 33 30 100 10 0.45 0.6
635 570 30 100 10 0.45 0.6
5 17 30 100 10 0.45 0.6
143 26 30 100 10 0.45 0.65
95 20 30 100 10 0.45 0.65
247 55 30 100 10 0.45 0.65
130 89 30 100 10 0.45 0.65
748 1326 30 100 10 0.45 0.65
3 11 30 100 10 0.45 0.65
83 15 30 100 10 0.45 0.7
271 52 30 100 10 0.45 0.7
354 82 30 100 10 0.45 0.7
183 123 30 100 10 0.45 0.7
569 286 30 100 10 0.45 0.7
45 150 30 100 10 0.45 0.7
1524 268 30 100 10 0.45 0.75
100 18 30 100 10 0.45 0.75
3332 1326 30 100 10 0.45 0.75
547 357 30 100 10 0.45 0.75
3887 1641 30 100 10 0.45 0.75
1649 5150 30 100 10 0.45 0.75
126 19 30 100 10 0.45 0.8
6348 1172 30 100 10 0.45 0.8
6759 1486 30 100 10 0.45 0.8
4400 2690 30 100 10 0.45 0.8
11215 4323 30 100 10 0.45 0.8
25 83 30 100 10 0.45 0.8
4030 696 30 100 10 0.45 0.85
23614 3814 30 100 10 0.45 0.85
5112 848 30 100 10 0.45 0.85
25969 5863 30 100 10 0.45 0.85
32099 9650 30 100 10 0.45 0.85
47 145 30 100 10 0.45 0.85
27991 4850 30 100 10 0.45 0.9
9857 1761 30 100 10 0.45 0.9
16856 2833 30 100 10 0.45 0.9
22529 4663 30 100 10 0.45 0.9
39163 6860 30 100 10 0.45 0.9
4766 13816 30 100 10 0.45 0.9
29744 4836 30 100 10 0.45 0.95
122392 19812 30 100 10 0.45 0.95
41613 6875 30 100 10 0.45 0.95
231335 87100 30 100 10 0.45 0.95
278497 109578 30 100 10 0.45 0.95
298 876 30 100 10 0.45 0.95
322 61 30 100 10 0.5 0.5
1152 241 30 100 10 0.5 0.5
1096 211 30 100 10 0.5 0.5
460 138 30 100 10 0.5 0.5
1617 591 30 100 10 0.5 0.5
32 117 30 100 10 0.5 0.5
313 58 30 100 10 0.5 0.55
39 7 30 100 10 0.5 0.55
222 52 30 100 10 0.5 0.55
289 169 30 100 10 0.5 0.55
440 137 30 100 10 0.5 0.55
81 143 30 100 10 0.5 0.55
2780 604 30 100 10 0.5 0.6
842 184 30 100 10 0.5 0.6
2789 559 30 100 10 0.5 0.6
1118 368 30 100 10 0.5 0.6
3947 929 30 100 10 0.5 0.6
46 151 30 100 10 0.5 0.6
638 120 30 100 10 0.5 0.65
799 169 30 100 10 0.5 0.65
239 63 30 100 10 0.5 0.65
2584 961 30 100 10 0.5 0.65
3585 3170 30 100 10 0.5 0.65
56 184 30 100 10 0.5 0.65
3737 646 30 100 10 0.5 0.7
881 162 30 100 10 0.5 0.7
4712 839 30 100 10 0.5 0.7
330 223 30 100 10 0.5 0.7
2972 502 30 100 10 0.5 0.7
2124 699 30 100 10 0.5 0.7
4727 816 30 100 10 0.5 0.75
593 98 30 100 10 0.5 0.75
2684 503 30 100 10 0.5 0.75
3427 906 30 100 10 0.5 0.75
6490 2490 30 100 10 0.5 0.75
445 1365 30 100 10 0.5 0.75
13858 2363 30 100 10 0.5 0.8
9828 1722 30 100 10 0.5 0.8
23809 4038 30 100 10 0.5 0.8
2562 1742 30 100 10 0.5 0.8
27155 7719 30 100 10 0.5 0.8
54 163 30 100 10 0.5 0.8
4983 857 30 100 10 0.5 0.85
252 38 30 100 10 0.5 0.85
84915 45675 30 100 10 0.5 0.85
14672 7452 30 100 10 0.5 0.85
102703 61460 30 100 10 0.5 0.85
62 189 30 100 10 0.5 0.85
40064 6524 30 100 10 0.5 0.9
17567 3087 30 100 10 0.5 0.9
72466 17361 30 100 10 0.5 0.9
53843 29340 30 100 10 0.5 0.9
94380 29443 30 100 10 0.5 0.9
48839 66244 30 100 10 0.5 0.9
576884 90805 30 100 10 0.5 0.95
338734 54315 30 100 10 0.5 0.95
264581 41897 30 100 10 0.5 0.95
698052 127430 30 100 10 0.5 0.95
1023059 344106 30 100 10 0.5 0.95
84814 247613 30 100 10 0.5 0.95
5902 1584 30 100 100 0.1 0.5
3570 916 30 100 100 0.1 0.5
8574 2193 30 100 100 0.1 0.5
2270 1311 30 100 100 0.1 0.5
9360 2288 30 100 100 0.1 0.5
1663 1762 30 100 100 0.1 0.5
2024 497 30 100 100 0.1 0.55
109 25 30 100 100 0.1 0.55
2219 678 30 100 100 0.1 0.55
160 132 30 100 100 0.1 0.55
39 9 30 100 100 0.1 0.55
2419 1057 30 100 100 0.1 0.55
10 2 30 100 100 0.1 0.6
277 84 30 100 100 0.1 0.6
455 224 30 100 100 0.1 0.6
30 18 30 100 100 0.1 0.6
326 85 30 100 100 0.1 0.6
196 279 30 100 100 0.1 0.6
66 30 30 100 100 0.1 0.65
291 74 30 100 100 0.1 0.65
230 75 30 100 100 0.1 0.65
146 72 30 100 100 0.1 0.65
377 162 30 100 100 0.1 0.65
4 13 30 100 100 0.1 0.65
15 3 30 100 100 0.1 0.7
26 8 30 100 100 0.1 0.7
52 16 30 100 100 0.1 0.7
56 46 30 100 100 0.1 0.7
24 5 30 100 100 0.1 0.7
88 78 30 100 100 0.1 0.7
16 3 30 100 100 0.1 0.75
16 6 30 100 100 0.1 0.75
36 8 30 100 100 0.1 0.75
5 3 30 100 100 0.1 0.75
43 25 30 100 100 0.1 0.75
2 6 30 100 100 0.1 0.75
27 9 30 100 100 0.1 0.8
19 5 30 100 100 0.1 0.8
48 9 30 100 100 0.1 0.8
6 4 30 100 100 0.1 0.8
42 8 30 100 100 0.1 0.8
12 7 30 100 100 0.1 0.8
17 7 30 100 100 0.1 0.85
5 8 30 100 100 0.1 0.85
23 5 30 100 100 0.1 0.85
4 6 30 100 100 0.1 0.85
25 9 30 100 100 0.1 0.85
6 15 30 100 100 0.1 0.85
109 19 30 100 100 0.1 0.9
93 16 30 100 100 0.1 0.9
169 33 30 100 100 0.1 0.9
53 38 30 100 100 0.1 0.9
33 5 30 100 100 0.1 0.9
198 108 30 100 100 0.1 0.9
247 44 30 100 100 0.1 0.95
984 224 30 100 100 0.1 0.95
915 192 30 100 100 0.1 0.95
667 319 30 100 100 0.1 0.95
1532 476 30 100 100 0.1 0.95
86 128 30 100 100 0.1 0.95
906 313 30 100 100 0.15 0.5
636 213 30 100 100 0.15 0.5
67 10 30 100 100 0.15 0.5
1722 552 30 100 100 0.15 0.5
465 145 30 100 100 0.15 0.5
1459 1021 30 100 100 0.15 0.5
230 59 30 100 100 0.15 0.55
26 6 30 100 100 0.15 0.55
373 144 30 100 100 0.15 0.55
112 94 30 100 100 0.15 0.55
402 164 30 100 100 0.15 0.55
84 69 30 100 100 0.15 0.55
64 13 30 100 100 0.15 0.6
16 3 30 100 100 0.15 0.6
28 4 30 100 100 0.15 0.6
72 26 30 100 100 0.15 0.6
105 47 30 100 100 0.15 0.6
8 27 30 100 100 0.15 0.6
17 3 30 100 100 0.15 0.65
17 3 30 100 100 0.15 0.65
20 4 30 100 100 0.15 0.65
17 5 30 100 100 0.15 0.65
41 20 30 100 100 0.15 0.65
10 36 30 100 100 0.15 0.65
42 10 30 100 100 0.15 0.7
16 3 30 100 100 0.15 0.7
20 4 30 100 100 0.15 0.7
41 12 30 100 100 0.15 0.7
11 2 30 100 100 0.15 0.7
55 31 30 100 100 0.15 0.7
20 7 30 100 100 0.15 0.75
14 4 30 100 100 0.15 0.75
34 6 30 100 100 0.15 0.75
5 7 30 100 100 0.15 0.75
36 10 30 100 100 0.15 0.75
6 14 30 100 100 0.15 0.75
40 7 30 100 100 0.15 0.8
7 3 30 100 100 0.15 0.8
30 7 30 100 100 0.15 0.8
21 16 30 100 100 0.15 0.8
45 12 30 100 100 0.15 0.8
7 8 30 100 100 0.15 0.8
20 3 30 100 100 0.15 0.85
26 5 30 100 100 0.15 0.85
38 6 30 100 100 0.15 0.85
13 5 30 100 100 0.15 0.85
8 2 30 100 100 0.15 0.85
45 16 30 100 100 0.15 0.85
119 24 30 100 100 0.15 0.9
143 27 30 100 100 0.15 0.9
47 10 30 100 100 0.15 0.9
219 45 30 100 100 0.15 0.9
105 18 30 100 100 0.15 0.9
177 81 30 100 100 0.15 0.9
1093 174 30 100 100 0.15 0.95
282 67 30 100 100 0.15 0.95
355 69 30 100 100 0.15 0.95
1096 323 30 100 100 0.15 0.95
664 142 30 100 100 0.15 0.95
901 633 30 100 100 0.15 0.95
9 2 30 100 100 0.2 0.5
123 35 30 100 100 0.2 0.5
54 14 30 100 100 0.2 0.5
83 21 30 100 100 0.2 0.5
136 31 30 100 100 0.2 0.5
11 38 30 100 100 0.2 0.5
20 20 30 100 100 0.2 0.55
109 34 30 100 100 0.2 0.55
59 24 30 100 100 0.2 0.55
80 43 30 100 100 0.2 0.55
140 43 30 100 100 0.2 0.55
2 8 30 100 100 0.2 0.55
9 3 30 100 100 0.2 0.6
19 4 30 100 100 0.2 0.6
33 15 30 100 100 0.2 0.6
4 7 30 100 100 0.2 0.6
28 5 30 100 100 0.2 0.6
12 25 30 100 100 0.2 0.6
14 2 30 100 100 0.2 0.65
10 2 30 100 100 0.2 0.65
18 3 30 100 100 0.2 0.65
12 4 30 100 100 0.2 0.65
33 21 30 100 100 0.2 0.65
2 4 30 100 100 0.2 0.65
22 6 30 100 100 0.2 0.7
12 2 30 100 100 0.2 0.7
22 6 30 100 100 0.2 0.7
16 5 30 100 100 0.2 0.7
27 7 30 100 100 0.2 0.7
15 17 30 100 100 0.2 0.7
2 3 30 100 100 0.2 0.75
4 7 30 100 100 0.2 0.75
2 4 30 100 100 0.2 0.75
3 4 30 100 100 0.2 0.75
9 7 30 100 100 0.2 0.75
2 6 30 100 100 0.2 0.75
23 4 30 100 100 0.2 0.8
57 10 30 100 100 0.2 0.8
71 12 30 100 100 0.2 0.8
14 5 30 100 100 0.2 0.8
50 10 30 100 100 0.2 0.8
37 14 30 100 100 0.2 0.8
36 13 30 100 100 0.2 0.85
122 22 30 100 100 0.2 0.85
95 16 30 100 100 0.2 0.85
64 12 30 100 100 0.2 0.85
104 19 30 100 100 0.2 0.85
57 15 30 100 100 0.2 0.85
189 34 30 100 100 0.2 0.9
65 11 30 100 100 0.2 0.9
267 56 30 100 100 0.2 0.9
42 29 30 100 100 0.2 0.9
82 18 30 100 100 0.2 0.9
232 92 30 100 100 0.2 0.9
257 39 30 100 100 0.2 0.95
556 92 30 100 100 0.2 0.95
535 107 30 100 100 0.2 0.95
483 171 30 100 100 0.2 0.95
405 74 30 100 100 0.2 0.95
715 488 30 100 100 0.2 0.95
73 12 30 100 100 0.25 0.5
61 13 30 100 100 0.25 0.5
138 35 30 100 100 0.25 0.5
3 4 30 100 100 0.25 0.5
132 36 30 100 100 0.25 0.5
32 88 30 100 100 0.25 0.5
65 16 30 100 100 0.25 0.55
119 29 30 100 100 0.25 0.55
77 16 30 100 100 0.25 0.55
110 30 30 100 100 0.25 0.55
178 47 30 100 100 0.25 0.55
11 19 30 100 100 0.25 0.55
25 6 30 100 100 0.25 0.6
42 9 30 100 100 0.25 0.6
10 7 30 100 100 0.25 0.6
65 18 30 100 100 0.25 0.6
21 10 30 100 100 0.25 0.6
55 17 30 100 100 0.25 0.6
26 6 30 100 100 0.25 0.65
5 8 30 100 100 0.25 0.65
17 3 30 100 100 0.25 0.65
20 4 30 100 100 0.25 0.65
33 11 30 100 100 0.25 0.65
5 9 30 100 100 0.25 0.65
27 9 30 100 100 0.25 0.7
8 2 30 100 100 0.25 0.7
21 4 30 100 100 0.25 0.7
16 5 30 100 100 0.25 0.7
39 16 30 100 100 0.25 0.7
3 7 30 100 100 0.25 0.7
45 9 30 100 100 0.25 0.75
6 5 30 100 100 0.25 0.75
39 7 30 100 100 0.25 0.75
13 3 30 100 100 0.25 0.75
46 14 30 100 100 0.25 0.75
6 9 30 100 100 0.25 0.75
42 11 30 100 100 0.25 0.8
37 7 30 100 100 0.25 0.8
69 14 30 100 100 0.25 0.8
17 20 30 100 100 0.25 0.8
91 34 30 100 100 0.25 0.8
7 23 30 100 100 0.25 0.8
39 7 30 100 100 0.25 0.85
60 26 30 100 100 0.25 0.85
45 8 30 100 100 0.25 0.85
54 8 30 100 100 0.25 0.85
104 31 30 100 100 0.25 0.85
6 17 30 100 100 0.25 0.85
87 18 30 100 100 0.25 0.9
53 11 30 100 100 0.25 0.9
144 35 30 100 100 0.25 0.9
10 13 30 100 100 0.25 0.9
172 97 30 100 100 0.25 0.9
7 17 30 100 100 0.25 0.9
554 105 30 100 100 0.25 0.95
433 78 30 100 100 0.25 0.95
797 170 30 100 100 0.25 0.95
253 90 30 100 100 0.25 0.95
896 171 30 100 100 0.25 0.95
178 124 30 100 100 0.25 0.95
27 19 30 100 100 0.3 0.5
37 7 30 100 100 0.3 0.5
69 16 30 100 100 0.3 0.5
7 6 30 100 100 0.3 0.5
24 6 30 100 100 0.3 0.5
54 25 30 100 100 0.3 0.5
18 3 30 100 100 0.3 0.55
14 4 30 100 100 0.3 0.55
30 8 30 100 100 0.3 0.55
10 7 30 100 100 0.3 0.55
42 18 30 100 100 0.3 0.55
2 9 30 100 100 0.3 0.55
38 7 30 100 100 0.3 0.6
63 15 30 100 100 0.3 0.6
86 17 30 100 100 0.3 0.6
35 22 30 100 100 0.3 0.6
121 42 30 100 100 0.3 0.6
4 10 30 100 100 0.3 0.6
27 5 30 100 100 0.3 0.65
47 11 30 100 100 0.3 0.65
31 7 30 100 100 0.3 0.65
43 8 30 100 100 0.3 0.65
66 14 30 100 100 0.3 0.65
12 13 30 100 100 0.3 0.65
40 8 30 100 100 0.3 0.7
19 3 30 100 100 0.3 0.7
38 5 30 100 100 0.3 0.7
27 7 30 100 100 0.3 0.7
58 12 30 100 100 0.3 0.7
7 5 30 100 100 0.3 0.7
20 3 30 100 100 0.3 0.75
23 4 30 100 100 0.3 0.75
33 12 30 100 100 0.3 0.75
10 6 30 100 100 0.3 0.75
38 9 30 100 100 0.3 0.75
6 5 30 100 100 0.3 0.75
31 10 30 100 100 0.3 0.8
68 15 30 100 100 0.3 0.8
34 6 30 100 100 0.3 0.8
66 19 30 100 100 0.3 0.8
100 17 30 100 100 0.3 0.8
2 7 30 100 100 0.3 0.8
85 23 30 100 100 0.3 0.85
53 9 30 100 100 0.3 0.85
133 20 30 100 100 0.3 0.85
10 4 30 100 100 0.3 0.85
124 26 30 100 100 0.3 0.85
27 28 30 100 100 0.3 0.85
270 55 30 100 100 0.3 0.9
82 25 30 100 100 0.3 0.9
333 55 30 100 100 0.3 0.9
78 89 30 100 100 0.3 0.9
132 38 30 100 100 0.3 0.9
280 132 30 100 100 0.3 0.9
1017 193 30 100 100 0.3 0.95
325 74 30 100 100 0.3 0.95
471 88 30 100 100 0.3 0.95
966 295 30 100 100 0.3 0.95
1444 307 30 100 100 0.3 0.95
33 90 30 100 100 0.3 0.95
36 7 30 100 100 0.35 0.5
31 6 30 100 100 0.35 0.5
71 17 30 100 100 0.35 0.5
23 17 30 100 100 0.35 0.5
86 28 30 100 100 0.35 0.5
13 24 30 100 100 0.35 0.5
58 12 30 100 100 0.35 0.55
57 12 30 100 100 0.35 0.55
128 34 30 100 100 0.35 0.55
13 8 30 100 100 0.35 0.55
125 33 30 100 100 0.35 0.55
18 18 30 100 100 0.35 0.55
21 3 30 100 100 0.35 0.6
55 11 30 100 100 0.35 0.6
82 23 30 100 100 0.35 0.6
17 11 30 100 100 0.35 0.6
92 25 30 100 100 0.35 0.6
8 6 30 100 100 0.35 0.6
17 4 30 100 100 0.35 0.65
34 6 30 100 100 0.35 0.65
52 11 30 100 100 0.35 0.65
12 10 30 100 100 0.35 0.65
56 17 30 100 100 0.35 0.65
10 15 30 100 100 0.35 0.65
23 4 30 100 100 0.35 0.7
8 2 30 100 100 0.35 0.7
21 4 30 100 100 0.35 0.7
14 9 30 100 100 0.35 0.7
31 12 30 100 100 0.35 0.7
5 8 30 100 100 0.35 0.7
39 9 30 100 100 0.35 0.75
47 11 30 100 100 0.35 0.75
92 26 30 100 100 0.35 0.75
16 10 30 100 100 0.35 0.75
44 10 30 100 100 0.35 0.75
64 20 30 100 100 0.35 0.75
24 7 30 100 100 0.35 0.8
109 20 30 100 100 0.35 0.8
45 7 30 100 100 0.35 0.8
96 21 30 100 100 0.35 0.8
119 21 30 100 100 0.35 0.8
25 18 30 100 100 0.35 0.8
213 48 30 100 100 0.35 0.85
84 21 30 100 100 0.35 0.85
234 55 30 100 100 0.35 0.85
94 28 30 100 100 0.35 0.85
342 110 30 100 100 0.35 0.85
4 11 30 100 100 0.35 0.85
146 22 30 100 100 0.35 0.9
174 23 30 100 100 0.35 0.9
242 46 30 100 100 0.35 0.9
161 118 30 100 100 0.35 0.9
380 158 30 100 100 0.35 0.9
80 182 30 100 100 0.35 0.9
221 42 30 100 100 0.35 0.95
1693 294 30 100 100 0.35 0.95
1976 414 30 100 100 0.35 0.95
272 153 30 100 100 0.35 0.95
2257 687 30 100 100 0.35 0.95
73 202 30 100 100 0.35 0.95
69 13 30 100 100 0.4 0.5
31 9 30 100 100 0.4 0.5
114 30 30 100 100 0.4 0.5
36 25 30 100 100 0.4 0.5
133 42 30 100 100 0.4 0.5
24 36 30 100 100 0.4 0.5
13 2 30 100 100 0.4 0.55
58 10 30 100 100 0.4 0.55
75 25 30 100 100 0.4 0.55
9 7 30 100 100 0.4 0.55
65 18 30 100 100 0.4 0.55
27 34 30 100 100 0.4 0.55
32 5 30 100 100 0.4 0.6
52 16 30 100 100 0.4 0.6
24 7 30 100 100 0.4 0.6
61 21 30 100 100 0.4 0.6
90 34 30 100 100 0.4 0.6
15 47 30 100 100 0.4 0.6
44 9 30 100 100 0.4 0.65
95 18 30 100 100 0.4 0.65
48 16 30 100 100 0.4 0.65
116 36 30 100 100 0.4 0.65
122 22 30 100 100 0.4 0.65
42 20 30 100 100 0.4 0.65
46 8 30 100 100 0.4 0.7
94 16 30 100 100 0.4 0.7
94 19 30 100 100 0.4 0.7
61 34 30 100 100 0.4 0.7
82 16 30 100 100 0.4 0.7
78 52 30 100 100 0.4 0.7
56 11 30 100 100 0.4 0.75
136 29 30 100 100 0.4 0.75
81 22 30 100 100 0.4 0.75
111 24 30 100 100 0.4 0.75
156 29 30 100 100 0.4 0.75
50 45 30 100 100 0.4 0.75
106 21 30 100 100 0.4 0.8
207 42 30 100 100 0.4 0.8
201 44 30 100 100 0.4 0.8
141 40 30 100 100 0.4 0.8
237 42 30 100 100 0.4 0.8
114 59 30 100 100 0.4 0.8
128 22 30 100 100 0.4 0.85
140 39 30 100 100 0.4 0.85
311 126 30 100 100 0.4 0.85
14 19 30 100 100 0.4 0.85
271 64 30 100 100 0.4 0.85
78 161 30 100 100 0.4 0.85
664 114 30 100 100 0.4 0.9
656 92 30 100 100 0.4 0.9
1122 274 30 100 100 0.4 0.9
261 97 30 100 100 0.4 0.9
712 154 30 100 100 0.4 0.9
692 232 30 100 100 0.4 0.9
773 187 30 100 100 0.4 0.95
234 44 30 100 100 0.4 0.95
985 192 30 100 100 0.4 0.95
112 82 30 100 100 0.4 0.95
1064 258 30 100 100 0.4 0.95
101 208 30 100 100 0.4 0.95
79 16 30 100 100 0.45 0.5
7 12 30 100 100 0.45 0.5
86 18 30 100 100 0.45 0.5
20 15 30 100 100 0.45 0.5
76 19 30 100 100 0.45 0.5
38 59 30 100 100 0.45 0.5
103 20 30 100 100 0.45 0.55
66 17 30 100 100 0.45 0.55
91 17 30 100 100 0.45 0.55
90 29 30 100 100 0.45 0.55
171 46 30 100 100 0.45 0.55
22 57 30 100 100 0.45 0.55
39 11 30 100 100 0.45 0.6
21 4 30 100 100 0.45 0.6
58 11 30 100 100 0.45 0.6
57 49 30 100 100 0.45 0.6
128 98 30 100 100 0.45 0.6
33 106 30 100 100 0.45 0.6
44 13 30 100 100 0.45 0.65
105 21 30 100 100 0.45 0.65
49 18 30 100 100 0.45 0.65
131 48 30 100 100 0.45 0.65
190 88 30 100 100 0.45 0.65
16 51 30 100 100 0.45 0.65
66 11 30 100 100 0.45 0.7
210 47 30 100 100 0.45 0.7
248 59 30 100 100 0.45 0.7
177 106 30 100 100 0.45 0.7
304 83 30 100 100 0.45 0.7
148 167 30 100 100 0.45 0.7
164 29 30 100 100 0.45 0.75
36 11 30 100 100 0.45 0.75
155 28 30 100 100 0.45 0.75
79 29 30 100 100 0.45 0.75
191 37 30 100 100 0.45 0.75
45 31 30 100 100 0.45 0.75
119 24 30 100 100 0.45 0.8
253 64 30 100 100 0.45 0.8
164 37 30 100 100 0.45 0.8
298 106 30 100 100 0.45 0.8
481 189 30 100 100 0.45 0.8
24 70 30 100 100 0.45 0.8
118 26 30 100 100 0.45 0.85
52 9 30 100 100 0.45 0.85
205 51 30 100 100 0.45 0.85
239 158 30 100 100 0.45 0.85
494 349 30 100 100 0.45 0.85
34 95 30 100 100 0.45 0.85
123 39 30 100 100 0.45 0.9
1259 242 30 100 100 0.45 0.9
274 53 30 100 100 0.45 0.9
1216 286 30 100 100 0.45 0.9
1501 372 30 100 100 0.45 0.9
23 60 30 100 100 0.45 0.9
728 145 30 100 100 0.45 0.95
3169 728 30 100 100 0.45 0.95
2436 460 30 100 100 0.45 0.95
3549 1479 30 100 100 0.45 0.95
5163 1617 30 100 100 0.45 0.95
921 744 30 100 100 0.45 0.95
225 72 30 100 100 0.5 0.5
339 89 30 100 100 0.5 0.5
685 226 30 100 100 0.5 0.5
7 9 30 100 100 0.5 0.5
616 163 30 100 100 0.5 0.5
83 75 30 100 100 0.5 0.5
85 17 30 100 100 0.5 0.55
57 12 30 100 100 0.5 0.55
158 68 30 100 100 0.5 0.55
48 74 30 100 100 0.5 0.55
173 80 30 100 100 0.5 0.55
79 208 30 100 100 0.5 0.55
70 17 30 100 100 0.5 0.6
270 63 30 100 100 0.5 0.6
203 35 30 100 100 0.5 0.6
163 67 30 100 100 0.5 0.6
206 48 30 100 100 0.5 0.6
182 139 30 100 100 0.5 0.6
146 43 30 100 100 0.5 0.65
131 28 30 100 100 0.5 0.65
228 44 30 100 100 0.5 0.65
201 114 30 100 100 0.5 0.65
52 12 30 100 100 0.5 0.65
380 204 30 100 100 0.5 0.65
455 122 30 100 100 0.5 0.7
172 32 30 100 100 0.5 0.7
645 167 30 100 100 0.5 0.7
239 377 30 100 100 0.5 0.7
187 32 30 100 100 0.5 0.7
703 509 30 100 100 0.5 0.7
51 14 30 100 100 0.5 0.75
673 144 30 100 100 0.5 0.75
93 15 30 100 100 0.5 0.75
662 153 30 100 100 0.5 0.75
651 128 30 100 100 0.5 0.75
118 78 30 100 100 0.5 0.75
196 36 30 100 100 0.5 0.8
578 117 30 100 100 0.5 0.8
891 229 30 100 100 0.5 0.8
46 32 30 100 100 0.5 0.8
196 36 30 100 100 0.5 0.8
810 437 30 100 100 0.5 0.8
64 14 30 100 100 0.5 0.85
215 42 30 100 100 0.5 0.85
278 62 30 100 100 0.5 0.85
10 11 30 100 100 0.5 0.85
150 25 30 100 100 0.5 0.85
192 196 30 100 100 0.5 0.85
328 70 30 100 100 0.5 0.9
1514 297 30 100 100 0.5 0.9
1023 207 30 100 100 0.5 0.9
1044 309 30 100 100 0.5 0.9
1853 370 30 100 100 0.5 0.9
310 417 30 100 100 0.5 0.9
3279 703 30 100 100 0.5 0.95
5037 905 30 100 100 0.5 0.95
2582 473 30 100 100 0.5 0.95
6172 1629 30 100 100 0.5 0.95
3478 710 30 100 100 0.5 0.95
5565 2058 30 100 100 0.5 0.95
43 1 30 1000 10 0.1 0.5
27 1 30 1000 10 0.1 0.5
539 43 30 1000 10 0.1 0.5
21 2 30 1000 10 0.1 0.5
3139 1057 30 1000 10 0.1 0.5
6 1 30 1000 10 0.1 0.5
80 1 30 1000 10 0.1 0.55
10 1 30 1000 10 0.1 0.55
65 1 30 1000 10 0.1 0.55
36 1 30 1000 10 0.1 0.55
92 2 30 1000 10 0.1 0.55
12 1 30 1000 10 0.1 0.55
52 1 30 1000 10 0.1 0.6
75 2 30 1000 10 0.1 0.6
112 2 30 1000 10 0.1 0.6
23 2 30 1000 10 0.1 0.6
278 59 30 1000 10 0.1 0.6
8 2 30 1000 10 0.1 0.6
56 1 30 1000 10 0.1 0.65
86 2 30 1000 10 0.1 0.65
121 2 30 1000 10 0.1 0.65
27 1 30 1000 10 0.1 0.65
100 2 30 1000 10 0.1 0.65
49 2 30 1000 10 0.1 0.65
60 2 30 1000 10 0.1 0.7
133 2 30 1000 10 0.1 0.7
146 5 30 1000 10 0.1 0.7
56 2 30 1000 10 0.1 0.7
128 2 30 1000 10 0.1 0.7
75 3 30 1000 10 0.1 0.7
55 1 30 1000 10 0.1 0.75
354 8 30 1000 10 0.1 0.75
414 8 30 1000 10 0.1 0.75
24 1 30 1000 10 0.1 0.75
165 3 30 1000 10 0.1 0.75
282 9 30 1000 10 0.1 0.75
707 13 30 1000 10 0.1 0.8
1958 34 30 1000 10 0.1 0.8
2724 56 30 1000 10 0.1 0.8
775 52 30 1000 10 0.1 0.8
2921 70 30 1000 10 0.1 0.8
889 129 30 1000 10 0.1 0.8
1605 30 30 1000 10 0.1 0.85
3060 57 30 1000 10 0.1 0.85
647 13 30 1000 10 0.1 0.85
4929 131 30 1000 10 0.1 0.85
926 19 30 1000 10 0.1 0.85
4908 203 30 1000 10 0.1 0.85
8263 147 30 1000 10 0.1 0.9
8590 159 30 1000 10 0.1 0.9
19974 492 30 1000 10 0.1 0.9
8607 500 30 1000 10 0.1 0.9
10590 190 30 1000 10 0.1 0.9
18632 1002 30 1000 10 0.1 0.9
83551 1493 30 1000 10 0.1 0.95
3774 80 30 1000 10 0.1 0.95
99038 2284 30 1000 10 0.1 0.95
12174 778 30 1000 10 0.1 0.95
27975 522 30 1000 10 0.1 0.95
84647 3053 30 1000 10 0.1 0.95
32 1 30 1000 10 0.15 0.5
45 1 30 1000 10 0.15 0.5
49 1 30 1000 10 0.15 0.5
37 1 30 1000 10 0.15 0.5
80 1 30 1000 10 0.15 0.5
10 1 30 1000 10 0.15 0.5
63 1 30 1000 10 0.15 0.55
58 1 30 1000 10 0.15 0.55
21401 1714 30 1000 10 0.15 0.55
22 1 30 1000 10 0.15 0.55
30017 4971 30 1000 10 0.15 0.55
6 1 30 1000 10 0.15 0.55
37 1 30 1000 10 0.15 0.6
60 1 30 1000 10 0.15 0.6
38 1 30 1000 10 0.15 0.6
61 1 30 1000 10 0.15 0.6
63 1 30 1000 10 0.15 0.6
37 1 30 1000 10 0.15 0.6
78 2 30 1000 10 0.15 0.65
58 1 30 1000 10 0.15 0.65
105 2 30 1000 10 0.15 0.65
46 2 30 1000 10 0.15 0.65
2696 976 30 1000 10 0.15 0.65
9 2 30 1000 10 0.15 0.65
129 2 30 1000 10 0.15 0.7
124 2 30 1000 10 0.15 0.7
437 22 30 1000 10 0.15 0.7
49 3 30 1000 10 0.15 0.7
580 60 30 1000 10 0.15 0.7
12 3 30 1000 10 0.15 0.7
439 8 30 1000 10 0.15 0.75
185 3 30 1000 10 0.15 0.75
483 12 30 1000 10 0.15 0.75
145 3 30 1000 10 0.15 0.75
572 12 30 1000 10 0.15 0.75
62 3 30 1000 10 0.15 0.75
3949 71 30 1000 10 0.15 0.8
309 5 30 1000 10 0.15 0.8
1140 22 30 1000 10 0.15 0.8
3605 92 30 1000 10 0.15 0.8
1722 34 30 1000 10 0.15 0.8
3089 94 30 1000 10 0.15 0.8
329 7 30 1000 10 0.15 0.85
2483 42 30 1000 10 0.15 0.85
1823 35 30 1000 10 0.15 0.85
1066 21 30 1000 10 0.15 0.85
2940 71 30 1000 10 0.15 0.85
474 139 30 1000 10 0.15 0.85
2899 58 30 1000 10 0.15 0.9
5548 93 30 1000 10 0.15 0.9
13010 434 30 1000 10 0.15 0.9
7975 475 30 1000 10 0.15 0.9
19374 805 30 1000 10 0.15 0.9
1897 178 30 1000 10 0.15 0.9
61211 1114 30 1000 10 0.15 0.95
24279 429 30 1000 10 0.15 0.95
95585 2182 30 1000 10 0.15 0.95
68978 4105 30 1000 10 0.15 0.95
108237 2917 30 1000 10 0.15 0.95
60797 4667 30 1000 10 0.15 0.95
57 1 30 1000 10 0.2 0.5
66 1 30 1000 10 0.2 0.5
945 62 30 1000 10 0.2 0.5
20 1 30 1000 10 0.2 0.5
53 1 30 1000 10 0.2 0.5
1347 223 30 1000 10 0.2 0.5
50 1 30 1000 10 0.2 0.55
53 1 30 1000 10 0.2 0.55
52 1 30 1000 10 0.2 0.55
91 4 30 1000 10 0.2 0.55
53 1 30 1000 10 0.2 0.55
144 24 30 1000 10 0.2 0.55
89 1 30 1000 10 0.2 0.6
60 1 30 1000 10 0.2 0.6
90 2 30 1000 10 0.2 0.6
65 2 30 1000 10 0.2 0.6
251 41 30 1000 10 0.2 0.6
9 2 30 1000 10 0.2 0.6
120 2 30 1000 10 0.2 0.65
82 2 30 1000 10 0.2 0.65
123 2 30 1000 10 0.2 0.65
79 2 30 1000 10 0.2 0.65
157 3 30 1000 10 0.2 0.65
50 2 30 1000 10 0.2 0.65
137 3 30 1000 10 0.2 0.7
60 1 30 1000 10 0.2 0.7
165 3 30 1000 10 0.2 0.7
42 2 30 1000 10 0.2 0.7
114 2 30 1000 10 0.2 0.7
97 4 30 1000 10 0.2 0.7
336 8 30 1000 10 0.2 0.75
329 6 30 1000 10 0.2 0.75
237 6 30 1000 10 0.2 0.75
435 10 30 1000 10 0.2 0.75
638 11 30 1000 10 0.2 0.75
44 4 30 1000 10 0.2 0.75
4823 91 30 1000 10 0.2 0.8
783 14 30 1000 10 0.2 0.8
5734 105 30 1000 10 0.2 0.8
27 2 30 1000 10 0.2 0.8
730 15 30 1000 10 0.2 0.8
6006 386 30 1000 10 0.2 0.8
2393 43 30 1000 10 0.2 0.85
2836 61 30 1000 10 0.2 0.85
437 8 30 1000 10 0.2 0.85
5748 143 30 1000 10 0.2 0.85
1129 22 30 1000 10 0.2 0.85
5527 284 30 1000 10 0.2 0.85
5795 100 30 1000 10 0.2 0.9
10150 182 30 1000 10 0.2 0.9
8206 149 30 1000 10 0.2 0.9
9191 224 30 1000 10 0.2 0.9
19031 857 30 1000 10 0.2 0.9
634 190 30 1000 10 0.2 0.9
220541 3716 30 1000 10 0.2 0.95
81191 1465 30 1000 10 0.2 0.95
325966 6632 30 1000 10 0.2 0.95
26748 1502 30 1000 10 0.2 0.95
42247 748 30 1000 10 0.2 0.95
311779 7772 30 1000 10 0.2 0.95
63 1 30 1000 10 0.25 0.5
75 1 30 1000 10 0.25 0.5
273 28 30 1000 10 0.25 0.5
11 1 30 1000 10 0.25 0.5
79 1 30 1000 10 0.25 0.5
328 71 30 1000 10 0.25 0.5
58 1 30 1000 10 0.25 0.55
37 1 30 1000 10 0.25 0.55
70 1 30 1000 10 0.25 0.55
29 1 30 1000 10 0.25 0.55
137 16 30 1000 10 0.25 0.55
9 2 30 1000 10 0.25 0.55
120 2 30 1000 10 0.25 0.6
67 1 30 1000 10 0.25 0.6
87 2 30 1000 10 0.25 0.6
105 2 30 1000 10 0.25 0.6
436 90 30 1000 10 0.25 0.6
7 1 30 1000 10 0.25 0.6
81 2 30 1000 10 0.25 0.65
108 2 30 1000 10 0.25 0.65
103 2 30 1000 10 0.25 0.65
90 2 30 1000 10 0.25 0.65
155 3 30 1000 10 0.25 0.65
41 2 30 1000 10 0.25 0.65
99 2 30 1000 10 0.25 0.7
82 2 30 1000 10 0.25 0.7
191 4 30 1000 10 0.25 0.7
16 2 30 1000 10 0.25 0.7
203 7 30 1000 10 0.25 0.7
22 5 30 1000 10 0.25 0.7
197 3 30 1000 10 0.25 0.75
306 5 30 1000 10 0.25 0.75
407 9 30 1000 10 0.25 0.75
99 2 30 1000 10 0.25 0.75
472 9 30 1000 10 0.25 0.75
60 8 30 1000 10 0.25 0.75
452 7 30 1000 10 0.25 0.8
334 6 30 1000 10 0.25 0.8
138 2 30 1000 10 0.25 0.8
775 22 30 1000 10 0.25 0.8
1058 68 30 1000 10 0.25 0.8
7 1 30 1000 10 0.25 0.8
1359 28 30 1000 10 0.25 0.85
13005 264 30 1000 10 0.25 0.85
712 14 30 1000 10 0.25 0.85
17430 512 30 1000 10 0.25 0.85
2122 32 30 1000 10 0.25 0.85
16145 453 30 1000 10 0.25 0.85
12978 236 30 1000 10 0.25 0.9
131 3 30 1000 10 0.25 0.9
24153 829 30 1000 10 0.25 0.9
968 55 30 1000 10 0.25 0.9
1723 35 30 1000 10 0.25 0.9
24278 1145 30 1000 10 0.25 0.9
106657 1889 30 1000 10 0.25 0.95
16203 308 30 1000 10 0.25 0.95
107893 1917 30 1000 10 0.25 0.95
18934 571 30 1000 10 0.25 0.95
129172 3064 30 1000 10 0.25 0.95
573 150 30 1000 10 0.25 0.95
35 1 30 1000 10 0.3 0.5
44 1 30 1000 10 0.3 0.5
51 1 30 1000 10 0.3 0.5
32 1 30 1000 10 0.3 0.5
61 1 30 1000 10 0.3 0.5
26 1 30 1000 10 0.3 0.5
98 2 30 1000 10 0.3 0.55
53 1 30 1000 10 0.3 0.55
70 1 30 1000 10 0.3 0.55
98 4 30 1000 10 0.3 0.55
255 34 30 1000 10 0.3 0.55
132 46 30 1000 10 0.3 0.55
66 1 30 1000 10 0.3 0.6
30 1 30 1000 10 0.3 0.6
76 1 30 1000 10 0.3 0.6
34 1 30 1000 10 0.3 0.6
39 1 30 1000 10 0.3 0.6
70 2 30 1000 10 0.3 0.6
122 2 30 1000 10 0.3 0.65
74 2 30 1000 10 0.3 0.65
151 3 30 1000 10 0.3 0.65
60 3 30 1000 10 0.3 0.65
221 12 30 1000 10 0.3 0.65
9 2 30 1000 10 0.3 0.65
88 3 30 1000 10 0.3 0.7
127 2 30 1000 10 0.3 0.7
90 2 30 1000 10 0.3 0.7
124 3 30 1000 10 0.3 0.7
218 6 30 1000 10 0.3 0.7
12 3 30 1000 10 0.3 0.7
278 5 30 1000 10 0.3 0.75
84 1 30 1000 10 0.3 0.75
363 8 30 1000 10 0.3 0.75
74 7 30 1000 10 0.3 0.75
382 10 30 1000 10 0.3 0.75
59 5 30 1000 10 0.3 0.75
2277 38 30 1000 10 0.3 0.8
1416 23 30 1000 10 0.3 0.8
2162 42 30 1000 10 0.3 0.8
1953 52 30 1000 10 0.3 0.8
898 15 30 1000 10 0.3 0.8
3393 125 30 1000 10 0.3 0.8
4776 74 30 1000 10 0.3 0.85
154 3 30 1000 10 0.3 0.85
2338 44 30 1000 10 0.3 0.85
3691 109 30 1000 10 0.3 0.85
5304 116 30 1000 10 0.3 0.85
1220 179 30 1000 10 0.3 0.85
18958 346 30 1000 10 0.3 0.9
15594 271 30 1000 10 0.3 0.9
40963 963 30 1000 10 0.3 0.9
1961 123 30 1000 10 0.3 0.9
33411 568 30 1000 10 0.3 0.9
12755 1416 30 1000 10 0.3 0.9
49668 815 30 1000 10 0.3 0.95
39873 639 30 1000 10 0.3 0.95
124923 3522 30 1000 10 0.3 0.95
53911 2969 30 1000 10 0.3 0.95
9291 187 30 1000 10 0.3 0.95
190330 12280 30 1000 10 0.3 0.95
64 1 30 1000 10 0.35 0.5
59 1 30 1000 10 0.35 0.5
99 2 30 1000 10 0.35 0.5
30 1 30 1000 10 0.35 0.5
135 6 30 1000 10 0.35 0.5
123 38 30 1000 10 0.35 0.5
121 2 30 1000 10 0.35 0.55
77 1 30 1000 10 0.35 0.55
115 2 30 1000 10 0.35 0.55
84 2 30 1000 10 0.35 0.55
114 2 30 1000 10 0.35 0.55
86 3 30 1000 10 0.35 0.55
102 2 30 1000 10 0.35 0.6
111 2 30 1000 10 0.35 0.6
102 2 30 1000 10 0.35 0.6
120 3 30 1000 10 0.35 0.6
136 3 30 1000 10 0.35 0.6
87 3 30 1000 10 0.35 0.6
122 2 30 1000 10 0.35 0.65
158 3 30 1000 10 0.35 0.65
195 4 30 1000 10 0.35 0.65
89 2 30 1000 10 0.35 0.65
98 2 30 1000 10 0.35 0.65
189 4 30 1000 10 0.35 0.65
130 2 30 1000 10 0.35 0.7
251 5 30 1000 10 0.35 0.7
213 4 30 1000 10 0.35 0.7
170 3 30 1000 10 0.35 0.7
209 4 30 1000 10 0.35 0.7
174 4 30 1000 10 0.35 0.7
65 2 30 1000 10 0.35 0.75
281 5 30 1000 10 0.35 0.75
348 6 30 1000 10 0.35 0.75
155 10 30 1000 10 0.35 0.75
451 15 30 1000 10 0.35 0.75
82 11 30 1000 10 0.35 0.75
797 14 30 1000 10 0.35 0.8
797 16 30 1000 10 0.35 0.8
1584 33 30 1000 10 0.35 0.8
451 36 30 1000 10 0.35 0.8
1534 28 30 1000 10 0.35 0.8
557 53 30 1000 10 0.35 0.8
674 13 30 1000 10 0.35 0.85
5623 101 30 1000 10 0.35 0.85
3095 49 30 1000 10 0.35 0.85
4851 153 30 1000 10 0.35 0.85
8434 330 30 1000 10 0.35 0.85
458 124 30 1000 10 0.35 0.85
5967 120 30 1000 10 0.35 0.9
5068 85 30 1000 10 0.35 0.9
19830 705 30 1000 10 0.35 0.9
4151 260 30 1000 10 0.35 0.9
24008 983 30 1000 10 0.35 0.9
3625 1010 30 1000 10 0.35 0.9
13279 263 30 1000 10 0.35 0.95
8777 151 30 1000 10 0.35 0.95
41135 1395 30 1000 10 0.35 0.95
50926 3148 30 1000 10 0.35 0.95
30694 853 30 1000 10 0.35 0.95
72214 6622 30 1000 10 0.35 0.95
77 2 30 1000 10 0.4 0.5
44 1 30 1000 10 0.4 0.5
83 2 30 1000 10 0.4 0.5
69 3 30 1000 10 0.4 0.5
196 21 30 1000 10 0.4 0.5
10 2 30 1000 10 0.4 0.5
124 2 30 1000 10 0.4 0.55
39 1 30 1000 10 0.4 0.55
148 3 30 1000 10 0.4 0.55
55 3 30 1000 10 0.4 0.55
224 14 30 1000 10 0.4 0.55
7 1 30 1000 10 0.4 0.55
50 2 30 1000 10 0.4 0.6
73 2 30 1000 10 0.4 0.6
99 2 30 1000 10 0.4 0.6
36 2 30 1000 10 0.4 0.6
108 2 30 1000 10 0.4 0.6
31 2 30 1000 10 0.4 0.6
88 2 30 1000 10 0.4 0.65
131 2 30 1000 10 0.4 0.65
120 2 30 1000 10 0.4 0.65
130 4 30 1000 10 0.4 0.65
239 6 30 1000 10 0.4 0.65
16 2 30 1000 10 0.4 0.65
136 2 30 1000 10 0.4 0.7
114 2 30 1000 10 0.4 0.7
199 4 30 1000 10 0.4 0.7
130 6 30 1000 10 0.4 0.7
258 5 30 1000 10 0.4 0.7
75 5 30 1000 10 0.4 0.7
291 6 30 1000 10 0.4 0.75
262 5 30 1000 10 0.4 0.75
535 11 30 1000 10 0.4 0.75
330 19 30 1000 10 0.4 0.75
875 30 30 1000 10 0.4 0.75
32 9 30 1000 10 0.4 0.75
1867 29 30 1000 10 0.4 0.8
1680 30 30 1000 10 0.4 0.8
1394 24 30 1000 10 0.4 0.8
2575 63 30 1000 10 0.4 0.8
3493 67 30 1000 10 0.4 0.8
613 62 30 1000 10 0.4 0.8
2704 44 30 1000 10 0.4 0.85
1797 28 30 1000 10 0.4 0.85
3608 74 30 1000 10 0.4 0.85
11843 636 30 1000 10 0.4 0.85
16707 1048 30 1000 10 0.4 0.85
692 185 30 1000 10 0.4 0.85
31801 549 30 1000 10 0.4 0.9
719 12 30 1000 10 0.4 0.9
36676 764 30 1000 10 0.4 0.9
4266 228 30 1000 10 0.4 0.9
41569 1176 30 1000 10 0.4 0.9
123 33 30 1000 10 0.4 0.9
82618 1353 30 1000 10 0.4 0.95
17504 292 30 1000 10 0.4 0.95
12311 233 30 1000 10 0.4 0.95
131465 4049 30 1000 10 0.4 0.95
152429 6737 30 1000 10 0.4 0.95
50971 13910 30 1000 10 0.4 0.95
236 5 30 1000 10 0.45 0.5
65 1 30 1000 10 0.45 0.5
227 5 30 1000 10 0.45 0.5
76 1 30 1000 10 0.45 0.5
226 4 30 1000 10 0.45 0.5
91 7 30 1000 10 0.45 0.5
65 1 30 1000 10 0.45 0.55
199 4 30 1000 10 0.45 0.55
248 5 30 1000 10 0.45 0.55
44 2 30 1000 10 0.45 0.55
284 8 30 1000 10 0.45 0.55
21 4 30 1000 10 0.45 0.55
100 3 30 1000 10 0.45 0.6
132 4 30 1000 10 0.45 0.6
244 9 30 1000 10 0.45 0.6
16 2 30 1000 10 0.45 0.6
248 7 30 1000 10 0.45 0.6
14 2 30 1000 10 0.45 0.6
162 3 30 1000 10 0.45 0.65
103 2 30 1000 10 0.45 0.65
177 3 30 1000 10 0.45 0.65
94 2 30 1000 10 0.45 0.65
202 4 30 1000 10 0.45 0.65
81 6 30 1000 10 0.45 0.65
119 2 30 1000 10 0.45 0.7
583 13 30 1000 10 0.45 0.7
163 4 30 1000 10 0.45 0.7
543 14 30 1000 10 0.45 0.7
497 9 30 1000 10 0.45 0.7
238 13 30 1000 10 0.45 0.7
518 8 30 1000 10 0.45 0.75
634 10 30 1000 10 0.45 0.75
668 13 30 1000 10 0.45 0.75
517 11 30 1000 10 0.45 0.75
451 9 30 1000 10 0.45 0.75
794 35 30 1000 10 0.45 0.75
4851 81 30 1000 10 0.45 0.8
1689 28 30 1000 10 0.45 0.8
337 7 30 1000 10 0.45 0.8
8866 276 30 1000 10 0.45 0.8
6495 117 30 1000 10 0.45 0.8
3198 284 30 1000 10 0.45 0.8
25498 477 30 1000 10 0.45 0.85
37215 649 30 1000 10 0.45 0.85
46370 791 30 1000 10 0.45 0.85
24277 740 30 1000 10 0.45 0.85
73359 2306 30 1000 10 0.45 0.85
4173 1121 30 1000 10 0.45 0.85
85682 1443 30 1000 10 0.45 0.9
46651 765 30 1000 10 0.45 0.9
153219 3460 30 1000 10 0.45 0.9
9647 522 30 1000 10 0.45 0.9
61364 1017 30 1000 10 0.45 0.9
106311 4156 30 1000 10 0.45 0.9
156649 2591 30 1000 10 0.45 0.95
68619 1134 30 1000 10 0.45 0.95
135527 2189 30 1000 10 0.45 0.95
105784 2446 30 1000 10 0.45 0.95
270409 12481 30 1000 10 0.45 0.95
4871 1298 30 1000 10 0.45 0.95
199 5 30 1000 10 0.5 0.5
389 10 30 1000 10 0.5 0.5
132 3 30 1000 10 0.5 0.5
712 30 30 1000 10 0.5 0.5
616 14 30 1000 10 0.5 0.5
259 24 30 1000 10 0.5 0.5
110 3 30 1000 10 0.5 0.55
263 7 30 1000 10 0.5 0.55
266 6 30 1000 10 0.5 0.55
203 8 30 1000 10 0.5 0.55
149 3 30 1000 10 0.5 0.55
335 16 30 1000 10 0.5 0.55
280 5 30 1000 10 0.5 0.6
97 1 30 1000 10 0.5 0.6
311 7 30 1000 10 0.5 0.6
117 6 30 1000 10 0.5 0.6
391 9 30 1000 10 0.5 0.6
38 3 30 1000 10 0.5 0.6
271 6 30 1000 10 0.5 0.65
154 4 30 1000 10 0.5 0.65
260 4 30 1000 10 0.5 0.65
271 14 30 1000 10 0.5 0.65
226 6 30 1000 10 0.5 0.65
321 23 30 1000 10 0.5 0.65
278 5 30 1000 10 0.5 0.7
205 3 30 1000 10 0.5 0.7
297 7 30 1000 10 0.5 0.7
234 7 30 1000 10 0.5 0.7
413 9 30 1000 10 0.5 0.7
167 20 30 1000 10 0.5 0.7
681 11 30 1000 10 0.5 0.75
764 13 30 1000 10 0.5 0.75
1428 31 30 1000 10 0.5 0.75
192 12 30 1000 10 0.5 0.75
1452 30 30 1000 10 0.5 0.75
223 26 30 1000 10 0.5 0.75
6450 110 30 1000 10 0.5 0.8
2269 40 30 1000 10 0.5 0.8
8911 175 30 1000 10 0.5 0.8
18706 1113 30 1000 10 0.5 0.8
5529 87 30 1000 10 0.5 0.8
23197 1488 30 1000 10 0.5 0.8
5340 84 30 1000 10 0.5 0.85
82006 1366 30 1000 10 0.5 0.85
7171 125 30 1000 10 0.5 0.85
84063 1546 30 1000 10 0.5 0.85
100360 4092 30 1000 10 0.5 0.85
2997 796 30 1000 10 0.5 0.85
39925 698 30 1000 10 0.5 0.9
58668 976 30 1000 10 0.5 0.9
136308 3736 30 1000 10 0.5 0.9
4799 268 30 1000 10 0.5 0.9
41774 719 30 1000 10 0.5 0.9
106884 5343 30 1000 10 0.5 0.9
15877 301 30 1000 10 0.5 0.95
52757 797 30 1000 10 0.5 0.95
110593 3401 30 1000 10 0.5 0.95
49291 2595 30 1000 10 0.5 0.95
187672 13187 30 1000 10 0.5 0.95
4134 1090 30 1000 10 0.5 0.95
42 1 30 1000 100 0.1 0.5
59 1 30 1000 100 0.1 0.5
58 1 30 1000 100 0.1 0.5
45 1 30 1000 100 0.1 0.5
69 1 30 1000 100 0.1 0.5
36 1 30 1000 100 0.1 0.5
60 1 30 1000 100 0.1 0.55
51 1 30 1000 100 0.1 0.55
42 1 30 1000 100 0.1 0.55
725 52 30 1000 100 0.1 0.55
46 1 30 1000 100 0.1 0.55
42200 15892 30 1000 100 0.1 0.55
67 1 30 1000 100 0.1 0.6
43 1 30 1000 100 0.1 0.6
52 1 30 1000 100 0.1 0.6
61 1 30 1000 100 0.1 0.6
67 1 30 1000 100 0.1 0.6
204 62 30 1000 100 0.1 0.6
38 2 30 1000 100 0.1 0.65
108 2 30 1000 100 0.1 0.65
74 1 30 1000 100 0.1 0.65
73 1 30 1000 100 0.1 0.65
109 2 30 1000 100 0.1 0.65
40 1 30 1000 100 0.1 0.65
66 1 30 1000 100 0.1 0.7
63 1 30 1000 100 0.1 0.7
101 2 30 1000 100 0.1 0.7
57 2 30 1000 100 0.1 0.7
120 2 30 1000 100 0.1 0.7
38 2 30 1000 100 0.1 0.7
125 3 30 1000 100 0.1 0.75
57 1 30 1000 100 0.1 0.75
83 1 30 1000 100 0.1 0.75
131 4 30 1000 100 0.1 0.75
175 4 30 1000 100 0.1 0.75
45 3 30 1000 100 0.1 0.75
403 7 30 1000 100 0.1 0.8
419 8 30 1000 100 0.1 0.8
425 7 30 1000 100 0.1 0.8
420 9 30 1000 100 0.1 0.8
825 14 30 1000 100 0.1 0.8
29 4 30 1000 100 0.1 0.8
1270 28 30 1000 100 0.1 0.85
945 18 30 1000 100 0.1 0.85
1204 23 30 1000 100 0.1 0.85
1707 71 30 1000 100 0.1 0.85
1805 33 30 1000 100 0.1 0.85
1264 102 30 1000 100 0.1 0.85
81 3 30 1000 100 0.1 0.9
1377 36 30 1000 100 0.1 0.9
1563 39 30 1000 100 0.1 0.9
2607 147 30 1000 100 0.1 0.9
5344 527 30 1000 100 0.1 0.9
137 39 30 1000 100 0.1 0.9
7062 183 30 1000 100 0.1 0.95
1853 77 30 1000 100 0.1 0.95
6070 178 30 1000 100 0.1 0.95
33050 1831 30 1000 100 0.1 0.95
40818 2518 30 1000 100 0.1 0.95
18778 5382 30 1000 100 0.1 0.95
59 1 30 1000 100 0.15 0.5
76 1 30 1000 100 0.15 0.5
66 1 30 1000 100 0.15 0.5
69 1 30 1000 100 0.15 0.5
4254 1542 30 1000 100 0.15 0.5
6 1 30 1000 100 0.15 0.5
21 1 30 1000 100 0.15 0.55
68 1 30 1000 100 0.15 0.55
76 1 30 1000 100 0.15 0.55
39 2 30 1000 100 0.15 0.55
126 9 30 1000 100 0.15 0.55
7 1 30 1000 100 0.15 0.55
6 1 30 1000 100 0.15 0.6
63 1 30 1000 100 0.15 0.6
64 1 30 1000 100 0.15 0.6
11 1 30 1000 100 0.15 0.6
66 2 30 1000 100 0.15 0.6
10 1 30 1000 100 0.15 0.6
81 2 30 1000 100 0.15 0.65
46 1 30 1000 100 0.15 0.65
127 2 30 1000 100 0.15 0.65
25 1 30 1000 100 0.15 0.65
127 2 30 1000 100 0.15 0.65
25 1 30 1000 100 0.15 0.65
119 2 30 1000 100 0.15 0.7
70 1 30 1000 100 0.15 0.7
110 2 30 1000 100 0.15 0.7
83 2 30 1000 100 0.15 0.7
127 2 30 1000 100 0.15 0.7
72 3 30 1000 100 0.15 0.7
108 2 30 1000 100 0.15 0.75
127 2 30 1000 100 0.15 0.75
91 2 30 1000 100 0.15 0.75
150 3 30 1000 100 0.15 0.75
127 3 30 1000 100 0.15 0.75
119 4 30 1000 100 0.15 0.75
81 1 30 1000 100 0.15 0.8
124 3 30 1000 100 0.15 0.8
450 19 30 1000 100 0.15 0.8
18 1 30 1000 100 0.15 0.8
253 6 30 1000 100 0.15 0.8
229 18 30 1000 100 0.15 0.8
695 14 30 1000 100 0.15 0.85
309 6 30 1000 100 0.15 0.85
1160 31 30 1000 100 0.15 0.85
434 26 30 1000 100 0.15 0.85
425 9 30 1000 100 0.15 0.85
1174 51 30 1000 100 0.15 0.85
317 9 30 1000 100 0.15 0.9
12838 249 30 1000 100 0.15 0.9
2479 50 30 1000 100 0.15 0.9
11181 227 30 1000 100 0.15 0.9
8904 146 30 1000 100 0.15 0.9
5820 435 30 1000 100 0.15 0.9
9043 290 30 1000 100 0.15 0.95
3638 89 30 1000 100 0.15 0.95
9121 242 30 1000 100 0.15 0.95
67401 3671 30 1000 100 0.15 0.95
36316 1621 30 1000 100 0.15 0.95
43706 3254 30 1000 100 0.15 0.95
112 2 30 1000 100 0.2 0.5
73 1 30 1000 100 0.2 0.5
342 17 30 1000 100 0.2 0.5
9 1 30 1000 100 0.2 0.5
54 1 30 1000 100 0.2 0.5
5430 1876 30 1000 100 0.2 0.5
70 1 30 1000 100 0.2 0.55
29 1 30 1000 100 0.2 0.55
67 1 30 1000 100 0.2 0.55
37 1 30 1000 100 0.2 0.55
66 1 30 1000 100 0.2 0.55
38 1 30 1000 100 0.2 0.55
43 1 30 1000 100 0.2 0.6
92 2 30 1000 100 0.2 0.6
67 1 30 1000 100 0.2 0.6
69 1 30 1000 100 0.2 0.6
69 1 30 1000 100 0.2 0.6
67 1 30 1000 100 0.2 0.6
34 1 30 1000 100 0.2 0.65
56 1 30 1000 100 0.2 0.65
92 2 30 1000 100 0.2 0.65
33 2 30 1000 100 0.2 0.65
95 2 30 1000 100 0.2 0.65
30 2 30 1000 100 0.2 0.65
96 2 30 1000 100 0.2 0.7
79 2 30 1000 100 0.2 0.7
119 2 30 1000 100 0.2 0.7
75 2 30 1000 100 0.2 0.7
109 3 30 1000 100 0.2 0.7
86 3 30 1000 100 0.2 0.7
95 2 30 1000 100 0.2 0.75
147 3 30 1000 100 0.2 0.75
142 3 30 1000 100 0.2 0.75
118 4 30 1000 100 0.2 0.75
124 2 30 1000 100 0.2 0.75
137 3 30 1000 100 0.2 0.75
943 21 30 1000 100 0.2 0.8
219 5 30 1000 100 0.2 0.8
407 6 30 1000 100 0.2 0.8
857 20 30 1000 100 0.2 0.8
857 18 30 1000 100 0.2 0.8
449 28 30 1000 100 0.2 0.8
1212 25 30 1000 100 0.2 0.85
316 6 30 1000 100 0.2 0.85
1225 22 30 1000 100 0.2 0.85
504 22 30 1000 100 0.2 0.85
1738 48 30 1000 100 0.2 0.85
26 6 30 1000 100 0.2 0.85
7648 142 30 1000 100 0.2 0.9
6156 105 30 1000 100 0.2 0.9
13843 262 30 1000 100 0.2 0.9
126 13 30 1000 100 0.2 0.9
16330 944 30 1000 100 0.2 0.9
242 68 30 1000 100 0.2 0.9
10387 258 30 1000 100 0.2 0.95
97 2 30 1000 100 0.2 0.95
1945 97 30 1000 100 0.2 0.95
50097 2587 30 1000 100 0.2 0.95
52992 2891 30 1000 100 0.2 0.95
2805 769 30 1000 100 0.2 0.95
47 1 30 1000 100 0.25 0.5
169 4 30 1000 100 0.25 0.5
198 6 30 1000 100 0.25 0.5
31 1 30 1000 100 0.25 0.5
61 1 30 1000 100 0.25 0.5
1443 461 30 1000 100 0.25 0.5
67 1 30 1000 100 0.25 0.55
48 1 30 1000 100 0.25 0.55
65 1 30 1000 100 0.25 0.55
52 1 30 1000 100 0.25 0.55
108 2 30 1000 100 0.25 0.55
922 328 30 1000 100 0.25 0.55
51 1 30 1000 100 0.25 0.6
29 1 30 1000 100 0.25 0.6
56 1 30 1000 100 0.25 0.6
41 1 30 1000 100 0.25 0.6
86 2 30 1000 100 0.25 0.6
14 1 30 1000 100 0.25 0.6
123 2 30 1000 100 0.25 0.65
120 2 30 1000 100 0.25 0.65
302 10 30 1000 100 0.25 0.65
37 2 30 1000 100 0.25 0.65
369 25 30 1000 100 0.25 0.65
10 2 30 1000 100 0.25 0.65
98 2 30 1000 100 0.25 0.7
88 2 30 1000 100 0.25 0.7
112 2 30 1000 100 0.25 0.7
80 3 30 1000 100 0.25 0.7
122 2 30 1000 100 0.25 0.7
72 2 30 1000 100 0.25 0.7
139 3 30 1000 100 0.25 0.75
76 1 30 1000 100 0.25 0.75
176 3 30 1000 100 0.25 0.75
54 2 30 1000 100 0.25 0.75
134 2 30 1000 100 0.25 0.75
108 7 30 1000 100 0.25 0.75
117 3 30 1000 100 0.25 0.8
697 11 30 1000 100 0.25 0.8
396 9 30 1000 100 0.25 0.8
421 9 30 1000 100 0.25 0.8
156 2 30 1000 100 0.25 0.8
705 26 30 1000 100 0.25 0.8
4545 104 30 1000 100 0.25 0.85
161 4 30 1000 100 0.25 0.85
1015 22 30 1000 100 0.25 0.85
3703 83 30 1000 100 0.25 0.85
1405 20 30 1000 100 0.25 0.85
3736 176 30 1000 100 0.25 0.85
2936 56 30 1000 100 0.25 0.9
2870 45 30 1000 100 0.25 0.9
2196 49 30 1000 100 0.25 0.9
5674 197 30 1000 100 0.25 0.9
9214 611 30 1000 100 0.25 0.9
1292 357 30 1000 100 0.25 0.9
64919 1182 30 1000 100 0.25 0.95
24955 452 30 1000 100 0.25 0.95
168014 6070 30 1000 100 0.25 0.95
27625 1648 30 1000 100 0.25 0.95
162513 5685 30 1000 100 0.25 0.95
52071 7286 30 1000 100 0.25 0.95
48 1 30 1000 100 0.3 0.5
75 1 30 1000 100 0.3 0.5
100 2 30 1000 100 0.3 0.5
33 1 30 1000 100 0.3 0.5
370 87 30 1000 100 0.3 0.5
6 1 30 1000 100 0.3 0.5
65 1 30 1000 100 0.3 0.55
73 1 30 1000 100 0.3 0.55
67 1 30 1000 100 0.3 0.55
78 3 30 1000 100 0.3 0.55
163 10 30 1000 100 0.3 0.55
7 1 30 1000 100 0.3 0.55
71 1 30 1000 100 0.3 0.6
99 2 30 1000 100 0.3 0.6
71 1 30 1000 100 0.3 0.6
100 2 30 1000 100 0.3 0.6
156 4 30 1000 100 0.3 0.6
20 2 30 1000 100 0.3 0.6
117 2 30 1000 100 0.3 0.65
109 2 30 1000 100 0.3 0.65
114 2 30 1000 100 0.3 0.65
113 2 30 1000 100 0.3 0.65
138 4 30 1000 100 0.3 0.65
90 2 30 1000 100 0.3 0.65
93 2 30 1000 100 0.3 0.7
89 2 30 1000 100 0.3 0.7
148 3 30 1000 100 0.3 0.7
63 3 30 1000 100 0.3 0.7
190 3 30 1000 100 0.3 0.7
23 2 30 1000 100 0.3 0.7
222 4 30 1000 100 0.3 0.75
198 3 30 1000 100 0.3 0.75
180 3 30 1000 100 0.3 0.75
257 6 30 1000 100 0.3 0.75
280 6 30 1000 100 0.3 0.75
166 6 30 1000 100 0.3 0.75
344 6 30 1000 100 0.3 0.8
620 13 30 1000 100 0.3 0.8
744 16 30 1000 100 0.3 0.8
396 17 30 1000 100 0.3 0.8
529 9 30 1000 100 0.3 0.8
613 18 30 1000 100 0.3 0.8
3214 57 30 1000 100 0.3 0.85
2535 49 30 1000 100 0.3 0.85
1459 27 30 1000 100 0.3 0.85
4318 84 30 1000 100 0.3 0.85
2945 53 30 1000 100 0.3 0.85
3030 105 30 1000 100 0.3 0.85
638 15 30 1000 100 0.3 0.9
3253 56 30 1000 100 0.3 0.9
4616 106 30 1000 100 0.3 0.9
2959 189 30 1000 100 0.3 0.9
5852 188 30 1000 100 0.3 0.9
2828 417 30 1000 100 0.3 0.9
11664 249 30 1000 100 0.3 0.95
86968 1532 30 1000 100 0.3 0.95
7954 153 30 1000 100 0.3 0.95
94999 1794 30 1000 100 0.3 0.95
114105 4960 30 1000 100 0.3 0.95
3890 1042 30 1000 100 0.3 0.95
69 1 30 1000 100 0.35 0.5
60 1 30 1000 100 0.35 0.5
265 15 30 1000 100 0.35 0.5
51 4 30 1000 100 0.35 0.5
332 27 30 1000 100 0.35 0.5
97 32 30 1000 100 0.35 0.5
71 1 30 1000 100 0.35 0.55
50 1 30 1000 100 0.35 0.55
97 2 30 1000 100 0.35 0.55
43 2 30 1000 100 0.35 0.55
78 1 30 1000 100 0.35 0.55
70 5 30 1000 100 0.35 0.55
116 2 30 1000 100 0.35 0.6
61 1 30 1000 100 0.35 0.6
97 2 30 1000 100 0.35 0.6
83 2 30 1000 100 0.35 0.6
180 5 30 1000 100 0.35 0.6
13 3 30 1000 100 0.35 0.6
104 2 30 1000 100 0.35 0.65
65 1 30 1000 100 0.35 0.65
152 3 30 1000 100 0.35 0.65
41 2 30 1000 100 0.35 0.65
162 3 30 1000 100 0.35 0.65
32 2 30 1000 100 0.35 0.65
109 2 30 1000 100 0.35 0.7
159 3 30 1000 100 0.35 0.7
99 2 30 1000 100 0.35 0.7
170 3 30 1000 100 0.35 0.7
176 3 30 1000 100 0.35 0.7
97 3 30 1000 100 0.35 0.7
397 9 30 1000 100 0.35 0.75
89 2 30 1000 100 0.35 0.75
359 6 30 1000 100 0.35 0.75
135 3 30 1000 100 0.35 0.75
334 6 30 1000 100 0.35 0.75
166 5 30 1000 100 0.35 0.75
221 4 30 1000 100 0.35 0.8
596 10 30 1000 100 0.35 0.8
604 10 30 1000 100 0.35 0.8
469 22 30 1000 100 0.35 0.8
867 24 30 1000 100 0.35 0.8
270 31 30 1000 100 0.35 0.8
1248 22 30 1000 100 0.35 0.85
902 17 30 1000 100 0.35 0.85
2304 53 30 1000 100 0.35 0.85
364 22 30 1000 100 0.35 0.85
2443 56 30 1000 100 0.35 0.85
230 15 30 1000 100 0.35 0.85
3453 59 30 1000 100 0.35 0.9
34730 686 30 1000 100 0.35 0.9
25198 439 30 1000 100 0.35 0.9
13508 276 30 1000 100 0.35 0.9
35188 641 30 1000 100 0.35 0.9
4266 296 30 1000 100 0.35 0.9
40066 711 30 1000 100 0.35 0.95
14132 244 30 1000 100 0.35 0.95
39898 679 30 1000 100 0.35 0.95
17623 424 30 1000 100 0.35 0.95
64451 2980 30 1000 100 0.35 0.95
12871 3570 30 1000 100 0.35 0.95
65 1 30 1000 100 0.4 0.5
58 1 30 1000 100 0.4 0.5
129 5 30 1000 100 0.4 0.5
23 1 30 1000 100 0.4 0.5
91 1 30 1000 100 0.4 0.5
132 27 30 1000 100 0.4 0.5
32 1 30 1000 100 0.4 0.55
87 2 30 1000 100 0.4 0.55
124 3 30 1000 100 0.4 0.55
24 1 30 1000 100 0.4 0.55
98 2 30 1000 100 0.4 0.55
55 5 30 1000 100 0.4 0.55
58 1 30 1000 100 0.4 0.6
97 2 30 1000 100 0.4 0.6
78 2 30 1000 100 0.4 0.6
81 2 30 1000 100 0.4 0.6
155 3 30 1000 100 0.4 0.6
20 5 30 1000 100 0.4 0.6
88 2 30 1000 100 0.4 0.65
100 2 30 1000 100 0.4 0.65
108 2 30 1000 100 0.4 0.65
94 2 30 1000 100 0.4 0.65
114 2 30 1000 100 0.4 0.65
93 4 30 1000 100 0.4 0.65
145 3 30 1000 100 0.4 0.7
123 3 30 1000 100 0.4 0.7
239 5 30 1000 100 0.4 0.7
57 2 30 1000 100 0.4 0.7
63 2 30 1000 100 0.4 0.7
238 7 30 1000 100 0.4 0.7
104 2 30 1000 100 0.4 0.75
285 5 30 1000 100 0.4 0.75
301 6 30 1000 100 0.4 0.75
168 8 30 1000 100 0.4 0.75
433 12 30 1000 100 0.4 0.75
51 7 30 1000 100 0.4 0.75
513 9 30 1000 100 0.4 0.8
604 15 30 1000 100 0.4 0.8
982 19 30 1000 100 0.4 0.8
314 14 30 1000 100 0.4 0.8
1271 33 30 1000 100 0.4 0.8
40 5 30 1000 100 0.4 0.8
3234 69 30 1000 100 0.4 0.85
2722 59 30 1000 100 0.4 0.85
1560 31 30 1000 100 0.4 0.85
4570 90 30 1000 100 0.4 0.85
785 11 30 1000 100 0.4 0.85
5735 213 30 1000 100 0.4 0.85
6179 96 30 1000 100 0.4 0.9
2445 50 30 1000 100 0.4 0.9
20006 766 30 1000 100 0.4 0.9
9213 507 30 1000 100 0.4 0.9
9157 198 30 1000 100 0.4 0.9
20414 1184 30 1000 100 0.4 0.9
57557 950 30 1000 100 0.4 0.95
10264 215 30 1000 100 0.4 0.95
101722 3027 30 1000 100 0.4 0.95
2309 129 30 1000 100 0.4 0.95
112194 5280 30 1000 100 0.4 0.95
372 96 30 1000 100 0.4 0.95
199 5 30 1000 100 0.45 0.5
495 13 30 1000 100 0.45 0.5
610 15 30 1000 100 0.45 0.5
84 2 30 1000 100 0.45 0.5
254 6 30 1000 100 0.45 0.5
495 27 30 1000 100 0.45 0.5
90 2 30 1000 100 0.45 0.55
101 3 30 1000 100 0.45 0.55
126 3 30 1000 100 0.45 0.55
87 4 30 1000 100 0.45 0.55
190 5 30 1000 100 0.45 0.55
26 3 30 1000 100 0.45 0.55
145 3 30 1000 100 0.45 0.6
44 2 30 1000 100 0.45 0.6
151 3 30 1000 100 0.45 0.6
57 2 30 1000 100 0.45 0.6
157 3 30 1000 100 0.45 0.6
60 5 30 1000 100 0.45 0.6
123 2 30 1000 100 0.45 0.65
117 2 30 1000 100 0.45 0.65
152 4 30 1000 100 0.45 0.65
93 2 30 1000 100 0.45 0.65
250 7 30 1000 100 0.45 0.65
17 3 30 1000 100 0.45 0.65
190 4 30 1000 100 0.45 0.7
188 4 30 1000 100 0.45 0.7
345 8 30 1000 100 0.45 0.7
75 6 30 1000 100 0.45 0.7
391 8 30 1000 100 0.45 0.7
45 9 30 1000 100 0.45 0.7
324 5 30 1000 100 0.45 0.75
478 8 30 1000 100 0.45 0.75
667 14 30 1000 100 0.45 0.75
181 5 30 1000 100 0.45 0.75
808 17 30 1000 100 0.45 0.75
40 2 30 1000 100 0.45 0.75
942 21 30 1000 100 0.45 0.8
1303 28 30 1000 100 0.45 0.8
1429 25 30 1000 100 0.45 0.8
843 15 30 1000 100 0.45 0.8
1511 28 30 1000 100 0.45 0.8
844 37 30 1000 100 0.45 0.8
1859 33 30 1000 100 0.45 0.85
2402 44 30 1000 100 0.45 0.85
2833 49 30 1000 100 0.45 0.85
1997 59 30 1000 100 0.45 0.85
4694 96 30 1000 100 0.45 0.85
210 29 30 1000 100 0.45 0.85
1790 32 30 1000 100 0.45 0.9
21098 397 30 1000 100 0.45 0.9
11956 190 30 1000 100 0.45 0.9
11559 241 30 1000 100 0.45 0.9
23729 509 30 1000 100 0.45 0.9
1036 268 30 1000 100 0.45 0.9
195748 3344 30 1000 100 0.45 0.95
11087 231 30 1000 100 0.45 0.95
223816 4254 30 1000 100 0.45 0.95
1413 86 30 1000 100 0.45 0.95
154859 2612 30 1000 100 0.45 0.95
73029 2589 30 1000 100 0.45 0.95
272 7 30 1000 100 0.5 0.5
81 1 30 1000 100 0.5 0.5
256 5 30 1000 100 0.5 0.5
114 3 30 1000 100 0.5 0.5
328 8 30 1000 100 0.5 0.5
57 6 30 1000 100 0.5 0.5
116 2 30 1000 100 0.5 0.55
179 4 30 1000 100 0.5 0.55
155 3 30 1000 100 0.5 0.55
212 11 30 1000 100 0.5 0.55
381 20 30 1000 100 0.5 0.55
6 1 30 1000 100 0.5 0.55
113 2 30 1000 100 0.5 0.6
162 4 30 1000 100 0.5 0.6
288 6 30 1000 100 0.5 0.6
39 2 30 1000 100 0.5 0.6
342 14 30 1000 100 0.5 0.6
48 14 30 1000 100 0.5 0.6
175 4 30 1000 100 0.5 0.65
234 6 30 1000 100 0.5 0.65
387 8 30 1000 100 0.5 0.65
47 2 30 1000 100 0.5 0.65
134 2 30 1000 100 0.5 0.65
306 10 30 1000 100 0.5 0.65
268 5 30 1000 100 0.5 0.7
649 15 30 1000 100 0.5 0.7
622 13 30 1000 100 0.5 0.7
396 17 30 1000 100 0.5 0.7
983 27 30 1000 100 0.5 0.7
46 8 30 1000 100 0.5 0.7
220 4 30 1000 100 0.5 0.75
269 5 30 1000 100 0.5 0.75
538 19 30 1000 100 0.5 0.75
40 2 30 1000 100 0.5 0.75
587 22 30 1000 100 0.5 0.75
32 9 30 1000 100 0.5 0.75
966 16 30 1000 100 0.5 0.8
632 13 30 1000 100 0.5 0.8
717 15 30 1000 100 0.5 0.8
1142 35 30 1000 100 0.5 0.8
1614 38 30 1000 100 0.5 0.8
258 22 30 1000 100 0.5 0.8
3639 70 30 1000 100 0.5 0.85
972 21 30 1000 100 0.5 0.85
3136 56 30 1000 100 0.5 0.85
1513 32 30 1000 100 0.5 0.85
5375 284 30 1000 100 0.5 0.85
120 31 30 1000 100 0.5 0.85
17530 308 30 1000 100 0.5 0.9
1235 22 30 1000 100 0.5 0.9
21227 473 30 1000 100 0.5 0.9
4619 260 30 1000 100 0.5 0.9
20457 431 30 1000 100 0.5 0.9
7986 1020 30 1000 100 0.5 0.9
11359 236 30 1000 100 0.5 0.95
189097 3182 30 1000 100 0.5 0.95
208759 3962 30 1000 100 0.5 0.95
5048 273 30 1000 100 0.5 0.95
181821 3086 30 1000 100 0.5 0.95
33642 1470 30 1000 100 0.5 0.95
46 1 30 1000 1000 0.1 0.5
76 1 30 1000 1000 0.1 0.5
407 25 30 1000 1000 0.1 0.5
571 60 30 1000 1000 0.1 0.5
13212 2608 30 1000 1000 0.1 0.5
7 1 30 1000 1000 0.1 0.5
21 1 30 1000 1000 0.1 0.55
41 1 30 1000 1000 0.1 0.55
52 1 30 1000 1000 0.1 0.55
20 1 30 1000 1000 0.1 0.55
89 11 30 1000 1000 0.1 0.55
7 1 30 1000 1000 0.1 0.55
17 1 30 1000 1000 0.1 0.6
48 1 30 1000 1000 0.1 0.6
34 1 30 1000 1000 0.1 0.6
32 1 30 1000 1000 0.1 0.6
69 2 30 1000 1000 0.1 0.6
7 1 30 1000 1000 0.1 0.6
74 1 30 1000 1000 0.1 0.65
34 1 30 1000 1000 0.1 0.65
73 1 30 1000 1000 0.1 0.65
43 2 30 1000 1000 0.1 0.65
88 2 30 1000 1000 0.1 0.65
29 2 30 1000 1000 0.1 0.65
97 2 30 1000 1000 0.1 0.7
71 2 30 1000 1000 0.1 0.7
107 2 30 1000 1000 0.1 0.7
62 2 30 1000 1000 0.1 0.7
124 2 30 1000 1000 0.1 0.7
50 2 30 1000 1000 0.1 0.7
115 3 30 1000 1000 0.1 0.75
119 3 30 1000 1000 0.1 0.75
161 3 30 1000 1000 0.1 0.75
86 2 30 1000 1000 0.1 0.75
89 2 30 1000 1000 0.1 0.75
160 4 30 1000 1000 0.1 0.75
121 3 30 1000 1000 0.1 0.8
367 9 30 1000 1000 0.1 0.8
363 7 30 1000 1000 0.1 0.8
215 7 30 1000 1000 0.1 0.8
582 18 30 1000 1000 0.1 0.8
10 2 30 1000 1000 0.1 0.8
1730 29 30 1000 1000 0.1 0.85
574 11 30 1000 1000 0.1 0.85
2714 73 30 1000 1000 0.1 0.85
355 26 30 1000 1000 0.1 0.85
2896 82 30 1000 1000 0.1 0.85
279 39 30 1000 1000 0.1 0.85
8857 182 30 1000 1000 0.1 0.9
16707 333 30 1000 1000 0.1 0.9
10345 226 30 1000 1000 0.1 0.9
15278 329 30 1000 1000 0.1 0.9
15147 296 30 1000 1000 0.1 0.9
12268 607 30 1000 1000 0.1 0.9
9254 196 30 1000 1000 0.1 0.95
231 9 30 1000 1000 0.1 0.95
5870 138 30 1000 1000 0.1 0.95
20263 996 30 1000 1000 0.1 0.95
9641 223 30 1000 1000 0.1 0.95
18067 1315 30 1000 1000 0.1 0.95
38 1 30 1000 1000 0.15 0.5
44 1 30 1000 1000 0.15 0.5
64 1 30 1000 1000 0.15 0.5
26 1 30 1000 1000 0.15 0.5
65 1 30 1000 1000 0.15 0.5
28 1 30 1000 1000 0.15 0.5
45 1 30 1000 1000 0.15 0.55
64 1 30 1000 1000 0.15 0.55
679 53 30 1000 1000 0.15 0.55
18 1 30 1000 1000 0.15 0.55
509 37 30 1000 1000 0.15 0.55
2214 471 30 1000 1000 0.15 0.55
56 1 30 1000 1000 0.15 0.6
56 2 30 1000 1000 0.15 0.6
74 1 30 1000 1000 0.15 0.6
44 1 30 1000 1000 0.15 0.6
104 2 30 1000 1000 0.15 0.6
19 1 30 1000 1000 0.15 0.6
78 1 30 1000 1000 0.15 0.65
72 1 30 1000 1000 0.15 0.65
71 1 30 1000 1000 0.15 0.65
84 2 30 1000 1000 0.15 0.65
79 2 30 1000 1000 0.15 0.65
75 2 30 1000 1000 0.15 0.65
73 2 30 1000 1000 0.15 0.7
62 2 30 1000 1000 0.15 0.7
126 2 30 1000 1000 0.15 0.7
45 2 30 1000 1000 0.15 0.7
135 2 30 1000 1000 0.15 0.7
37 2 30 1000 1000 0.15 0.7
44 1 30 1000 1000 0.15 0.75
116 3 30 1000 1000 0.15 0.75
172 4 30 1000 1000 0.15 0.75
17 2 30 1000 1000 0.15 0.75
155 3 30 1000 1000 0.15 0.75
85 23 30 1000 1000 0.15 0.75
318 6 30 1000 1000 0.15 0.8
438 7 30 1000 1000 0.15 0.8
345 9 30 1000 1000 0.15 0.8
431 13 30 1000 1000 0.15 0.8
64 3 30 1000 1000 0.15 0.8
747 27 30 1000 1000 0.15 0.8
1156 23 30 1000 1000 0.15 0.85
670 13 30 1000 1000 0.15 0.85
2401 71 30 1000 1000 0.15 0.85
68 6 30 1000 1000 0.15 0.85
1845 36 30 1000 1000 0.15 0.85
969 118 30 1000 1000 0.15 0.85
1518 35 30 1000 1000 0.15 0.9
1938 35 30 1000 1000 0.15 0.9
7257 295 30 1000 1000 0.15 0.9
3097 193 30 1000 1000 0.15 0.9
9042 395 30 1000 1000 0.15 0.9
3149 469 30 1000 1000 0.15 0.9
96 5 30 1000 1000 0.15 0.95
23742 440 30 1000 1000 0.15 0.95
23247 466 30 1000 1000 0.15 0.95
18648 1101 30 1000 1000 0.15 0.95
40899 1466 30 1000 1000 0.15 0.95
1120 109 30 1000 1000 0.15 0.95
48 1 30 1000 1000 0.2 0.5
53 1 30 1000 1000 0.2 0.5
186 11 30 1000 1000 0.2 0.5
15 1 30 1000 1000 0.2 0.5
1104 234 30 1000 1000 0.2 0.5
8 2 30 1000 1000 0.2 0.5
30 1 30 1000 1000 0.2 0.55
41 1 30 1000 1000 0.2 0.55
61 1 30 1000 1000 0.2 0.55
20 1 30 1000 1000 0.2 0.55
176 34 30 1000 1000 0.2 0.55
6 1 30 1000 1000 0.2 0.55
56 1 30 1000 1000 0.2 0.6
57 1 30 1000 1000 0.2 0.6
73 1 30 1000 1000 0.2 0.6
2132 148 30 1000 1000 0.2 0.6
4910 721 30 1000 1000 0.2 0.6
6 1 30 1000 1000 0.2 0.6
101 2 30 1000 1000 0.2 0.65
52 1 30 1000 1000 0.2 0.65
55 1 30 1000 1000 0.2 0.65
99 2 30 1000 1000 0.2 0.65
73 1 30 1000 1000 0.2 0.65
86 2 30 1000 1000 0.2 0.65
49 1 30 1000 1000 0.2 0.7
65 2 30 1000 1000 0.2 0.7
120 2 30 1000 1000 0.2 0.7
45 3 30 1000 1000 0.2 0.7
190 15 30 1000 1000 0.2 0.7
18 5 30 1000 1000 0.2 0.7
112 2 30 1000 1000 0.2 0.75
70 1 30 1000 1000 0.2 0.75
124 3 30 1000 1000 0.2 0.75
89 5 30 1000 1000 0.2 0.75
213 7 30 1000 1000 0.2 0.75
16 4 30 1000 1000 0.2 0.75
477 11 30 1000 1000 0.2 0.8
376 9 30 1000 1000 0.2 0.8
748 14 30 1000 1000 0.2 0.8
150 8 30 1000 1000 0.2 0.8
966 39 30 1000 1000 0.2 0.8
71 18 30 1000 1000 0.2 0.8
607 11 30 1000 1000 0.2 0.85
2921 60 30 1000 1000 0.2 0.85
3042 55 30 1000 1000 0.2 0.85
999 51 30 1000 1000 0.2 0.85
1562 26 30 1000 1000 0.2 0.85
2684 117 30 1000 1000 0.2 0.85
7074 148 30 1000 1000 0.2 0.9
826 20 30 1000 1000 0.2 0.9
7848 180 30 1000 1000 0.2 0.9
1769 126 30 1000 1000 0.2 0.9
7527 148 30 1000 1000 0.2 0.9
2862 286 30 1000 1000 0.2 0.9
48627 881 30 1000 1000 0.2 0.95
51611 1008 30 1000 1000 0.2 0.95
101004 1956 30 1000 1000 0.2 0.95
2711 177 30 1000 1000 0.2 0.95
28533 524 30 1000 1000 0.2 0.95
76234 1861 30 1000 1000 0.2 0.95
33 1 30 1000 1000 0.25 0.5
69 1 30 1000 1000 0.25 0.5
305 26 30 1000 1000 0.25 0.5
50 6 30 1000 1000 0.25 0.5
417 52 30 1000 1000 0.25 0.5
704 181 30 1000 1000 0.25 0.5
40 1 30 1000 1000 0.25 0.55
46 1 30 1000 1000 0.25 0.55
91 2 30 1000 1000 0.25 0.55
22 1 30 1000 1000 0.25 0.55
76 1 30 1000 1000 0.25 0.55
38 2 30 1000 1000 0.25 0.55
31 1 30 1000 1000 0.25 0.6
64 1 30 1000 1000 0.25 0.6
95 2 30 1000 1000 0.25 0.6
17 1 30 1000 1000 0.25 0.6
85 1 30 1000 1000 0.25 0.6
29 2 30 1000 1000 0.25 0.6
132 2 30 1000 1000 0.25 0.65
60 1 30 1000 1000 0.25 0.65
113 2 30 1000 1000 0.25 0.65
92 2 30 1000 1000 0.25 0.65
124 2 30 1000 1000 0.25 0.65
81 2 30 1000 1000 0.25 0.65
190 3 30 1000 1000 0.25 0.7
47 1 30 1000 1000 0.25 0.7
116 2 30 1000 1000 0.25 0.7
121 2 30 1000 1000 0.25 0.7
193 3 30 1000 1000 0.25 0.7
45 1 30 1000 1000 0.25 0.7
153 3 30 1000 1000 0.25 0.75
189 3 30 1000 1000 0.25 0.75
130 3 30 1000 1000 0.25 0.75
221 6 30 1000 1000 0.25 0.75
268 5 30 1000 1000 0.25 0.75
87 3 30 1000 1000 0.25 0.75
469 9 30 1000 1000 0.25 0.8
276 6 30 1000 1000 0.25 0.8
556 11 30 1000 1000 0.25 0.8
243 7 30 1000 1000 0.25 0.8
734 12 30 1000 1000 0.25 0.8
79 7 30 1000 1000 0.25 0.8
2876 61 30 1000 1000 0.25 0.85
219 5 30 1000 1000 0.25 0.85
191 4 30 1000 1000 0.25 0.85
3430 95 30 1000 1000 0.25 0.85
3343 81 30 1000 1000 0.25 0.85
422 54 30 1000 1000 0.25 0.85
1259 29 30 1000 1000 0.25 0.9
3599 66 30 1000 1000 0.25 0.9
6511 192 30 1000 1000 0.25 0.9
120 10 30 1000 1000 0.25 0.9
309 8 30 1000 1000 0.25 0.9
9008 774 30 1000 1000 0.25 0.9
2267 89 30 1000 1000 0.25 0.95
6348 105 30 1000 1000 0.25 0.95
328 13 30 1000 1000 0.25 0.95
17699 688 30 1000 1000 0.25 0.95
18405 800 30 1000 1000 0.25 0.95
224 58 30 1000 1000 0.25 0.95
59 1 30 1000 1000 0.3 0.5
55 1 30 1000 1000 0.3 0.5
42 1 30 1000 1000 0.3 0.5
72 1 30 1000 1000 0.3 0.5
68 1 30 1000 1000 0.3 0.5
47 1 30 1000 1000 0.3 0.5
39 1 30 1000 1000 0.3 0.55
39 1 30 1000 1000 0.3 0.55
84 3 30 1000 1000 0.3 0.55
11 1 30 1000 1000 0.3 0.55
67 1 30 1000 1000 0.3 0.55
35 5 30 1000 1000 0.3 0.55
70 1 30 1000 1000 0.3 0.6
118 2 30 1000 1000 0.3 0.6
88 3 30 1000 1000 0.3 0.6
104 2 30 1000 1000 0.3 0.6
94 2 30 1000 1000 0.3 0.6
91 2 30 1000 1000 0.3 0.6
97 2 30 1000 1000 0.3 0.65
88 2 30 1000 1000 0.3 0.65
107 2 30 1000 1000 0.3 0.65
79 2 30 1000 1000 0.3 0.65
78 1 30 1000 1000 0.3 0.65
109 2 30 1000 1000 0.3 0.65
125 2 30 1000 1000 0.3 0.7
126 2 30 1000 1000 0.3 0.7
111 2 30 1000 1000 0.3 0.7
147 3 30 1000 1000 0.3 0.7
244 5 30 1000 1000 0.3 0.7
20 2 30 1000 1000 0.3 0.7
253 4 30 1000 1000 0.3 0.75
338 6 30 1000 1000 0.3 0.75
342 6 30 1000 1000 0.3 0.75
251 5 30 1000 1000 0.3 0.75
414 7 30 1000 1000 0.3 0.75
179 3 30 1000 1000 0.3 0.75
336 9 30 1000 1000 0.3 0.8
210 4 30 1000 1000 0.3 0.8
433 8 30 1000 1000 0.3 0.8
296 14 30 1000 1000 0.3 0.8
701 20 30 1000 1000 0.3 0.8
37 4 30 1000 1000 0.3 0.8
1367 24 30 1000 1000 0.3 0.85
76 1 30 1000 1000 0.3 0.85
2669 94 30 1000 1000 0.3 0.85
520 38 30 1000 1000 0.3 0.85
2160 64 30 1000 1000 0.3 0.85
1389 145 30 1000 1000 0.3 0.85
6317 122 30 1000 1000 0.3 0.9
6456 134 30 1000 1000 0.3 0.9
9741 179 30 1000 1000 0.3 0.9
8254 386 30 1000 1000 0.3 0.9
16696 474 30 1000 1000 0.3 0.9
1602 153 30 1000 1000 0.3 0.9
412 17 30 1000 1000 0.3 0.95
11048 213 30 1000 1000 0.3 0.95
4887 109 30 1000 1000 0.3 0.95
9322 285 30 1000 1000 0.3 0.95
23720 2521 30 1000 1000 0.3 0.95
12641 2839 30 1000 1000 0.3 0.95
102 3 30 1000 1000 0.35 0.5
731 19 30 1000 1000 0.35 0.5
838 28 30 1000 1000 0.35 0.5
18 1 30 1000 1000 0.35 0.5
48 2 30 1000 1000 0.35 0.5
974 68 30 1000 1000 0.35 0.5
60 1 30 1000 1000 0.35 0.55
37 1 30 1000 1000 0.35 0.55
206 9 30 1000 1000 0.35 0.55
29 2 30 1000 1000 0.35 0.55
53 1 30 1000 1000 0.35 0.55
186 12 30 1000 1000 0.35 0.55
76 2 30 1000 1000 0.35 0.6
107 2 30 1000 1000 0.35 0.6
123 2 30 1000 1000 0.35 0.6
110 5 30 1000 1000 0.35 0.6
209 7 30 1000 1000 0.35 0.6
26 2 30 1000 1000 0.35 0.6
83 2 30 1000 1000 0.35 0.65
107 2 30 1000 1000 0.35 0.65
102 2 30 1000 1000 0.35 0.65
96 3 30 1000 1000 0.35 0.65
120 2 30 1000 1000 0.35 0.65
84 4 30 1000 1000 0.35 0.65
110 2 30 1000 1000 0.35 0.7
183 3 30 1000 1000 0.35 0.7
157 3 30 1000 1000 0.35 0.7
155 4 30 1000 1000 0.35 0.7
178 3 30 1000 1000 0.35 0.7
136 4 30 1000 1000 0.35 0.7
109 2 30 1000 1000 0.35 0.75
268 5 30 1000 1000 0.35 0.75
392 7 30 1000 1000 0.35 0.75
22 1 30 1000 1000 0.35 0.75
354 7 30 1000 1000 0.35 0.75
64 4 30 1000 1000 0.35 0.75
580 10 30 1000 1000 0.35 0.8
377 6 30 1000 1000 0.35 0.8
441 8 30 1000 1000 0.35 0.8
560 12 30 1000 1000 0.35 0.8
669 12 30 1000 1000 0.35 0.8
366 17 30 1000 1000 0.35 0.8
1322 26 30 1000 1000 0.35 0.85
1941 38 30 1000 1000 0.35 0.85
1329 24 30 1000 1000 0.35 0.85
2386 69 30 1000 1000 0.35 0.85
1951 36 30 1000 1000 0.35 0.85
2009 104 30 1000 1000 0.35 0.85
12914 249 30 1000 1000 0.35 0.9
14747 275 30 1000 1000 0.35 0.9
24182 450 30 1000 1000 0.35 0.9
4159 104 30 1000 1000 0.35 0.9
17411 330 30 1000 1000 0.35 0.9
11280 294 30 1000 1000 0.35 0.9
24496 450 30 1000 1000 0.35 0.95
21831 382 30 1000 1000 0.35 0.95
72525 2180 30 1000 1000 0.35 0.95
41861 2275 30 1000 1000 0.35 0.95
123989 6413 30 1000 1000 0.35 0.95
8196 1766 30 1000 1000 0.35 0.95
52 1 30 1000 1000 0.4 0.5
417 9 30 1000 1000 0.4 0.5
369 8 30 1000 1000 0.4 0.5
123 3 30 1000 1000 0.4 0.5
67 1 30 1000 1000 0.4 0.5
429 14 30 1000 1000 0.4 0.5
79 2 30 1000 1000 0.4 0.55
62 1 30 1000 1000 0.4 0.55
81 2 30 1000 1000 0.4 0.55
65 1 30 1000 1000 0.4 0.55
150 5 30 1000 1000 0.4 0.55
7 1 30 1000 1000 0.4 0.55
101 2 30 1000 1000 0.4 0.6
136 3 30 1000 1000 0.4 0.6
211 4 30 1000 1000 0.4 0.6
39 3 30 1000 1000 0.4 0.6
238 5 30 1000 1000 0.4 0.6
17 3 30 1000 1000 0.4 0.6
101 2 30 1000 1000 0.4 0.65
102 2 30 1000 1000 0.4 0.65
152 2 30 1000 1000 0.4 0.65
62 2 30 1000 1000 0.4 0.65
131 3 30 1000 1000 0.4 0.65
89 5 30 1000 1000 0.4 0.65
159 3 30 1000 1000 0.4 0.7
112 2 30 1000 1000 0.4 0.7
93 2 30 1000 1000 0.4 0.7
197 6 30 1000 1000 0.4 0.7
252 4 30 1000 1000 0.4 0.7
43 3 30 1000 1000 0.4 0.7
218 4 30 1000 1000 0.4 0.75
256 6 30 1000 1000 0.4 0.75
233 5 30 1000 1000 0.4 0.75
278 7 30 1000 1000 0.4 0.75
130 2 30 1000 1000 0.4 0.75
381 9 30 1000 1000 0.4 0.75
391 8 30 1000 1000 0.4 0.8
562 9 30 1000 1000 0.4 0.8
627 13 30 1000 1000 0.4 0.8
391 11 30 1000 1000 0.4 0.8
659 12 30 1000 1000 0.4 0.8
413 22 30 1000 1000 0.4 0.8
616 10 30 1000 1000 0.4 0.85
5293 104 30 1000 1000 0.4 0.85
3077 58 30 1000 1000 0.4 0.85
3370 86 30 1000 1000 0.4 0.85
1559 32 30 1000 1000 0.4 0.85
5039 148 30 1000 1000 0.4 0.85
16540 313 30 1000 1000 0.4 0.9
6529 125 30 1000 1000 0.4 0.9
23445 448 30 1000 1000 0.4 0.9
4260 248 30 1000 1000 0.4 0.9
27807 729 30 1000 1000 0.4 0.9
1099 239 30 1000 1000 0.4 0.9
126398 2267 30 1000 1000 0.4 0.95
26272 482 30 1000 1000 0.4 0.95
35253 664 30 1000 1000 0.4 0.95
117913 2224 30 1000 1000 0.4 0.95
619 15 30 1000 1000 0.4 0.95
153792 3047 30 1000 1000 0.4 0.95
81 1 30 1000 1000 0.45 0.5
68 1 30 1000 1000 0.45 0.5
291 16 30 1000 1000 0.45 0.5
34 2 30 1000 1000 0.45 0.5
333 18 30 1000 1000 0.45 0.5
18 4 30 1000 1000 0.45 0.5
105 2 30 1000 1000 0.45 0.55
174 3 30 1000 1000 0.45 0.55
165 4 30 1000 1000 0.45 0.55
126 3 30 1000 1000 0.45 0.55
65 1 30 1000 1000 0.45 0.55
236 8 30 1000 1000 0.45 0.55
25 1 30 1000 1000 0.45 0.6
71 1 30 1000 1000 0.45 0.6
79 1 30 1000 1000 0.45 0.6
37 2 30 1000 1000 0.45 0.6
105 4 30 1000 1000 0.45 0.6
31 4 30 1000 1000 0.45 0.6
272 5 30 1000 1000 0.45 0.65
50 1 30 1000 1000 0.45 0.65
157 3 30 1000 1000 0.45 0.65
167 4 30 1000 1000 0.45 0.65
324 7 30 1000 1000 0.45 0.65
28 7 30 1000 1000 0.45 0.65
181 4 30 1000 1000 0.45 0.7
152 3 30 1000 1000 0.45 0.7
287 6 30 1000 1000 0.45 0.7
101 5 30 1000 1000 0.45 0.7
336 7 30 1000 1000 0.45 0.7
144 30 30 1000 1000 0.45 0.7
152 3 30 1000 1000 0.45 0.75
289 5 30 1000 1000 0.45 0.75
235 5 30 1000 1000 0.45 0.75
250 12 30 1000 1000 0.45 0.75
530 27 30 1000 1000 0.45 0.75
18 4 30 1000 1000 0.45 0.75
281 6 30 1000 1000 0.45 0.8
340 7 30 1000 1000 0.45 0.8
977 33 30 1000 1000 0.45 0.8
296 17 30 1000 1000 0.45 0.8
731 17 30 1000 1000 0.45 0.8
559 38 30 1000 1000 0.45 0.8
1905 41 30 1000 1000 0.45 0.85
2279 48 30 1000 1000 0.45 0.85
1483 28 30 1000 1000 0.45 0.85
4253 141 30 1000 1000 0.45 0.85
1808 32 30 1000 1000 0.45 0.85
4339 229 30 1000 1000 0.45 0.85
7175 117 30 1000 1000 0.45 0.9
2810 56 30 1000 1000 0.45 0.9
7975 152 30 1000 1000 0.45 0.9
4228 168 30 1000 1000 0.45 0.9
11662 288 30 1000 1000 0.45 0.9
1194 176 30 1000 1000 0.45 0.9
103254 1765 30 1000 1000 0.45 0.95
87560 1572 30 1000 1000 0.45 0.95
166019 2952 30 1000 1000 0.45 0.95
28554 681 30 1000 1000 0.45 0.95
70007 1230 30 1000 1000 0.45 0.95
125442 2598 30 1000 1000 0.45 0.95
373 9 30 1000 1000 0.5 0.5
600 14 30 1000 1000 0.5 0.5
509 11 30 1000 1000 0.5 0.5
509 14 30 1000 1000 0.5 0.5
978 19 30 1000 1000 0.5 0.5
44 3 30 1000 1000 0.5 0.5
85 2 30 1000 1000 0.5 0.55
259 6 30 1000 1000 0.5 0.55
303 6 30 1000 1000 0.5 0.55
124 6 30 1000 1000 0.5 0.55
332 7 30 1000 1000 0.5 0.55
94 5 30 1000 1000 0.5 0.55
107 3 30 1000 1000 0.5 0.6
85 2 30 1000 1000 0.5 0.6
124 2 30 1000 1000 0.5 0.6
130 6 30 1000 1000 0.5 0.6
201 6 30 1000 1000 0.5 0.6
93 15 30 1000 1000 0.5 0.6
396 10 30 1000 1000 0.5 0.65
103 3 30 1000 1000 0.5 0.65
398 9 30 1000 1000 0.5 0.65
156 5 30 1000 1000 0.5 0.65
564 18 30 1000 1000 0.5 0.65
64 16 30 1000 1000 0.5 0.65
447 9 30 1000 1000 0.5 0.7
222 5 30 1000 1000 0.5 0.7
320 6 30 1000 1000 0.5 0.7
404 11 30 1000 1000 0.5 0.7
765 27 30 1000 1000 0.5 0.7
27 7 30 1000 1000 0.5 0.7
294 5 30 1000 1000 0.5 0.75
598 13 30 1000 1000 0.5 0.75
790 16 30 1000 1000 0.5 0.75
166 9 30 1000 1000 0.5 0.75
911 23 30 1000 1000 0.5 0.75
202 45 30 1000 1000 0.5 0.75
1962 37 30 1000 1000 0.5 0.8
1414 28 30 1000 1000 0.5 0.8
1549 32 30 1000 1000 0.5 0.8
1851 40 30 1000 1000 0.5 0.8
2729 50 30 1000 1000 0.5 0.8
860 63 30 1000 1000 0.5 0.8
1854 34 30 1000 1000 0.5 0.85
2590 51 30 1000 1000 0.5 0.85
1359 24 30 1000 1000 0.5 0.85
3295 71 30 1000 1000 0.5 0.85
4499 82 30 1000 1000 0.5 0.85
1138 228 30 1000 1000 0.5 0.85
17218 307 30 1000 1000 0.5 0.9
11100 211 30 1000 1000 0.5 0.9
20000 390 30 1000 1000 0.5 0.9
10913 283 30 1000 1000 0.5 0.9
18063 328 30 1000 1000 0.5 0.9
14937 772 30 1000 1000 0.5 0.9
3446 162 30 1000 1000 0.5 0.95
219711 3890 30 1000 1000 0.5 0.95
232145 4333 30 1000 1000 0.5 0.95
12915 683 30 1000 1000 0.5 0.95
73070 1224 30 1000 1000 0.5 0.95
172171 3747 30 1000 1000 0.5 0.95
