46 93 40 10 10 0.1 0.5
22 44 40 10 10 0.1 0.5
44 90 40 10 10 0.1 0.5
32 77 40 10 10 0.1 0.5
50 60 40 10 10 0.1 0.5
26 101 40 10 10 0.1 0.5
18 52 40 10 10 0.1 0.55
23 55 40 10 10 0.1 0.55
20 53 40 10 10 0.1 0.55
24 83 40 10 10 0.1 0.55
32 53 40 10 10 0.1 0.55
14 77 40 10 10 0.1 0.55
25 43 40 10 10 0.1 0.6
21 35 40 10 10 0.1 0.6
508 2609 40 10 10 0.1 0.6
17225 76610 40 10 10 0.1 0.6
41 103 40 10 10 0.1 0.6
182975 3437342 40 10 10 0.1 0.6
48 73 40 10 10 0.1 0.65
57 103 40 10 10 0.1 0.65
53 95 40 10 10 0.1 0.65
10307 46681 40 10 10 0.1 0.65
22616 298785 40 10 10 0.1 0.65
2 57 40 10 10 0.1 0.65
52781 69934 40 10 10 0.1 0.7
21 36 40 10 10 0.1 0.7
66965 136553 40 10 10 0.1 0.7
34429 158401 40 10 10 0.1 0.7
172991 1739746 40 10 10 0.1 0.7
6860 135766 40 10 10 0.1 0.7
33 85 40 10 10 0.1 0.75
20 41 40 10 10 0.1 0.75
46 85 40 10 10 0.1 0.75
267 1246 40 10 10 0.1 0.75
189 736 40 10 10 0.1 0.75
16550 337970 40 10 10 0.1 0.75
240 358 40 10 10 0.1 0.8
199617 287694 40 10 10 0.1 0.8
11444 15485 40 10 10 0.1 0.8
417291 1377179 40 10 10 0.1 0.8
1214147 17621975 40 10 10 0.1 0.8
48551 1002617 40 10 10 0.1 0.8
78 205 40 10 10 0.1 0.85
15812 23090 40 10 10 0.1 0.85
5770 7914 40 10 10 0.1 0.85
10216 14012 40 10 10 0.1 0.85
42776 563450 40 10 10 0.1 0.85
55392 1131904 40 10 10 0.1 0.85
9824214 13733337 40 10 10 0.1 0.9
325019 452658 40 10 10 0.1 0.9
13737038 31277185 40 10 10 0.1 0.9
18275838 90291582 40 10 10 0.1 0.9
719427 986892 40 10 10 0.1 0.9
61863996 746622297 40 10 10 0.1 0.9
2494116 3662621 40 10 10 0.1 0.95
1839760 2747126 40 10 10 0.1 0.95
5267297 10637040 40 10 10 0.1 0.95
29194 137951 40 10 10 0.1 0.95
11613768 142505125 40 10 10 0.1 0.95
154789 3155646 40 10 10 0.1 0.95
24 44 40 10 10 0.15 0.5
27 54 40 10 10 0.15 0.5
23 83 40 10 10 0.15 0.5
32 150 40 10 10 0.15 0.5
53 127 40 10 10 0.15 0.5
4 50 40 10 10 0.15 0.5
33 49 40 10 10 0.15 0.55
22 78 40 10 10 0.15 0.55
40 77 40 10 10 0.15 0.55
19 36 40 10 10 0.15 0.55
40 75 40 10 10 0.15 0.55
20 102 40 10 10 0.15 0.55
64 96 40 10 10 0.15 0.6
37 98 40 10 10 0.15 0.6
105 219 40 10 10 0.15 0.6
9 55 40 10 10 0.15 0.6
95 181 40 10 10 0.15 0.6
20 118 40 10 10 0.15 0.6
32 57 40 10 10 0.15 0.65
23 52 40 10 10 0.15 0.65
45 61 40 10 10 0.15 0.65
964 5348 40 10 10 0.15 0.65
2673 38604 40 10 10 0.15 0.65
42 963 40 10 10 0.15 0.65
40617 52023 40 10 10 0.15 0.7
865 1100 40 10 10 0.15 0.7
50862 97119 40 10 10 0.15 0.7
17711 71989 40 10 10 0.15 0.7
2914261 57055455 40 10 10 0.15 0.7
11178 226464 40 10 10 0.15 0.7
1738 3111 40 10 10 0.15 0.75
834 1396 40 10 10 0.15 0.75
44863 198555 40 10 10 0.15 0.75
41 232 40 10 10 0.15 0.75
174302 2719078 40 10 10 0.15 0.75
4913 96285 40 10 10 0.15 0.75
727562 958949 40 10 10 0.15 0.8
234001 298105 40 10 10 0.15 0.8
769989 997221 40 10 10 0.15 0.8
274949 612791 40 10 10 0.15 0.8
5220 6777 40 10 10 0.15 0.8
1646587 13921670 40 10 10 0.15 0.8
991914 1241499 40 10 10 0.15 0.85
1201 1610 40 10 10 0.15 0.85
4098570 14290675 40 10 10 0.15 0.85
6081388 25271256 40 10 10 0.15 0.85
32547482 484622198 40 10 10 0.15 0.85
115 2352 40 10 10 0.15 0.85
