372 1717 100 10 75 0.01 0.5
170 965 100 10 75 0.01 0.5
356 1446 100 10 75 0.01 0.5
240 1425 100 10 75 0.01 0.5
101 580 100 10 75 0.01 0.52
151 886 100 10 75 0.01 0.52
124 749 100 10 75 0.01 0.52
140 813 100 10 75 0.01 0.52
75 448 100 10 75 0.01 0.54
91 611 100 10 75 0.01 0.54
123 783 100 10 75 0.01 0.54
99 674 100 10 75 0.01 0.54
129 880 100 10 75 0.01 0.56
117 741 100 10 75 0.01 0.56
115 783 100 10 75 0.01 0.56
136 880 100 10 75 0.01 0.56
68 461 100 10 75 0.01 0.58
108 745 100 10 75 0.01 0.58
124 848 100 10 75 0.01 0.58
133 919 100 10 75 0.01 0.58
54 361 100 10 75 0.01 0.6
51 357 100 10 75 0.01 0.6
70 477 100 10 75 0.01 0.6
54 387 100 10 75 0.01 0.6
51 366 100 10 75 0.01 0.62
59 399 100 10 75 0.01 0.62
56 397 100 10 75 0.01 0.62
60 409 100 10 75 0.01 0.62
60 428 100 10 75 0.01 0.64
46 327 100 10 75 0.01 0.64
72 515 100 10 75 0.01 0.64
75 541 100 10 75 0.01 0.64
44 318 100 10 75 0.01 0.66
63 446 100 10 75 0.01 0.66
72 505 100 10 75 0.01 0.66
41 297 100 10 75 0.01 0.66
59 395 100 10 75 0.01 0.68
43 306 100 10 75 0.01 0.68
54 373 100 10 75 0.01 0.68
50 347 100 10 75 0.01 0.68
41 289 100 10 75 0.01 0.7
30 214 100 10 75 0.01 0.7
57 400 100 10 75 0.01 0.7
39 282 100 10 75 0.01 0.7
185 1201 100 10 75 0.015 0.5
123 815 100 10 75 0.015 0.5
142 938 100 10 75 0.015 0.5
176 1157 100 10 75 0.015 0.5
91 562 100 10 75 0.015 0.52
60 416 100 10 75 0.015 0.52
78 492 100 10 75 0.015 0.52
86 576 100 10 75 0.015 0.52
54 371 100 10 75 0.015 0.54
80 456 100 10 75 0.015 0.54
71 486 100 10 75 0.015 0.54
89 597 100 10 75 0.015 0.54
48 303 100 10 75 0.015 0.56
48 324 100 10 75 0.015 0.56
56 360 100 10 75 0.015 0.56
65 449 100 10 75 0.015 0.56
69 423 100 10 75 0.015 0.58
57 389 100 10 75 0.015 0.58
95 508 100 10 75 0.015 0.58
49 337 100 10 75 0.015 0.58
32 233 100 10 75 0.015 0.6
45 312 100 10 75 0.015 0.6
72 332 100 10 75 0.015 0.6
33 222 100 10 75 0.015 0.6
26 187 100 10 75 0.015 0.62
30 213 100 10 75 0.015 0.62
41 295 100 10 75 0.015 0.62
35 254 100 10 75 0.015 0.62
40 282 100 10 75 0.015 0.64
41 290 100 10 75 0.015 0.64
55 381 100 10 75 0.015 0.64
30 218 100 10 75 0.015 0.64
38 261 100 10 75 0.015 0.66
36 252 100 10 75 0.015 0.66
33 225 100 10 75 0.015 0.66
48 321 100 10 75 0.015 0.66
28 202 100 10 75 0.015 0.68
28 201 100 10 75 0.015 0.68
46 310 100 10 75 0.015 0.68
45 328 100 10 75 0.015 0.68
25 176 100 10 75 0.015 0.7
16 115 100 10 75 0.015 0.7
27 189 100 10 75 0.015 0.7
26 192 100 10 75 0.015 0.7
74 498 100 10 75 0.02 0.5
127 813 100 10 75 0.02 0.5
101 662 100 10 75 0.02 0.5
126 806 100 10 75 0.02 0.5
44 303 100 10 75 0.02 0.52
39 307 100 10 75 0.02 0.52
55 369 100 10 75 0.02 0.52
62 527 100 10 75 0.02 0.52
39 279 100 10 75 0.02 0.54
44 366 100 10 75 0.02 0.54
46 336 100 10 75 0.02 0.54
39 330 100 10 75 0.02 0.54
50 411 100 10 75 0.02 0.56
32 273 100 10 75 0.02 0.56
53 435 100 10 75 0.02 0.56
43 367 100 10 75 0.02 0.56
45 378 100 10 75 0.02 0.58
31 253 100 10 75 0.02 0.58
46 380 100 10 75 0.02 0.58
49 408 100 10 75 0.02 0.58
31 271 100 10 75 0.02 0.6
16 147 100 10 75 0.02 0.6
28 242 100 10 75 0.02 0.6
21 189 100 10 75 0.02 0.6
31 268 100 10 75 0.02 0.62
23 196 100 10 75 0.02 0.62
27 236 100 10 75 0.02 0.62
35 301 100 10 75 0.02 0.62
19 163 100 10 75 0.02 0.64
27 228 100 10 75 0.02 0.64
24 194 100 10 75 0.02 0.64
31 268 100 10 75 0.02 0.64
16 148 100 10 75 0.02 0.66
30 253 100 10 75 0.02 0.66
22 191 100 10 75 0.02 0.66
36 317 100 10 75 0.02 0.66
22 197 100 10 75 0.02 0.68
14 123 100 10 75 0.02 0.68
22 197 100 10 75 0.02 0.68
40 350 100 10 75 0.02 0.68
10 85 100 10 75 0.02 0.7
19 167 100 10 75 0.02 0.7
30 254 100 10 75 0.02 0.7
15 144 100 10 75 0.02 0.7
246 1654 100 10 100 0.01 0.5
170 1161 100 10 100 0.01 0.5
326 2181 100 10 100 0.01 0.5
204 1338 100 10 100 0.01 0.5
102 716 100 10 100 0.01 0.52
91 668 100 10 100 0.01 0.52
111 811 100 10 100 0.01 0.52
80 594 100 10 100 0.01 0.52
67 435 100 10 100 0.01 0.54
77 575 100 10 100 0.01 0.54
144 972 100 10 100 0.01 0.54
84 643 100 10 100 0.01 0.54
94 683 100 10 100 0.01 0.56
102 752 100 10 100 0.01 0.56
89 648 100 10 100 0.01 0.56
111 806 100 10 100 0.01 0.56
85 632 100 10 100 0.01 0.58
92 685 100 10 100 0.01 0.58
92 674 100 10 100 0.01 0.58
163 1202 100 10 100 0.01 0.58
53 392 100 10 100 0.01 0.6
37 299 100 10 100 0.01 0.6
76 569 100 10 100 0.01 0.6
48 384 100 10 100 0.01 0.6
37 293 100 10 100 0.01 0.62
52 410 100 10 100 0.01 0.62
49 392 100 10 100 0.01 0.62
40 333 100 10 100 0.01 0.62
45 356 100 10 100 0.01 0.64
42 347 100 10 100 0.01 0.64
47 364 100 10 100 0.01 0.64
62 493 100 10 100 0.01 0.64
40 330 100 10 100 0.01 0.66
54 410 100 10 100 0.01 0.66
66 500 100 10 100 0.01 0.66
55 440 100 10 100 0.01 0.66
47 370 100 10 100 0.01 0.68
47 384 100 10 100 0.01 0.68
48 382 100 10 100 0.01 0.68
49 394 100 10 100 0.01 0.68
22 180 100 10 100 0.01 0.7
32 261 100 10 100 0.01 0.7
35 290 100 10 100 0.01 0.7
31 267 100 10 100 0.01 0.7
92 642 100 10 100 0.015 0.5
123 856 100 10 100 0.015 0.5
130 888 100 10 100 0.015 0.5
120 842 100 10 100 0.015 0.5
67 499 100 10 100 0.015 0.52
54 395 100 10 100 0.015 0.52
69 505 100 10 100 0.015 0.52
54 419 100 10 100 0.015 0.52
85 618 100 10 100 0.015 0.54
46 344 100 10 100 0.015 0.54
69 513 100 10 100 0.015 0.54
69 507 100 10 100 0.015 0.54
55 384 100 10 100 0.015 0.56
73 542 100 10 100 0.015 0.56
63 443 100 10 100 0.015 0.56
91 673 100 10 100 0.015 0.56
54 409 100 10 100 0.015 0.58
60 449 100 10 100 0.015 0.58
66 487 100 10 100 0.015 0.58
64 475 100 10 100 0.015 0.58
21 168 100 10 100 0.015 0.6
57 339 100 10 100 0.015 0.6
58 386 100 10 100 0.015 0.6
36 245 100 10 100 0.015 0.6
36 289 100 10 100 0.015 0.62
28 227 100 10 100 0.015 0.62
37 299 100 10 100 0.015 0.62
36 288 100 10 100 0.015 0.62
17 141 100 10 100 0.015 0.64
50 337 100 10 100 0.015 0.64
46 309 100 10 100 0.015 0.64
23 186 100 10 100 0.015 0.64
29 229 100 10 100 0.015 0.66
35 285 100 10 100 0.015 0.66
45 358 100 10 100 0.015 0.66
42 334 100 10 100 0.015 0.66
38 293 100 10 100 0.015 0.68
27 220 100 10 100 0.015 0.68
40 309 100 10 100 0.015 0.68
31 251 100 10 100 0.015 0.68
16 138 100 10 100 0.015 0.7
23 176 100 10 100 0.015 0.7
39 299 100 10 100 0.015 0.7
16 134 100 10 100 0.015 0.7
76 504 100 10 100 0.02 0.5
76 532 100 10 100 0.02 0.5
88 589 100 10 100 0.02 0.5
470 4470 100 10 100 0.02 0.5
49 348 100 10 100 0.02 0.52
40 302 100 10 100 0.02 0.52
56 389 100 10 100 0.02 0.52
34 267 100 10 100 0.02 0.52
40 266 100 10 100 0.02 0.54
46 341 100 10 100 0.02 0.54
64 428 100 10 100 0.02 0.54
39 310 100 10 100 0.02 0.54
59 335 100 10 100 0.02 0.56
56 313 100 10 100 0.02 0.56
54 312 100 10 100 0.02 0.56
64 376 100 10 100 0.02 0.56
45 294 100 10 100 0.02 0.58
40 313 100 10 100 0.02 0.58
57 398 100 10 100 0.02 0.58
44 329 100 10 100 0.02 0.58
24 199 100 10 100 0.02 0.6
29 248 100 10 100 0.02 0.6
23 198 100 10 100 0.02 0.6
36 276 100 10 100 0.02 0.6
37 291 100 10 100 0.02 0.62
17 141 100 10 100 0.02 0.62
40 304 100 10 100 0.02 0.62
29 233 100 10 100 0.02 0.62
22 182 100 10 100 0.02 0.64
33 269 100 10 100 0.02 0.64
30 242 100 10 100 0.02 0.64
25 208 100 10 100 0.02 0.64
23 193 100 10 100 0.02 0.66
30 183 100 10 100 0.02 0.66
18 152 100 10 100 0.02 0.66
45 304 100 10 100 0.02 0.66
29 228 100 10 100 0.02 0.68
24 195 100 10 100 0.02 0.68
28 212 100 10 100 0.02 0.68
29 234 100 10 100 0.02 0.68
20 175 100 10 100 0.02 0.7
24 192 100 10 100 0.02 0.7
21 181 100 10 100 0.02 0.7
30 228 100 10 100 0.02 0.7
282 1709 100 10 125 0.01 0.5
326 1935 100 10 125 0.01 0.5
258 1531 100 10 125 0.01 0.5
19957 200000 100 10 125 0.01 0.5
92 605 100 10 125 0.01 0.52
181 1156 100 10 125 0.01 0.52
143 917 100 10 125 0.01 0.52
159 1016 100 10 125 0.01 0.52
106 692 100 10 125 0.01 0.54
92 633 100 10 125 0.01 0.54
129 872 100 10 125 0.01 0.54
113 752 100 10 125 0.01 0.54
146 958 100 10 125 0.01 0.56
97 656 100 10 125 0.01 0.56
188 1213 100 10 125 0.01 0.56
122 799 100 10 125 0.01 0.56
118 765 100 10 125 0.01 0.58
108 733 100 10 125 0.01 0.58
144 930 100 10 125 0.01 0.58
134 871 100 10 125 0.01 0.58
59 428 100 10 125 0.01 0.6
38 301 100 10 125 0.01 0.6
50 370 100 10 125 0.01 0.6
49 364 100 10 125 0.01 0.6
43 317 100 10 125 0.01 0.62
70 513 100 10 125 0.01 0.62
53 382 100 10 125 0.01 0.62
84 581 100 10 125 0.01 0.62
42 310 100 10 125 0.01 0.64
58 424 100 10 125 0.01 0.64
57 403 100 10 125 0.01 0.64
67 489 100 10 125 0.01 0.64
55 416 100 10 125 0.01 0.66
51 377 100 10 125 0.01 0.66
64 469 100 10 125 0.01 0.66
60 433 100 10 125 0.01 0.66
37 287 100 10 125 0.01 0.68
47 353 100 10 125 0.01 0.68
65 473 100 10 125 0.01 0.68
40 300 100 10 125 0.01 0.68
32 249 100 10 125 0.01 0.7
25 203 100 10 125 0.01 0.7
26 213 100 10 125 0.01 0.7
38 296 100 10 125 0.01 0.7
119 717 100 10 125 0.015 0.5
109 686 100 10 125 0.015 0.5
94 564 100 10 125 0.015 0.5
193 1148 100 10 125 0.015 0.5
52 368 100 10 125 0.015 0.52
86 555 100 10 125 0.015 0.52
76 521 100 10 125 0.015 0.52
102 674 100 10 125 0.015 0.52
74 506 100 10 125 0.015 0.54
93 614 100 10 125 0.015 0.54
77 538 100 10 125 0.015 0.54
100 655 100 10 125 0.015 0.54
53 373 100 10 125 0.015 0.56
65 445 100 10 125 0.015 0.56
68 457 100 10 125 0.015 0.56
82 549 100 10 125 0.015 0.56
46 328 100 10 125 0.015 0.58
54 365 100 10 125 0.015 0.58
60 409 100 10 125 0.015 0.58
89 608 100 10 125 0.015 0.58
31 240 100 10 125 0.015 0.6
34 272 100 10 125 0.015 0.6
37 268 100 10 125 0.015 0.6
40 294 100 10 125 0.015 0.6
39 291 100 10 125 0.015 0.62
29 220 100 10 125 0.015 0.62
37 270 100 10 125 0.015 0.62
34 259 100 10 125 0.015 0.62
42 312 100 10 125 0.015 0.64
35 268 100 10 125 0.015 0.64
43 329 100 10 125 0.015 0.64
35 280 100 10 125 0.015 0.64
31 239 100 10 125 0.015 0.66
41 309 100 10 125 0.015 0.66
55 391 100 10 125 0.015 0.66
29 227 100 10 125 0.015 0.66
26 198 100 10 125 0.015 0.68
24 193 100 10 125 0.015 0.68
36 261 100 10 125 0.015 0.68
42 321 100 10 125 0.015 0.68
20 170 100 10 125 0.015 0.7
28 216 100 10 125 0.015 0.7
35 278 100 10 125 0.015 0.7
21 167 100 10 125 0.015 0.7
120 729 100 10 125 0.02 0.5
69 442 100 10 125 0.02 0.5
91 562 100 10 125 0.02 0.5
128 797 100 10 125 0.02 0.5
29 220 100 10 125 0.02 0.52
38 265 100 10 125 0.02 0.52
36 254 100 10 125 0.02 0.52
36 260 100 10 125 0.02 0.52
47 321 100 10 125 0.02 0.54
48 330 100 10 125 0.02 0.54
47 324 100 10 125 0.02 0.54
54 380 100 10 125 0.02 0.54
51 362 100 10 125 0.02 0.56
44 308 100 10 125 0.02 0.56
44 323 100 10 125 0.02 0.56
92 600 100 10 125 0.02 0.56
52 349 100 10 125 0.02 0.58
40 271 100 10 125 0.02 0.58
48 336 100 10 125 0.02 0.58
44 313 100 10 125 0.02 0.58
34 243 100 10 125 0.02 0.6
22 170 100 10 125 0.02 0.6
29 215 100 10 125 0.02 0.6
32 239 100 10 125 0.02 0.6
39 279 100 10 125 0.02 0.62
22 167 100 10 125 0.02 0.62
34 256 100 10 125 0.02 0.62
32 234 100 10 125 0.02 0.62
21 162 100 10 125 0.02 0.64
31 235 100 10 125 0.02 0.64
29 211 100 10 125 0.02 0.64
25 197 100 10 125 0.02 0.64
26 196 100 10 125 0.02 0.66
33 243 100 10 125 0.02 0.66
38 271 100 10 125 0.02 0.66
27 217 100 10 125 0.02 0.66
28 213 100 10 125 0.02 0.68
21 160 100 10 125 0.02 0.68
15 134 100 10 125 0.02 0.68
38 287 100 10 125 0.02 0.68
18 136 100 10 125 0.02 0.7
10 86 100 10 125 0.02 0.7
24 187 100 10 125 0.02 0.7
22 178 100 10 125 0.02 0.7
33621 134885 100 30 75 0.01 0.5
7724 31144 100 30 75 0.01 0.5
18498 69090 100 30 75 0.01 0.5
30809 115631 100 30 75 0.01 0.5
10145 40746 100 30 75 0.01 0.52
8193 32848 100 30 75 0.01 0.52
11894 47757 100 30 75 0.01 0.52
14463 58728 100 30 75 0.01 0.52
6132 24590 100 30 75 0.01 0.54
3685 14718 100 30 75 0.01 0.54
18134 73431 100 30 75 0.01 0.54
5934 24467 100 30 75 0.01 0.54
6579 26308 100 30 75 0.01 0.56
9602 38590 100 30 75 0.01 0.56
5748 23111 100 30 75 0.01 0.56
17571 71192 100 30 75 0.01 0.56
4003 15978 100 30 75 0.01 0.58
3491 13930 100 30 75 0.01 0.58
5717 22706 100 30 75 0.01 0.58
8396 34269 100 30 75 0.01 0.58
1280 5094 100 30 75 0.01 0.6
1408 5643 100 30 75 0.01 0.6
1392 5557 100 30 75 0.01 0.6
5880 24042 100 30 75 0.01 0.6
2264 9003 100 30 75 0.01 0.62
3546 14123 100 30 75 0.01 0.62
2869 11545 100 30 75 0.01 0.62
3063 12292 100 30 75 0.01 0.62
1542 6175 100 30 75 0.01 0.64
533 2163 100 30 75 0.01 0.64
1360 5419 100 30 75 0.01 0.64
1586 6445 100 30 75 0.01 0.64
2215 8873 100 30 75 0.01 0.66
735 2956 100 30 75 0.01 0.66
3061 12317 100 30 75 0.01 0.66
1911 7877 100 30 75 0.01 0.66
677 2698 100 30 75 0.01 0.68
387 1567 100 30 75 0.01 0.68
1271 5107 100 30 75 0.01 0.68
294 1233 100 30 75 0.01 0.68
206 848 100 30 75 0.01 0.7
571 2318 100 30 75 0.01 0.7
286 1186 100 30 75 0.01 0.7
559 2270 100 30 75 0.01 0.7
12757 50933 100 30 75 0.015 0.5
8467 34029 100 30 75 0.015 0.5
9346 37406 100 30 75 0.015 0.5
17565 70822 100 30 75 0.015 0.5
2442 9802 100 30 75 0.015 0.52
2215 8854 100 30 75 0.015 0.52
7893 31884 100 30 75 0.015 0.52
3409 13837 100 30 75 0.015 0.52
1124 4523 100 30 75 0.015 0.54
1526 6154 100 30 75 0.015 0.54
2427 9750 100 30 75 0.015 0.54
1989 8165 100 30 75 0.015 0.54
1645 6542 100 30 75 0.015 0.56
2589 10337 100 30 75 0.015 0.56
4704 18825 100 30 75 0.015 0.56
1195 4903 100 30 75 0.015 0.56
428 1705 100 30 75 0.015 0.58
655 2612 100 30 75 0.015 0.58
1302 5173 100 30 75 0.015 0.58
1186 4881 100 30 75 0.015 0.58
684 2725 100 30 75 0.015 0.6
1032 4131 100 30 75 0.015 0.6
986 3956 100 30 75 0.015 0.6
775 3105 100 30 75 0.015 0.6
751 3011 100 30 75 0.015 0.62
825 3315 100 30 75 0.015 0.62
856 3427 100 30 75 0.015 0.62
787 3158 100 30 75 0.015 0.62
213 830 100 30 75 0.015 0.64
410 1656 100 30 75 0.015 0.64
526 2078 100 30 75 0.015 0.64
561 2304 100 30 75 0.015 0.64
166 658 100 30 75 0.015 0.66
213 862 100 30 75 0.015 0.66
374 1490 100 30 75 0.015 0.66
145 604 100 30 75 0.015 0.66
112 465 100 30 75 0.015 0.68
301 1140 100 30 75 0.015 0.68
324 1258 100 30 75 0.015 0.68
391 1584 100 30 75 0.015 0.68
84 358 100 30 75 0.015 0.7
164 647 100 30 75 0.015 0.7
139 575 100 30 75 0.015 0.7
140 559 100 30 75 0.015 0.7
383 1526 100 30 75 0.02 0.5
1945 7765 100 30 75 0.02 0.5
3591 14482 100 30 75 0.02 0.5
1569 6471 100 30 75 0.02 0.5
1073 4267 100 30 75 0.02 0.52
779 3112 100 30 75 0.02 0.52
3123 12564 100 30 75 0.02 0.52
1700 6990 100 30 75 0.02 0.52
592 2366 100 30 75 0.02 0.54
804 3227 100 30 75 0.02 0.54
1238 4933 100 30 75 0.02 0.54
1568 6399 100 30 75 0.02 0.54
1571 6232 100 30 75 0.02 0.56
1087 4326 100 30 75 0.02 0.56
1094 4346 100 30 75 0.02 0.56
1675 6687 100 30 75 0.02 0.56
308 1199 100 30 75 0.02 0.58
378 1522 100 30 75 0.02 0.58
362 1383 100 30 75 0.02 0.58
782 3169 100 30 75 0.02 0.58
207 844 100 30 75 0.02 0.6
432 1704 100 30 75 0.02 0.6
236 963 100 30 75 0.02 0.6
798 3180 100 30 75 0.02 0.6
374 1486 100 30 75 0.02 0.62
312 1261 100 30 75 0.02 0.62
501 1995 100 30 75 0.02 0.62
389 1580 100 30 75 0.02 0.62
133 550 100 30 75 0.02 0.64
298 1204 100 30 75 0.02 0.64
460 1848 100 30 75 0.02 0.64
93 392 100 30 75 0.02 0.64
233 950 100 30 75 0.02 0.66
184 753 100 30 75 0.02 0.66
321 1299 100 30 75 0.02 0.66
404 1645 100 30 75 0.02 0.66
128 521 100 30 75 0.02 0.68
83 343 100 30 75 0.02 0.68
163 658 100 30 75 0.02 0.68
78 324 100 30 75 0.02 0.68
57 228 100 30 75 0.02 0.7
128 519 100 30 75 0.02 0.7
38 162 100 30 75 0.02 0.7
185 740 100 30 75 0.02 0.7
27434 99999 100 30 100 0.01 0.5
27274 98647 100 30 100 0.01 0.5
54785 200000 100 30 100 0.01 0.5
28167 105224 100 30 100 0.01 0.5
10077 36467 100 30 100 0.01 0.52
12035 43686 100 30 100 0.01 0.52
17716 64297 100 30 100 0.01 0.52
18346 68476 100 30 100 0.01 0.52
8838 32048 100 30 100 0.01 0.54
9717 35041 100 30 100 0.01 0.54
12359 44554 100 30 100 0.01 0.54
14288 52892 100 30 100 0.01 0.54
5315 19398 100 30 100 0.01 0.56
3378 12204 100 30 100 0.01 0.56
8489 30710 100 30 100 0.01 0.56
6766 25271 100 30 100 0.01 0.56
5610 20239 100 30 100 0.01 0.58
1520 5496 100 30 100 0.01 0.58
5832 21044 100 30 100 0.01 0.58
5659 20897 100 30 100 0.01 0.58
1449 5234 100 30 100 0.01 0.6
1754 6377 100 30 100 0.01 0.6
3434 12402 100 30 100 0.01 0.6
1966 7304 100 30 100 0.01 0.6
3656 13155 100 30 100 0.01 0.62
1876 6815 100 30 100 0.01 0.62
4148 14963 100 30 100 0.01 0.62
4827 17825 100 30 100 0.01 0.62
535 1953 100 30 100 0.01 0.64
925 3379 100 30 100 0.01 0.64
740 2711 100 30 100 0.01 0.64
845 3106 100 30 100 0.01 0.64
1564 5677 100 30 100 0.01 0.66
1504 5473 100 30 100 0.01 0.66
2199 7971 100 30 100 0.01 0.66
1078 3944 100 30 100 0.01 0.66
555 2033 100 30 100 0.01 0.68
770 2810 100 30 100 0.01 0.68
1135 4133 100 30 100 0.01 0.68
1343 4997 100 30 100 0.01 0.68
368 1361 100 30 100 0.01 0.7
326 1224 100 30 100 0.01 0.7
599 2189 100 30 100 0.01 0.7
187 717 100 30 100 0.01 0.7
10798 39142 100 30 100 0.015 0.5
2514 9178 100 30 100 0.015 0.5
7053 25508 100 30 100 0.015 0.5
9996 36963 100 30 100 0.015 0.5
4805 17315 100 30 100 0.015 0.52
1873 6796 100 30 100 0.015 0.52
11102 40627 100 30 100 0.015 0.52
5153 19189 100 30 100 0.015 0.52
1752 6332 100 30 100 0.015 0.54
950 3421 100 30 100 0.015 0.54
2217 8054 100 30 100 0.015 0.54
2947 10932 100 30 100 0.015 0.54
1525 5563 100 30 100 0.015 0.56
2595 9408 100 30 100 0.015 0.56
4135 14936 100 30 100 0.015 0.56
2611 9672 100 30 100 0.015 0.56
1090 3933 100 30 100 0.015 0.58
2336 8481 100 30 100 0.015 0.58
4390 15866 100 30 100 0.015 0.58
1753 6531 100 30 100 0.015 0.58
593 2172 100 30 100 0.015 0.6
779 2825 100 30 100 0.015 0.6
1882 6809 100 30 100 0.015 0.6
555 2048 100 30 100 0.015 0.6
319 1176 100 30 100 0.015 0.62
723 2657 100 30 100 0.015 0.62
1237 4505 100 30 100 0.015 0.62
943 3529 100 30 100 0.015 0.62
474 1748 100 30 100 0.015 0.64
471 1726 100 30 100 0.015 0.64
620 2257 100 30 100 0.015 0.64
344 1238 100 30 100 0.015 0.64
270 984 100 30 100 0.015 0.66
728 2606 100 30 100 0.015 0.66
326 1220 100 30 100 0.015 0.66
844 3043 100 30 100 0.015 0.66
348 1240 100 30 100 0.015 0.68
167 628 100 30 100 0.015 0.68
497 1817 100 30 100 0.015 0.68
129 498 100 30 100 0.015 0.68
148 551 100 30 100 0.015 0.7
76 304 100 30 100 0.015 0.7
69 274 100 30 100 0.015 0.7
166 634 100 30 100 0.015 0.7
2535 9446 100 30 100 0.02 0.5
2415 8900 100 30 100 0.02 0.5
5141 18703 100 30 100 0.02 0.5
1565 5803 100 30 100 0.02 0.5
1781 6481 100 30 100 0.02 0.52
757 2775 100 30 100 0.02 0.52
3314 12045 100 30 100 0.02 0.52
1293 4793 100 30 100 0.02 0.52
1476 5324 100 30 100 0.02 0.54
782 2856 100 30 100 0.02 0.54
667 2400 100 30 100 0.02 0.54
1797 6537 100 30 100 0.02 0.54
455 1656 100 30 100 0.02 0.56
782 2874 100 30 100 0.02 0.56
431 1571 100 30 100 0.02 0.56
1237 4530 100 30 100 0.02 0.56
292 1092 100 30 100 0.02 0.58
512 1871 100 30 100 0.02 0.58
298 1116 100 30 100 0.02 0.58
641 2349 100 30 100 0.02 0.58
397 1481 100 30 100 0.02 0.6
227 863 100 30 100 0.02 0.6
794 2900 100 30 100 0.02 0.6
250 968 100 30 100 0.02 0.6
252 917 100 30 100 0.02 0.62
384 1416 100 30 100 0.02 0.62
810 2913 100 30 100 0.02 0.62
148 583 100 30 100 0.02 0.62
135 508 100 30 100 0.02 0.64
288 1067 100 30 100 0.02 0.64
104 400 100 30 100 0.02 0.64
522 1916 100 30 100 0.02 0.64
239 886 100 30 100 0.02 0.66
246 919 100 30 100 0.02 0.66
337 1237 100 30 100 0.02 0.66
226 838 100 30 100 0.02 0.66
136 524 100 30 100 0.02 0.68
95 369 100 30 100 0.02 0.68
76 301 100 30 100 0.02 0.68
229 848 100 30 100 0.02 0.68
87 340 100 30 100 0.02 0.7
46 187 100 30 100 0.02 0.7
75 304 100 30 100 0.02 0.7
97 388 100 30 100 0.02 0.7
43314 141863 100 30 125 0.01 0.5
25488 84335 100 30 125 0.01 0.5
21526 71034 100 30 125 0.01 0.5
57416 190482 100 30 125 0.01 0.5
17924 59744 100 30 125 0.01 0.52
11520 38217 100 30 125 0.01 0.52
19202 63309 100 30 125 0.01 0.52
51187 172677 100 30 125 0.01 0.52
20418 67113 100 30 125 0.01 0.54
8467 27889 100 30 125 0.01 0.54
10974 36098 100 30 125 0.01 0.54
20105 67054 100 30 125 0.01 0.54
7518 24735 100 30 125 0.01 0.56
7911 25955 100 30 125 0.01 0.56
11317 37189 100 30 125 0.01 0.56
10942 36515 100 30 125 0.01 0.56
4351 14244 100 30 125 0.01 0.58
7668 25162 100 30 125 0.01 0.58
3228 10582 100 30 125 0.01 0.58
9003 29628 100 30 125 0.01 0.58
2319 7529 100 30 125 0.01 0.6
1492 4967 100 30 125 0.01 0.6
3894 12648 100 30 125 0.01 0.6
3849 13041 100 30 125 0.01 0.6
2229 7358 100 30 125 0.01 0.62
2004 6576 100 30 125 0.01 0.62
2310 7552 100 30 125 0.01 0.62
3868 12767 100 30 125 0.01 0.62
1285 4224 100 30 125 0.01 0.64
1364 4541 100 30 125 0.01 0.64
1020 3423 100 30 125 0.01 0.64
1642 5428 100 30 125 0.01 0.64
1118 3653 100 30 125 0.01 0.66
336 1166 100 30 125 0.01 0.66
774 2576 100 30 125 0.01 0.66
920 3068 100 30 125 0.01 0.66
519 1759 100 30 125 0.01 0.68
632 2108 100 30 125 0.01 0.68
413 1382 100 30 125 0.01 0.68
1400 4606 100 30 125 0.01 0.68
310 1065 100 30 125 0.01 0.7
268 951 100 30 125 0.01 0.7
590 1974 100 30 125 0.01 0.7
464 1629 100 30 125 0.01 0.7
4131 13536 100 30 125 0.015 0.5
3334 10984 100 30 125 0.015 0.5
2899 9634 100 30 125 0.015 0.5
11454 38273 100 30 125 0.015 0.5
6620 21660 100 30 125 0.015 0.52
4588 15043 100 30 125 0.015 0.52
3311 10860 100 30 125 0.015 0.52
10051 33258 100 30 125 0.015 0.52
2605 8472 100 30 125 0.015 0.54
1250 4158 100 30 125 0.015 0.54
4880 15921 100 30 125 0.015 0.54
3443 11464 100 30 125 0.015 0.54
3045 10031 100 30 125 0.015 0.56
746 2492 100 30 125 0.015 0.56
1758 5798 100 30 125 0.015 0.56
2500 8271 100 30 125 0.015 0.56
707 2363 100 30 125 0.015 0.58
959 3214 100 30 125 0.015 0.58
1004 3349 100 30 125 0.015 0.58
2559 8559 100 30 125 0.015 0.58
794 2654 100 30 125 0.015 0.6
625 2122 100 30 125 0.015 0.6
895 2967 100 30 125 0.015 0.6
800 2668 100 30 125 0.015 0.6
576 1931 100 30 125 0.015 0.62
549 1852 100 30 125 0.015 0.62
1862 6124 100 30 125 0.015 0.62
1962 6608 100 30 125 0.015 0.62
502 1710 100 30 125 0.015 0.64
482 1642 100 30 125 0.015 0.64
495 1656 100 30 125 0.015 0.64
614 2075 100 30 125 0.015 0.64
254 855 100 30 125 0.015 0.66
869 2786 100 30 125 0.015 0.66
550 1805 100 30 125 0.015 0.66
650 2113 100 30 125 0.015 0.66
189 663 100 30 125 0.015 0.68
180 649 100 30 125 0.015 0.68
145 540 100 30 125 0.015 0.68
285 981 100 30 125 0.015 0.68
107 400 100 30 125 0.015 0.7
114 419 100 30 125 0.015 0.7
163 582 100 30 125 0.015 0.7
79 299 100 30 125 0.015 0.7
4214 13842 100 30 125 0.02 0.5
2797 9277 100 30 125 0.02 0.5
5474 17905 100 30 125 0.02 0.5
2153 7115 100 30 125 0.02 0.5
2441 8009 100 30 125 0.02 0.52
1257 4106 100 30 125 0.02 0.52
2492 8189 100 30 125 0.02 0.52
1274 4183 100 30 125 0.02 0.52
906 3034 100 30 125 0.02 0.54
571 1936 100 30 125 0.02 0.54
1047 3464 100 30 125 0.02 0.54
881 2923 100 30 125 0.02 0.54
540 1814 100 30 125 0.02 0.56
495 1648 100 30 125 0.02 0.56
350 1209 100 30 125 0.02 0.56
814 2711 100 30 125 0.02 0.56
692 2317 100 30 125 0.02 0.58
528 1772 100 30 125 0.02 0.58
1318 4334 100 30 125 0.02 0.58
371 1276 100 30 125 0.02 0.58
147 528 100 30 125 0.02 0.6
253 882 100 30 125 0.02 0.6
227 805 100 30 125 0.02 0.6
323 1119 100 30 125 0.02 0.6
259 915 100 30 125 0.02 0.62
439 1501 100 30 125 0.02 0.62
430 1467 100 30 125 0.02 0.62
438 1497 100 30 125 0.02 0.62
77 290 100 30 125 0.02 0.64
105 378 100 30 125 0.02 0.64
298 1042 100 30 125 0.02 0.64
366 1280 100 30 125 0.02 0.64
615 2050 100 30 125 0.02 0.66
121 442 100 30 125 0.02 0.66
218 776 100 30 125 0.02 0.66
692 2279 100 30 125 0.02 0.66
47 191 100 30 125 0.02 0.68
153 541 100 30 125 0.02 0.68
104 386 100 30 125 0.02 0.68
135 500 100 30 125 0.02 0.68
79 297 100 30 125 0.02 0.7
38 152 100 30 125 0.02 0.7
73 281 100 30 125 0.02 0.7
48 192 100 30 125 0.02 0.7
72208 200000 100 50 75 0.01 0.5
73042 200000 100 50 75 0.01 0.5
73562 200000 100 50 75 0.01 0.5
72444 200000 100 50 75 0.01 0.5
73513 200000 100 50 75 0.01 0.52
72595 200000 100 50 75 0.01 0.52
73251 200000 100 50 75 0.01 0.52
73116 200000 100 50 75 0.01 0.52
73881 200000 100 50 75 0.01 0.54
73465 200000 100 50 75 0.01 0.54
73645 200000 100 50 75 0.01 0.54
73736 200000 100 50 75 0.01 0.54
73752 200000 100 50 75 0.01 0.56
73686 200000 100 50 75 0.01 0.56
74099 200000 100 50 75 0.01 0.56
73462 200000 100 50 75 0.01 0.56
58389 157207 100 50 75 0.01 0.58
73826 200000 100 50 75 0.01 0.58
74190 200000 100 50 75 0.01 0.58
73621 200000 100 50 75 0.01 0.58
39113 57942 100 50 75 0.01 0.6
75797 200000 100 50 75 0.01 0.6
50485 73788 100 50 75 0.01 0.6
73739 200000 100 50 75 0.01 0.6
34576 93266 100 50 75 0.01 0.62
13590 36785 100 50 75 0.01 0.62
47182 127573 100 50 75 0.01 0.62
31513 86672 100 50 75 0.01 0.62
11417 30941 100 50 75 0.01 0.64
20801 56110 100 50 75 0.01 0.64
27493 74058 100 50 75 0.01 0.64
36374 100000 100 50 75 0.01 0.64
8859 23791 100 50 75 0.01 0.66
27847 74744 100 50 75 0.01 0.66
7406 19893 100 50 75 0.01 0.66
35951 97603 100 50 75 0.01 0.66
1509 4063 100 50 75 0.01 0.68
10350 27885 100 50 75 0.01 0.68
10649 28822 100 50 75 0.01 0.68
13251 36562 100 50 75 0.01 0.68
2778 7585 100 50 75 0.01 0.7
2036 5521 100 50 75 0.01 0.7
7347 19970 100 50 75 0.01 0.7
1712 4709 100 50 75 0.01 0.7
73778 200000 100 50 75 0.015 0.5
57406 156203 100 50 75 0.015 0.5
73220 200000 100 50 75 0.015 0.5
69329 188380 100 50 75 0.015 0.5
74178 200000 100 50 75 0.015 0.52
21192 57441 100 50 75 0.015 0.52
73930 200000 100 50 75 0.015 0.52
46082 127272 100 50 75 0.015 0.52
48443 131207 100 50 75 0.015 0.54
26671 72017 100 50 75 0.015 0.54
74054 200000 100 50 75 0.015 0.54
68823 190061 100 50 75 0.015 0.54
10842 29077 100 50 75 0.015 0.56
36603 99824 100 50 75 0.015 0.56
56275 151701 100 50 75 0.015 0.56
19903 54961 100 50 75 0.015 0.56
7018 18940 100 50 75 0.015 0.58
14890 40009 100 50 75 0.015 0.58
9832 26521 100 50 75 0.015 0.58
40414 110290 100 50 75 0.015 0.58
4500 12100 100 50 75 0.015 0.6
15661 42094 100 50 75 0.015 0.6
14882 39936 100 50 75 0.015 0.6
21836 60055 100 50 75 0.015 0.6
9517 25390 100 50 75 0.015 0.62
2064 5598 100 50 75 0.015 0.62
20176 54486 100 50 75 0.015 0.62
9124 25116 100 50 75 0.015 0.62
3406 9199 100 50 75 0.015 0.64
3219 8670 100 50 75 0.015 0.64
10623 28762 100 50 75 0.015 0.64
4366 12077 100 50 75 0.015 0.64
1443 3896 100 50 75 0.015 0.66
3939 10649 100 50 75 0.015 0.66
2918 7915 100 50 75 0.015 0.66
3300 8979 100 50 75 0.015 0.66
372 1011 100 50 75 0.015 0.68
1330 3593 100 50 75 0.015 0.68
1647 4447 100 50 75 0.015 0.68
1907 5220 100 50 75 0.015 0.68
850 2285 100 50 75 0.015 0.7
546 1494 100 50 75 0.015 0.7
640 1713 100 50 75 0.015 0.7
904 2454 100 50 75 0.015 0.7
11729 31683 100 50 75 0.02 0.5
26791 72894 100 50 75 0.02 0.5
63272 174094 100 50 75 0.02 0.5
8941 24790 100 50 75 0.02 0.5
19768 53693 100 50 75 0.02 0.52
10068 27099 100 50 75 0.02 0.52
45437 123931 100 50 75 0.02 0.52
9467 26232 100 50 75 0.02 0.52
9402 25418 100 50 75 0.02 0.54
10749 28977 100 50 75 0.02 0.54
11145 30045 100 50 75 0.02 0.54
15717 42938 100 50 75 0.02 0.54
3879 10444 100 50 75 0.02 0.56
5660 15292 100 50 75 0.02 0.56
8730 23494 100 50 75 0.02 0.56
29476 81062 100 50 75 0.02 0.56
2282 6099 100 50 75 0.02 0.58
5759 15474 100 50 75 0.02 0.58
5646 15157 100 50 75 0.02 0.58
11858 32441 100 50 75 0.02 0.58
2191 5870 100 50 75 0.02 0.6
1530 4110 100 50 75 0.02 0.6
4591 12394 100 50 75 0.02 0.6
2740 7552 100 50 75 0.02 0.6
1575 4192 100 50 75 0.02 0.62
2475 6605 100 50 75 0.02 0.62
3233 8598 100 50 75 0.02 0.62
915 2434 100 50 75 0.02 0.62
1270 3407 100 50 75 0.02 0.64
1504 3943 100 50 75 0.02 0.64
983 2667 100 50 75 0.02 0.64
1944 5089 100 50 75 0.02 0.64
669 1805 100 50 75 0.02 0.66
827 2245 100 50 75 0.02 0.66
1727 4669 100 50 75 0.02 0.66
1063 2922 100 50 75 0.02 0.66
352 794 100 50 75 0.02 0.68
433 1180 100 50 75 0.02 0.68
673 1659 100 50 75 0.02 0.68
1006 2763 100 50 75 0.02 0.68
518 1382 100 50 75 0.02 0.7
515 1375 100 50 75 0.02 0.7
164 450 100 50 75 0.02 0.7
916 2452 100 50 75 0.02 0.7
77229 200000 100 50 100 0.01 0.5
77130 200000 100 50 100 0.01 0.5
78136 200000 100 50 100 0.01 0.5
77101 200000 100 50 100 0.01 0.5
77722 200000 100 50 100 0.01 0.52
78587 200000 100 50 100 0.01 0.52
77893 200000 100 50 100 0.01 0.52
78876 200000 100 50 100 0.01 0.52
77830 200000 100 50 100 0.01 0.54
78300 200000 100 50 100 0.01 0.54
78613 200000 100 50 100 0.01 0.54
78889 200000 100 50 100 0.01 0.54
129581 200000 100 50 100 0.01 0.56
48763 72587 100 50 100 0.01 0.56
148078 200000 100 50 100 0.01 0.56
91825 200000 100 50 100 0.01 0.56
57789 145507 100 50 100 0.01 0.58
79485 200000 100 50 100 0.01 0.58
79221 200000 100 50 100 0.01 0.58
78885 200000 100 50 100 0.01 0.58
27515 68985 100 50 100 0.01 0.6
23506 59123 100 50 100 0.01 0.6
57343 143595 100 50 100 0.01 0.6
61104 156566 100 50 100 0.01 0.6
19995 50190 100 50 100 0.01 0.62
39445 99099 100 50 100 0.01 0.62
38675 96949 100 50 100 0.01 0.62
39454 100248 100 50 100 0.01 0.62
10404 26186 100 50 100 0.01 0.64
4467 11239 100 50 100 0.01 0.64
11088 27910 100 50 100 0.01 0.64
9975 25377 100 50 100 0.01 0.64
11130 27763 100 50 100 0.01 0.66
12819 32185 100 50 100 0.01 0.66
13042 32640 100 50 100 0.01 0.66
19946 50405 100 50 100 0.01 0.66
9560 23972 100 50 100 0.01 0.68
8034 20196 100 50 100 0.01 0.68
3682 9237 100 50 100 0.01 0.68
15862 39819 100 50 100 0.01 0.68
6958 17399 100 50 100 0.01 0.7
3729 9314 100 50 100 0.01 0.7
4855 12161 100 50 100 0.01 0.7
7112 17843 100 50 100 0.01 0.7
77873 130501 100 50 100 0.015 0.5
131202 200000 100 50 100 0.015 0.5
138769 200000 100 50 100 0.015 0.5
104794 187822 100 50 100 0.015 0.5
47756 120954 100 50 100 0.015 0.52
32165 81069 100 50 100 0.015 0.52
16687 42273 100 50 100 0.015 0.52
77748 200000 100 50 100 0.015 0.52
79929 200000 100 50 100 0.015 0.54
16959 42925 100 50 100 0.015 0.54
79688 200000 100 50 100 0.015 0.54
48084 123306 100 50 100 0.015 0.54
41033 103114 100 50 100 0.015 0.56
29508 73805 100 50 100 0.015 0.56
19348 48811 100 50 100 0.015 0.56
53650 134636 100 50 100 0.015 0.56
9142 22292 100 50 100 0.015 0.58
14761 36966 100 50 100 0.015 0.58
15776 38765 100 50 100 0.015 0.58
14902 37709 100 50 100 0.015 0.58
14373 35988 100 50 100 0.015 0.6
15194 38245 100 50 100 0.015 0.6
42515 106614 100 50 100 0.015 0.6
11298 28840 100 50 100 0.015 0.6
5601 14025 100 50 100 0.015 0.62
3455 8646 100 50 100 0.015 0.62
23240 58839 100 50 100 0.015 0.62
11795 30215 100 50 100 0.015 0.62
5617 14025 100 50 100 0.015 0.64
5473 13700 100 50 100 0.015 0.64
7315 18271 100 50 100 0.015 0.64
6607 16617 100 50 100 0.015 0.64
2436 6074 100 50 100 0.015 0.66
3338 8311 100 50 100 0.015 0.66
7290 18247 100 50 100 0.015 0.66
4771 12235 100 50 100 0.015 0.66
2139 5408 100 50 100 0.015 0.68
1963 4920 100 50 100 0.015 0.68
1604 4064 100 50 100 0.015 0.68
2545 6398 100 50 100 0.015 0.68
1102 1751 100 50 100 0.015 0.7
1504 2244 100 50 100 0.015 0.7
1460 1977 100 50 100 0.015 0.7
1813 3196 100 50 100 0.015 0.7
49609 124463 100 50 100 0.02 0.5
21246 53199 100 50 100 0.02 0.5
29241 73682 100 50 100 0.02 0.5
78478 200000 100 50 100 0.02 0.5
18453 46102 100 50 100 0.02 0.52
19537 49864 100 50 100 0.02 0.52
12754 31921 100 50 100 0.02 0.52
32145 80794 100 50 100 0.02 0.52
10939 27695 100 50 100 0.02 0.54
6652 16881 100 50 100 0.02 0.54
10281 26173 100 50 100 0.02 0.54
35624 90814 100 50 100 0.02 0.54
5839 4348 100 50 100 0.02 0.56
11695 11342 100 50 100 0.02 0.56
30985 50138 100 50 100 0.02 0.56
4450 11420 100 50 100 0.02 0.56
2057 5174 100 50 100 0.02 0.58
14909 37257 100 50 100 0.02 0.58
18932 47518 100 50 100 0.02 0.58
7349 18838 100 50 100 0.02 0.58
3183 8034 100 50 100 0.02 0.6
6596 16561 100 50 100 0.02 0.6
6780 17018 100 50 100 0.02 0.6
3557 8953 100 50 100 0.02 0.6
1836 4483 100 50 100 0.02 0.62
6103 15228 100 50 100 0.02 0.62
6406 15882 100 50 100 0.02 0.62
3822 9688 100 50 100 0.02 0.62
1083 2778 100 50 100 0.02 0.64
1288 3195 100 50 100 0.02 0.64
1247 3171 100 50 100 0.02 0.64
1533 3843 100 50 100 0.02 0.64
892 2263 100 50 100 0.02 0.66
1140 2884 100 50 100 0.02 0.66
1419 3567 100 50 100 0.02 0.66
1089 2788 100 50 100 0.02 0.66
365 931 100 50 100 0.02 0.68
184 481 100 50 100 0.02 0.68
634 1615 100 50 100 0.02 0.68
558 1451 100 50 100 0.02 0.68
529 1335 100 50 100 0.02 0.7
285 735 100 50 100 0.02 0.7
754 1895 100 50 100 0.02 0.7
221 573 100 50 100 0.02 0.7
83836 200000 100 50 125 0.01 0.5
80922 200000 100 50 125 0.01 0.5
84093 200000 100 50 125 0.01 0.5
83363 200000 100 50 125 0.01 0.5
83361 200000 100 50 125 0.01 0.52
82939 200000 100 50 125 0.01 0.52
83535 200000 100 50 125 0.01 0.52
83049 200000 100 50 125 0.01 0.52
84929 200000 100 50 125 0.01 0.54
82888 200000 100 50 125 0.01 0.54
84301 200000 100 50 125 0.01 0.54
84636 198163 100 50 125 0.01 0.54
84605 200000 100 50 125 0.01 0.56
84666 200000 100 50 125 0.01 0.56
85281 200000 100 50 125 0.01 0.56
84984 200000 100 50 125 0.01 0.56
47686 111755 100 50 125 0.01 0.58
56983 132475 100 50 125 0.01 0.58
85516 200000 100 50 125 0.01 0.58
53086 125916 100 50 125 0.01 0.58
85936 200000 100 50 125 0.01 0.6
12836 29955 100 50 125 0.01 0.6
33794 78900 100 50 125 0.01 0.6
85688 200000 100 50 125 0.01 0.6
24877 58147 100 50 125 0.01 0.62
66413 154251 100 50 125 0.01 0.62
86305 200000 100 50 125 0.01 0.62
16367 38777 100 50 125 0.01 0.62
19302 44911 100 50 125 0.01 0.64
9392 21920 100 50 125 0.01 0.64
25757 59962 100 50 125 0.01 0.64
22459 53194 100 50 125 0.01 0.64
11597 27044 100 50 125 0.01 0.66
10367 24152 100 50 125 0.01 0.66
27905 64993 100 50 125 0.01 0.66
27786 66002 100 50 125 0.01 0.66
3900 9075 100 50 125 0.01 0.68
4456 10426 100 50 125 0.01 0.68
8434 19515 100 50 125 0.01 0.68
16887 39954 100 50 125 0.01 0.68
1931 4533 100 50 125 0.01 0.7
3495 8123 100 50 125 0.01 0.7
6072 14134 100 50 125 0.01 0.7
5616 13376 100 50 125 0.01 0.7
83760 200000 100 50 125 0.015 0.5
60447 143890 100 50 125 0.015 0.5
64064 151725 100 50 125 0.015 0.5
82163 200000 100 50 125 0.015 0.5
42401 98882 100 50 125 0.015 0.52
85638 200000 100 50 125 0.015 0.52
84319 200000 100 50 125 0.015 0.52
82071 200000 100 50 125 0.015 0.52
57138 87291 100 50 125 0.015 0.54
50682 77920 100 50 125 0.015 0.54
80643 109267 100 50 125 0.015 0.54
34181 55069 100 50 125 0.015 0.54
49978 115976 100 50 125 0.015 0.56
8637 20198 100 50 125 0.015 0.56
28942 67504 100 50 125 0.015 0.56
33758 79444 100 50 125 0.015 0.56
37204 86109 100 50 125 0.015 0.58
30653 71025 100 50 125 0.015 0.58
86089 200000 100 50 125 0.015 0.58
33641 79597 100 50 125 0.015 0.58
24612 56787 100 50 125 0.015 0.6
3643 8553 100 50 125 0.015 0.6
28836 66654 100 50 125 0.015 0.6
2632 6266 100 50 125 0.015 0.6
3171 7506 100 50 125 0.015 0.62
18356 42676 100 50 125 0.015 0.62
8260 19305 100 50 125 0.015 0.62
14944 34782 100 50 125 0.015 0.62
7877 18322 100 50 125 0.015 0.64
3729 8627 100 50 125 0.015 0.64
8638 20038 100 50 125 0.015 0.64
5043 11806 100 50 125 0.015 0.64
2102 4977 100 50 125 0.015 0.66
1054 2389 100 50 125 0.015 0.66
2945 6779 100 50 125 0.015 0.66
3946 9339 100 50 125 0.015 0.66
899 2105 100 50 125 0.015 0.68
3195 7390 100 50 125 0.015 0.68
5009 11594 100 50 125 0.015 0.68
1075 2588 100 50 125 0.015 0.68
932 2237 100 50 125 0.015 0.7
761 1813 100 50 125 0.015 0.7
955 2257 100 50 125 0.015 0.7
846 1998 100 50 125 0.015 0.7
20845 48997 100 50 125 0.02 0.5
22133 52822 100 50 125 0.02 0.5
19742 45712 100 50 125 0.02 0.5
71594 169483 100 50 125 0.02 0.5
15214 35563 100 50 125 0.02 0.52
13458 31689 100 50 125 0.02 0.52
9564 22519 100 50 125 0.02 0.52
23288 54478 100 50 125 0.02 0.52
